Reflectance_Filename,Site_Name,Commanded_View_Azimuth,Commanded_View_Zenith,True_Average_View_Azimuth,True_Std_Dev_View_Azimuth,True_Average_View_Zenith,True_Std_Dev_View_Zenith,350,351,352,353,354,355,356,357,358,359,360,361,362,363,364,365,366,367,368,369,370,371,372,373,374,375,376,377,378,379,380,381,382,383,384,385,386,387,388,389,390,391,392,393,394,395,396,397,398,399,400,401,402,403,404,405,406,407,408,409,410,411,412,413,414,415,416,417,418,419,420,421,422,423,424,425,426,427,428,429,430,431,432,433,434,435,436,437,438,439,440,441,442,443,444,445,446,447,448,449,450,451,452,453,454,455,456,457,458,459,460,461,462,463,464,465,466,467,468,469,470,471,472,473,474,475,476,477,478,479,480,481,482,483,484,485,486,487,488,489,490,491,492,493,494,495,496,497,498,499,500,501,502,503,504,505,506,507,508,509,510,511,512,513,514,515,516,517,518,519,520,521,522,523,524,525,526,527,528,529,530,531,532,533,534,535,536,537,538,539,540,541,542,543,544,545,546,547,548,549,550,551,552,553,554,555,556,557,558,559,560,561,562,563,564,565,566,567,568,569,570,571,572,573,574,575,576,577,578,579,580,581,582,583,584,585,586,587,588,589,590,591,592,593,594,595,596,597,598,599,600,601,602,603,604,605,606,607,608,609,610,611,612,613,614,615,616,617,618,619,620,621,622,623,624,625,626,627,628,629,630,631,632,633,634,635,636,637,638,639,640,641,642,643,644,645,646,647,648,649,650,651,652,653,654,655,656,657,658,659,660,661,662,663,664,665,666,667,668,669,670,671,672,673,674,675,676,677,678,679,680,681,682,683,684,685,686,687,688,689,690,691,692,693,694,695,696,697,698,699,700,701,702,703,704,705,706,707,708,709,710,711,712,713,714,715,716,717,718,719,720,721,722,723,724,725,726,727,728,729,730,731,732,733,734,735,736,737,738,739,740,741,742,743,744,745,746,747,748,749,750,751,752,753,754,755,756,757,758,759,760,761,762,763,764,765,766,767,768,769,770,771,772,773,774,775,776,777,778,779,780,781,782,783,784,785,786,787,788,789,790,791,792,793,794,795,796,797,798,799,800,801,802,803,804,805,806,807,808,809,810,811,812,813,814,815,816,817,818,819,820,821,822,823,824,825,826,827,828,829,830,831,832,833,834,835,836,837,838,839,840,841,842,843,844,845,846,847,848,849,850,851,852,853,854,855,856,857,858,859,860,861,862,863,864,865,866,867,868,869,870,871,872,873,874,875,876,877,878,879,880,881,882,883,884,885,886,887,888,889,890,891,892,893,894,895,896,897,898,899,900,901,902,903,904,905,906,907,908,909,910,911,912,913,914,915,916,917,918,919,920,921,922,923,924,925,926,927,928,929,930,931,932,933,934,935,936,937,938,939,940,941,942,943,944,945,946,947,948,949,950,951,952,953,954,955,956,957,958,959,960,961,962,963,964,965,966,967,968,969,970,971,972,973,974,975,976,977,978,979,980,981,982,983,984,985,986,987,988,989,990,991,992,993,994,995,996,997,998,999,1000,1001,1002,1003,1004,1005,1006,1007,1008,1009,1010,1011,1012,1013,1014,1015,1016,1017,1018,1019,1020,1021,1022,1023,1024,1025,1026,1027,1028,1029,1030,1031,1032,1033,1034,1035,1036,1037,1038,1039,1040,1041,1042,1043,1044,1045,1046,1047,1048,1049,1050,1051,1052,1053,1054,1055,1056,1057,1058,1059,1060,1061,1062,1063,1064,1065,1066,1067,1068,1069,1070,1071,1072,1073,1074,1075,1076,1077,1078,1079,1080,1081,1082,1083,1084,1085,1086,1087,1088,1089,1090,1091,1092,1093,1094,1095,1096,1097,1098,1099,1100,1101,1102,1103,1104,1105,1106,1107,1108,1109,1110,1111,1112,1113,1114,1115,1116,1117,1118,1119,1120,1121,1122,1123,1124,1125,1126,1127,1128,1129,1130,1131,1132,1133,1134,1135,1136,1137,1138,1139,1140,1141,1142,1143,1144,1145,1146,1147,1148,1149,1150,1151,1152,1153,1154,1155,1156,1157,1158,1159,1160,1161,1162,1163,1164,1165,1166,1167,1168,1169,1170,1171,1172,1173,1174,1175,1176,1177,1178,1179,1180,1181,1182,1183,1184,1185,1186,1187,1188,1189,1190,1191,1192,1193,1194,1195,1196,1197,1198,1199,1200,1201,1202,1203,1204,1205,1206,1207,1208,1209,1210,1211,1212,1213,1214,1215,1216,1217,1218,1219,1220,1221,1222,1223,1224,1225,1226,1227,1228,1229,1230,1231,1232,1233,1234,1235,1236,1237,1238,1239,1240,1241,1242,1243,1244,1245,1246,1247,1248,1249,1250,1251,1252,1253,1254,1255,1256,1257,1258,1259,1260,1261,1262,1263,1264,1265,1266,1267,1268,1269,1270,1271,1272,1273,1274,1275,1276,1277,1278,1279,1280,1281,1282,1283,1284,1285,1286,1287,1288,1289,1290,1291,1292,1293,1294,1295,1296,1297,1298,1299,1300,1301,1302,1303,1304,1305,1306,1307,1308,1309,1310,1311,1312,1313,1314,1315,1316,1317,1318,1319,1320,1321,1322,1323,1324,1325,1326,1327,1328,1329,1330,1331,1332,1333,1334,1335,1336,1337,1338,1339,1340,1341,1342,1343,1344,1345,1346,1347,1348,1349,1350,1351,1352,1353,1354,1355,1356,1357,1358,1359,1360,1361,1362,1363,1364,1365,1366,1367,1368,1369,1370,1371,1372,1373,1374,1375,1376,1377,1378,1379,1380,1381,1382,1383,1384,1385,1386,1387,1388,1389,1390,1391,1392,1393,1394,1395,1396,1397,1398,1399,1400,1401,1402,1403,1404,1405,1406,1407,1408,1409,1410,1411,1412,1413,1414,1415,1416,1417,1418,1419,1420,1421,1422,1423,1424,1425,1426,1427,1428,1429,1430,1431,1432,1433,1434,1435,1436,1437,1438,1439,1440,1441,1442,1443,1444,1445,1446,1447,1448,1449,1450,1451,1452,1453,1454,1455,1456,1457,1458,1459,1460,1461,1462,1463,1464,1465,1466,1467,1468,1469,1470,1471,1472,1473,1474,1475,1476,1477,1478,1479,1480,1481,1482,1483,1484,1485,1486,1487,1488,1489,1490,1491,1492,1493,1494,1495,1496,1497,1498,1499,1500,1501,1502,1503,1504,1505,1506,1507,1508,1509,1510,1511,1512,1513,1514,1515,1516,1517,1518,1519,1520,1521,1522,1523,1524,1525,1526,1527,1528,1529,1530,1531,1532,1533,1534,1535,1536,1537,1538,1539,1540,1541,1542,1543,1544,1545,1546,1547,1548,1549,1550,1551,1552,1553,1554,1555,1556,1557,1558,1559,1560,1561,1562,1563,1564,1565,1566,1567,1568,1569,1570,1571,1572,1573,1574,1575,1576,1577,1578,1579,1580,1581,1582,1583,1584,1585,1586,1587,1588,1589,1590,1591,1592,1593,1594,1595,1596,1597,1598,1599,1600,1601,1602,1603,1604,1605,1606,1607,1608,1609,1610,1611,1612,1613,1614,1615,1616,1617,1618,1619,1620,1621,1622,1623,1624,1625,1626,1627,1628,1629,1630,1631,1632,1633,1634,1635,1636,1637,1638,1639,1640,1641,1642,1643,1644,1645,1646,1647,1648,1649,1650,1651,1652,1653,1654,1655,1656,1657,1658,1659,1660,1661,1662,1663,1664,1665,1666,1667,1668,1669,1670,1671,1672,1673,1674,1675,1676,1677,1678,1679,1680,1681,1682,1683,1684,1685,1686,1687,1688,1689,1690,1691,1692,1693,1694,1695,1696,1697,1698,1699,1700,1701,1702,1703,1704,1705,1706,1707,1708,1709,1710,1711,1712,1713,1714,1715,1716,1717,1718,1719,1720,1721,1722,1723,1724,1725,1726,1727,1728,1729,1730,1731,1732,1733,1734,1735,1736,1737,1738,1739,1740,1741,1742,1743,1744,1745,1746,1747,1748,1749,1750,1751,1752,1753,1754,1755,1756,1757,1758,1759,1760,1761,1762,1763,1764,1765,1766,1767,1768,1769,1770,1771,1772,1773,1774,1775,1776,1777,1778,1779,1780,1781,1782,1783,1784,1785,1786,1787,1788,1789,1790,1791,1792,1793,1794,1795,1796,1797,1798,1799,1800,1801,1802,1803,1804,1805,1806,1807,1808,1809,1810,1811,1812,1813,1814,1815,1816,1817,1818,1819,1820,1821,1822,1823,1824,1825,1826,1827,1828,1829,1830,1831,1832,1833,1834,1835,1836,1837,1838,1839,1840,1841,1842,1843,1844,1845,1846,1847,1848,1849,1850,1851,1852,1853,1854,1855,1856,1857,1858,1859,1860,1861,1862,1863,1864,1865,1866,1867,1868,1869,1870,1871,1872,1873,1874,1875,1876,1877,1878,1879,1880,1881,1882,1883,1884,1885,1886,1887,1888,1889,1890,1891,1892,1893,1894,1895,1896,1897,1898,1899,1900,1901,1902,1903,1904,1905,1906,1907,1908,1909,1910,1911,1912,1913,1914,1915,1916,1917,1918,1919,1920,1921,1922,1923,1924,1925,1926,1927,1928,1929,1930,1931,1932,1933,1934,1935,1936,1937,1938,1939,1940,1941,1942,1943,1944,1945,1946,1947,1948,1949,1950,1951,1952,1953,1954,1955,1956,1957,1958,1959,1960,1961,1962,1963,1964,1965,1966,1967,1968,1969,1970,1971,1972,1973,1974,1975,1976,1977,1978,1979,1980,1981,1982,1983,1984,1985,1986,1987,1988,1989,1990,1991,1992,1993,1994,1995,1996,1997,1998,1999,2000,2001,2002,2003,2004,2005,2006,2007,2008,2009,2010,2011,2012,2013,2014,2015,2016,2017,2018,2019,2020,2021,2022,2023,2024,2025,2026,2027,2028,2029,2030,2031,2032,2033,2034,2035,2036,2037,2038,2039,2040,2041,2042,2043,2044,2045,2046,2047,2048,2049,2050,2051,2052,2053,2054,2055,2056,2057,2058,2059,2060,2061,2062,2063,2064,2065,2066,2067,2068,2069,2070,2071,2072,2073,2074,2075,2076,2077,2078,2079,2080,2081,2082,2083,2084,2085,2086,2087,2088,2089,2090,2091,2092,2093,2094,2095,2096,2097,2098,2099,2100,2101,2102,2103,2104,2105,2106,2107,2108,2109,2110,2111,2112,2113,2114,2115,2116,2117,2118,2119,2120,2121,2122,2123,2124,2125,2126,2127,2128,2129,2130,2131,2132,2133,2134,2135,2136,2137,2138,2139,2140,2141,2142,2143,2144,2145,2146,2147,2148,2149,2150,2151,2152,2153,2154,2155,2156,2157,2158,2159,2160,2161,2162,2163,2164,2165,2166,2167,2168,2169,2170,2171,2172,2173,2174,2175,2176,2177,2178,2179,2180,2181,2182,2183,2184,2185,2186,2187,2188,2189,2190,2191,2192,2193,2194,2195,2196,2197,2198,2199,2200,2201,2202,2203,2204,2205,2206,2207,2208,2209,2210,2211,2212,2213,2214,2215,2216,2217,2218,2219,2220,2221,2222,2223,2224,2225,2226,2227,2228,2229,2230,2231,2232,2233,2234,2235,2236,2237,2238,2239,2240,2241,2242,2243,2244,2245,2246,2247,2248,2249,2250,2251,2252,2253,2254,2255,2256,2257,2258,2259,2260,2261,2262,2263,2264,2265,2266,2267,2268,2269,2270,2271,2272,2273,2274,2275,2276,2277,2278,2279,2280,2281,2282,2283,2284,2285,2286,2287,2288,2289,2290,2291,2292,2293,2294,2295,2296,2297,2298,2299,2300,2301,2302,2303,2304,2305,2306,2307,2308,2309,2310,2311,2312,2313,2314,2315,2316,2317,2318,2319,2320,2321,2322,2323,2324,2325,2326,2327,2328,2329,2330,2331,2332,2333,2334,2335,2336,2337,2338,2339,2340,2341,2342,2343,2344,2345,2346,2347,2348,2349,2350,2351,2352,2353,2354,2355,2356,2357,2358,2359,2360,2361,2362,2363,2364,2365,2366,2367,2368,2369,2370,2371,2372,2373,2374,2375,2376,2377,2378,2379,2380,2381,2382,2383,2384,2385,2386,2387,2388,2389,2390,2391,2392,2393,2394,2395,2396,2397,2398,2399,2400,2401,2402,2403,2404,2405,2406,2407,2408,2409,2410,2411,2412,2413,2414,2415,2416,2417,2418,2419,2420,2421,2422,2423,2424,2425,2426,2427,2428,2429,2430,2431,2432,2433,2434,2435,2436,2437,2438,2439,2440,2441,2442,2443,2444,2445,2446,2447,2448,2449,2450,2451,2452,2453,2454,2455,2456,2457,2458,2459,2460,2461,2462,2463,2464,2465,2466,2467,2468,2469,2470,2471,2472,2473,2474,2475,2476,2477,2478,2479,2480,2481,2482,2483,2484,2485,2486,2487,2488,2489,2490,2491,2492,2493,2494,2495,2496,2497,2498,2499,2500
/data/asd/1/1549990858-00.asd,sp2_run8,0,60,0,0,56.0904,0,0.044706421,0.051797779,0.055527058,0.051957763,0.051781795,0.057200035,0.058967583,0.059185284,0.05920187,0.06322155,0.058409815,0.056903795,0.059343147,0.058768514,0.060582343,0.060611341,0.054955866,0.058297568,0.05852621,0.058080312,0.059834818,0.061154736,0.057846887,0.054835603,0.0581784,0.06062585,0.060475684,0.05855656,0.060163415,0.05997479,0.058865466,0.057899006,0.059580842,0.059549153,0.058790667,0.060860867,0.061980742,0.062058211,0.064065378,0.062760252,0.062129319,0.062583016,0.062920727,0.062106803,0.062868799,0.063470102,0.061484919,0.062055596,0.064002764,0.064627169,0.06495907,0.065210822,0.065403431,0.065310922,0.063728435,0.064378853,0.066205508,0.065344361,0.067205495,0.067235478,0.065978831,0.067240355,0.068418598,0.068820323,0.069028939,0.067829694,0.066257786,0.067019279,0.0682709,0.068039661,0.068331625,0.069466905,0.069563931,0.070538823,0.071424343,0.070861913,0.071437893,0.071293466,0.071509139,0.072009588,0.071658021,0.072027681,0.072962448,0.073130604,0.074024406,0.07403902,0.074258337,0.0754101,0.075236939,0.075058684,0.076307671,0.07590587,0.075908943,0.076521765,0.07677299,0.077740028,0.078303426,0.078232984,0.07842412,0.07879046,0.079035176,0.078862224,0.078926784,0.079750731,0.080628426,0.07990674,0.080573117,0.080928912,0.080410197,0.081100617,0.081119704,0.081318412,0.081906691,0.082139928,0.082384971,0.082854366,0.082624563,0.083062464,0.083212085,0.08333228,0.083618417,0.083709194,0.084015081,0.08469205,0.084787099,0.085200008,0.085546455,0.085230551,0.085681498,0.086081416,0.086449378,0.086630858,0.086774209,0.087000714,0.087187939,0.087490852,0.087611535,0.087751309,0.088437562,0.088512686,0.088944856,0.089644031,0.089702894,0.090064168,0.090155651,0.089997438,0.090935314,0.091199992,0.091168654,0.091668705,0.091940794,0.092187072,0.092710266,0.092928238,0.093059131,0.093589856,0.093835736,0.094235439,0.094617545,0.094760093,0.095017642,0.095678676,0.096081788,0.096194555,0.096551159,0.096801065,0.097256429,0.097767004,0.097903413,0.098488407,0.098582832,0.098874962,0.099099706,0.099296315,0.0998483,0.100269217,0.100261854,0.100431211,0.10090932,0.101431721,0.101715235,0.102045229,0.102062773,0.102457642,0.103165472,0.103297428,0.103603914,0.103990373,0.104156707,0.10469417,0.104553467,0.10504302,0.10573437,0.105772759,0.106132897,0.106669865,0.106996364,0.107072592,0.10719854,0.107540202,0.108038365,0.108326454,0.108521145,0.108708399,0.108821637,0.109095667,0.109275372,0.109560022,0.109858441,0.110067252,0.110226497,0.1104674,0.110816006,0.11097055,0.110967156,0.11118773,0.111358807,0.111620674,0.111793908,0.112112661,0.112245392,0.112115554,0.112203446,0.112572574,0.112715978,0.11283371,0.113051954,0.113314196,0.11351046,0.113479702,0.11370832,0.113930052,0.113964279,0.11400478,0.114040963,0.114269213,0.114471929,0.11435146,0.114392057,0.114514361,0.114513804,0.114524723,0.114674322,0.114741354,0.114724853,0.114663583,0.11485724,0.114957493,0.114768799,0.114733933,0.114839067,0.11489231,0.115016319,0.115041276,0.11513958,0.115310786,0.115270701,0.115190574,0.115160193,0.115266011,0.115246556,0.115031664,0.114968683,0.115104131,0.115268228,0.115106175,0.11512668,0.115218859,0.115205094,0.115284764,0.115298024,0.115372587,0.115526003,0.115427612,0.11544185,0.115494481,0.115459222,0.115433427,0.115526483,0.115614036,0.115541181,0.115578198,0.115616827,0.115825358,0.115498134,0.115454318,0.115538033,0.115602523,0.115622737,0.115488088,0.115486364,0.115451248,0.115503892,0.115556291,0.11563414,0.115577024,0.115549525,0.115591721,0.115768148,0.115700907,0.115628686,0.115610488,0.115678625,0.115665502,0.115560494,0.115486828,0.115547414,0.115432162,0.115424634,0.115367428,0.115286487,0.115156571,0.115141826,0.115139226,0.115045128,0.115039751,0.115000957,0.114950789,0.114881153,0.114993904,0.114992876,0.115067561,0.11518825,0.115188756,0.115269258,0.11534573,0.115400119,0.115562656,0.115785127,0.115845469,0.115923666,0.115825297,0.11594536,0.116333391,0.116316813,0.116425944,0.116619701,0.11649888,0.116513525,0.116672817,0.116730539,0.116838157,0.116937141,0.117138594,0.117263188,0.117247642,0.117202685,0.11747549,0.117542782,0.117702304,0.117812146,0.117913799,0.118232546,0.118218356,0.118212366,0.118511237,0.118587981,0.118718913,0.118899271,0.118800109,0.119100139,0.119308093,0.119331978,0.119475715,0.119573303,0.119592809,0.119774622,0.119908162,0.12002722,0.120248311,0.12029109,0.120565877,0.120677323,0.120649271,0.120744717,0.120834241,0.120863781,0.120991773,0.121014302,0.121160305,0.12141203,0.121338805,0.121587523,0.121714701,0.121842682,0.122224327,0.122149297,0.122178398,0.122384397,0.122439659,0.122689029,0.122858,0.122902322,0.123056074,0.123264737,0.123534368,0.123780695,0.123927139,0.124118285,0.124196838,0.124242603,0.124330421,0.124597805,0.124751926,0.124967225,0.125074308,0.12504999,0.125133991,0.125220225,0.125315128,0.125539175,0.125576316,0.125782627,0.125768945,0.12572918,0.126109105,0.12619214,0.126262551,0.126446027,0.126430757,0.126757078,0.127041469,0.127105383,0.127574578,0.127534682,0.127491276,0.127892349,0.127965793,0.12809518,0.12826517,0.128303405,0.128477462,0.128657836,0.128997539,0.128991925,0.129222339,0.129202201,0.129514641,0.129560302,0.129557487,0.129705764,0.129845576,0.130048834,0.130342329,0.130205392,0.130476847,0.130583267,0.130591998,0.130838259,0.130954085,0.130895734,0.131008047,0.130892282,0.131236991,0.131642886,0.131417208,0.131517697,0.131473226,0.131754075,0.131967469,0.13205256,0.132103216,0.132135706,0.131988379,0.132319233,0.132666854,0.13279156,0.132773546,0.132796715,0.13267225,0.133007514,0.133217595,0.13324423,0.133385673,0.13301573,0.133306549,0.133938453,0.133449864,0.133874302,0.133645207,0.13366046,0.133909675,0.133773485,0.133970465,0.134061325,0.133732362,0.134355937,0.133911619,0.134239039,0.13426414,0.133977062,0.13436615,0.134508876,0.134380218,0.134639607,0.135017724,0.134483139,0.134372222,0.134998245,0.134023636,0.134446113,0.134555976,0.134022697,0.134935736,0.134906331,0.134915203,0.135165932,0.135542039,0.13520926,0.135391879,0.134949733,0.136004078,0.135469077,0.134854114,0.134324613,0.135096398,0.13589394,0.135760141,0.135571041,0.135515781,0.135739645,0.135716763,0.13679102,0.136208095,0.135834261,0.136316435,0.136128392,0.136115771,0.135839405,0.136713986,0.135790504,0.135709758,0.136356314,0.136294235,0.136937562,0.136861992,0.136453862,0.136319286,0.136508048,0.137152843,0.136256221,0.136453546,0.136646261,0.136639654,0.13664819,0.137072893,0.137056862,0.136808247,0.1370148,0.137188001,0.13706481,0.137266498,0.136917625,0.1375503,0.137638673,0.137621206,0.13776049,0.137866951,0.13752613,0.138061703,0.138141453,0.138449735,0.138396505,0.138661306,0.138911485,0.139043389,0.13890373,0.138627495,0.138645735,0.138758224,0.138643855,0.13891865,0.139514336,0.139367698,0.139481274,0.139750878,0.139500275,0.139594802,0.139886423,0.139954171,0.13979322,0.139744984,0.1398607,0.140253906,0.140141082,0.139963892,0.140178472,0.140258072,0.140653958,0.140699064,0.140289001,0.140481986,0.140692948,0.140332632,0.140726578,0.14067112,0.141516817,0.140895141,0.140597709,0.14125703,0.141309209,0.141852824,0.142010611,0.141176327,0.141560863,0.142490763,0.141953101,0.142172654,0.142707508,0.142224,0.142505815,0.142109605,0.141747908,0.142929627,0.142556573,0.143301249,0.143883717,0.143241049,0.14402589,0.143886286,0.143726931,0.144535126,0.143569103,0.144019388,0.144604727,0.14337049,0.143906994,0.144524872,0.144561439,0.144586888,0.144746147,0.145370511,0.145833363,0.144671613,0.145569255,0.145486045,0.143939185,0.146531922,0.145007013,0.144105619,0.146458624,0.145691458,0.146273081,0.147167356,0.146496061,0.146162175,0.145905358,0.145561513,0.146816392,0.145809194,0.146968463,0.147017168,0.146738813,0.147119898,0.147108757,0.147469387,0.147510363,0.147146612,0.146908894,0.146764958,0.146802978,0.146861385,0.147028187,0.147692412,0.147848395,0.147383265,0.147204332,0.146893661,0.14736609,0.147653322,0.147859009,0.148017738,0.148051678,0.148192292,0.148612125,0.148533148,0.148193756,0.148325959,0.148925896,0.148890391,0.149114344,0.149173661,0.148999637,0.14855226,0.149091603,0.149380181,0.149179396,0.149296321,0.149300458,0.149566175,0.149602595,0.149589774,0.149687878,0.150078462,0.150000254,0.150233018,0.150213555,0.149600067,0.149118698,0.148943822,0.149024896,0.149218708,0.149371575,0.14963006,0.15013408,0.150303115,0.150182437,0.150055929,0.149727347,0.149638335,0.149878076,0.150235872,0.150241431,0.150329508,0.149966554,0.149645069,0.14957118,0.14940392,0.149573613,0.149449654,0.149693617,0.150141381,0.150276206,0.150182731,0.150324135,0.150295385,0.149888878,0.149825237,0.149531932,0.149530048,0.149628001,0.14963758,0.149990751,0.150236514,0.150333427,0.150712883,0.150671941,0.150565198,0.150332147,0.150109221,0.150026207,0.150145604,0.150319726,0.150409208,0.150545535,0.150501025,0.150553216,0.150765626,0.150842992,0.15094729,0.151015183,0.151000891,0.151094744,0.151126733,0.151244312,0.151118389,0.151050118,0.150993884,0.151186601,0.151123549,0.151177785,0.151324288,0.151527611,0.151742305,0.151687087,0.151931878,0.152018536,0.151809074,0.151732254,0.15183103,0.15206384,0.152307051,0.152303977,0.152309821,0.152213699,0.1521021,0.151980615,0.152100026,0.152171149,0.152115818,0.152015468,0.152236219,0.15205924,0.151912411,0.152120416,0.151997963,0.151972263,0.15210239,0.151990905,0.151931272,0.151872465,0.151705059,0.151492054,0.151496817,0.151403895,0.151343362,0.151271017,0.151200045,0.151106172,0.150969341,0.150801357,0.150674925,0.150599954,0.150458087,0.150539061,0.150448633,0.150353894,0.150294105,0.150317072,0.150336805,0.150246771,0.150457292,0.150536681,0.150463752,0.150214451,0.150255502,0.150268088,0.150065635,0.150186415,0.150277341,0.150352274,0.150512874,0.150753067,0.150879093,0.150951926,0.15107706,0.151059571,0.150994303,0.15102985,0.151060611,0.151161009,0.151101257,0.151104506,0.151149044,0.151330949,0.151372665,0.151562536,0.151647388,0.151592411,0.151733931,0.151775523,0.152081188,0.152158605,0.152064827,0.152129291,0.152166076,0.152160005,0.152453582,0.152557542,0.152711608,0.152670403,0.152573359,0.152750198,0.152762175,0.152920311,0.153207885,0.153272732,0.153330421,0.153310502,0.153354073,0.153435637,0.153540697,0.153816317,0.154091743,0.154265802,0.154414615,0.154342868,0.154436319,0.154469985,0.154563061,0.154589357,0.154835156,0.155022098,0.155078675,0.155288897,0.155490437,0.155532288,0.155868216,0.15589984,0.155836364,0.155923205,0.156070038,0.156008766,0.155970409,0.156046802,0.156250813,0.156381877,0.156654923,0.15684026,0.156887822,0.156845297,0.157094068,0.15745521,0.157721439,0.157908234,0.15796004,0.158044325,0.158059513,0.158036207,0.158117255,0.158179866,0.158289466,0.158535612,0.158597992,0.158595159,0.15873956,0.158805944,0.158799517,0.158858211,0.158898502,0.159114331,0.159178697,0.159310164,0.159556239,0.15958597,0.159641018,0.159811781,0.16002379,0.160187573,0.160242677,0.160391303,0.160474954,0.160573342,0.160773323,0.160898531,0.160980318,0.161026656,0.160920361,0.161018053,0.161361507,0.161428813,0.161485912,0.16161445,0.161695499,0.16169576,0.161786713,0.161942708,0.161886914,0.161576668,0.161648133,0.161724395,0.161797723,0.162093663,0.162217679,0.162191954,0.162216141,0.162218186,0.162322575,0.162560762,0.162636687,0.16258959,0.162505744,0.162487164,0.162479049,0.162420887,0.162461232,0.162587353,0.162645816,0.162717679,0.162898213,0.162839727,0.162594206,0.162523749,0.162412584,0.162399403,0.162543925,0.1624826,0.162309129,0.162193852,0.161956641,0.161993526,0.162378828,0.162360253,0.162192981,0.162109134,0.161915137,0.161761366,0.161872437,0.161765423,0.161548556,0.161362661,0.161196941,0.161092592,0.160993772,0.160954079,0.160751945,0.160514805,0.16033771,0.160087733,0.159905025,0.159881261,0.159740435,0.159417981,0.159237445,0.15900957,0.158864828,0.158864044,0.158786675,0.158622098,0.158463936,0.158302795,0.158252648,0.158409129,0.158427341,0.158350186,0.158258233,0.157941528,0.157857917,0.157695415,0.157550355,0.157444014,0.157281478,0.156993366,0.156653984,0.156460822,0.156357686,0.156031876,0.155586302,0.15526931,0.15491957,0.15455229,0.154347118,0.154068871,0.1536863,0.153226881,0.152822837,0.152265882,0.151611382,0.150896999,0.150196682,0.149332547,0.148424375,0.147496908,0.146516421,0.145443907,0.144245816,0.142960482,0.14167535,0.140215016,0.138888738,0.137635608,0.136274047,0.134887473,0.13339538,0.131726253,0.130136725,0.128644251,0.127193102,0.125751047,0.124259114,0.122838802,0.121400333,0.1199634,0.118684204,0.117347183,0.116095525,0.114827764,0.113669646,0.11248354,0.111431131,0.110450542,0.109459748,0.108516912,0.107611784,0.106711686,0.106001807,0.105217633,0.104460661,0.10385763,0.103154475,0.102609467,0.102229082,0.101753453,0.101302681,0.100861384,0.100307721,0.099898695,0.099532669,0.099202865,0.098894252,0.098644964,0.098406466,0.09815435,0.097971243,0.097757665,0.097596229,0.097383821,0.097165595,0.096871329,0.096477251,0.096196672,0.095995242,0.095872665,0.096022135,0.096041905,0.09579567,0.095703818,0.09577184,0.095744757,0.095860696,0.096125845,0.09619447,0.096068313,0.096254548,0.096345679,0.096517821,0.096700451,0.096808623,0.096735986,0.096882731,0.096953591,0.097249224,0.097655347,0.097848215,0.098083842,0.098311009,0.098426511,0.098724835,0.09914933,0.099466843,0.099719715,0.100064693,0.100656943,0.101006841,0.10136481,0.10171438,0.101856377,0.102281795,0.103004254,0.103504858,0.104052542,0.104573536,0.10478328,0.105164193,0.105770808,0.106113871,0.106587813,0.106983845,0.107235231,0.107686438,0.108424011,0.109027756,0.10965407,0.109958752,0.110471642,0.110645559,0.111280583,0.112017961,0.112619156,0.113188731,0.113797175,0.114217387,0.114872248,0.115533868,0.116124122,0.11649996,0.11711349,0.117755149,0.118354362,0.11885161,0.119514957,0.120067576,0.120609794,0.121097798,0.12167584,0.122160871,0.122639807,0.123063931,0.123459863,0.123812169,0.124395799,0.124927165,0.125449893,0.125803767,0.126470573,0.127145638,0.127595035,0.128231462,0.128761307,0.129093316,0.129468711,0.129920449,0.130319941,0.130685267,0.131210496,0.131603805,0.132126723,0.132663473,0.133007352,0.133435714,0.133757501,0.134214,0.134420245,0.13489533,0.135333774,0.135872203,0.136414436,0.136840676,0.13735392,0.138022821,0.1384878,0.138990969,0.139366165,0.139668701,0.139963282,0.140390039,0.140840267,0.14136929,0.141770487,0.142157688,0.142819817,0.143334089,0.14381565,0.144303116,0.144677974,0.144912234,0.145141884,0.14550244,0.14588441,0.146104027,0.146448704,0.146704345,0.146874983,0.147151302,0.147662348,0.147960892,0.148303069,0.148618736,0.148685171,0.148995239,0.149353023,0.149724481,0.149974123,0.150290364,0.150460143,0.150868274,0.151410629,0.151748112,0.151986932,0.152184448,0.15225235,0.152504876,0.152776156,0.152925292,0.153049575,0.15343648,0.153680182,0.154000213,0.154345346,0.154742468,0.154872711,0.155087704,0.155414187,0.155571719,0.155895464,0.156018188,0.156013091,0.156098255,0.156142479,0.156111204,0.156383412,0.156719515,0.156964976,0.157147227,0.157466677,0.15773779,0.15786371,0.157953157,0.158012651,0.158192862,0.158427965,0.15858384,0.158858225,0.158817949,0.15862146,0.158799876,0.159053534,0.1592574,0.159476554,0.159674971,0.159680896,0.159846074,0.160023407,0.160187626,0.160345196,0.160627836,0.160861204,0.160989932,0.161132958,0.161239842,0.161107991,0.161025825,0.160933415,0.161151894,0.161668783,0.161692862,0.161775707,0.1619281,0.161901341,0.162000967,0.162053082,0.162050792,0.162149825,0.162374951,0.162762271,0.16290011,0.162899223,0.163166264,0.163290865,0.163423224,0.163764447,0.163721911,0.163404715,0.163588982,0.163769323,0.163837372,0.164088956,0.164288514,0.164062616,0.164026434,0.164284378,0.1642369,0.164172709,0.164235219,0.164315899,0.164390986,0.164724148,0.164755553,0.164321758,0.164367849,0.164609963,0.164705351,0.164867446,0.164996013,0.164896027,0.164936508,0.165291391,0.165203581,0.165057462,0.165044692,0.164788581,0.164594511,0.164539166,0.164771096,0.164733246,0.164815912,0.164865754,0.164767157,0.164941406,0.165038088,0.165015407,0.164643295,0.164239823,0.164179729,0.164278345,0.16423324,0.164382775,0.164384895,0.164114359,0.164084746,0.164045524,0.164161056,0.16428104,0.164127509,0.163869708,0.163468952,0.163353769,0.163006339,0.162929201,0.163080491,0.162983894,0.162695822,0.162597089,0.161949028,0.161746054,0.161780129,0.161385283,0.161288552,0.161129376,0.16065808,0.160495171,0.160397336,0.160054255,0.159439525,0.159386978,0.159197196,0.159125513,0.159359355,0.159219202,0.158633876,0.158416812,0.157896061,0.157380575,0.156982216,0.156788492,0.156724311,0.156508965,0.155915349,0.155337166,0.15522114,0.155155512,0.155151974,0.154907845,0.154453845,0.154206403,0.153721531,0.153390718,0.153210451,0.152989606,0.152647094,0.152797471,0.152678624,0.15232783,0.152157447,0.151636207,0.151140952,0.150857904,0.150735284,0.150673125,0.150390648,0.149857322,0.149357472,0.148447706,0.148302613,0.148567895,0.148454035,0.148900359,0.148638815,0.148223864,0.147925683,0.147798573,0.148027245,0.148112394,0.148146493,0.148071622,0.147931473,0.147583063,0.14730331,0.147462801,0.147194373,0.147012189,0.147068273,0.147089988,0.147085314,0.147149916,0.147392163,0.147380066,0.146997491,0.146917659,0.146924821,0.146949796,0.146948497,0.147178657,0.147311901,0.14743357,0.147978827,0.148423568,0.148652012,0.148987071,0.149168958,0.149094606,0.14922579,0.149076246,0.149274145,0.149204946,0.149337217,0.149332387,0.149315462,0.149302712,0.1493479,0.149336552,0.148972634,0.148609636,0.14860412,0.148834234,0.149123204,0.149274419,0.149251314,0.149137926,0.149060524,0.149995016,0.149744302,0.149413932,0.14911913,0.14919555,0.149177869,0.149471633,0.149675845,0.149852502,0.149185457,0.148406356,0.148246808,0.147671807,0.147792226,0.147818903,0.14816191,0.148454641,0.148203885,0.148004262,0.146851218,0.146360895,0.145958796,0.144714666,0.143964363,0.143538862,0.142453799,0.141611557,0.141551502,0.140756914,0.139532927,0.138794602,0.137768124,0.13633318,0.13486062,0.133773362,0.132695346,0.131307822,0.130062703,0.128799545,0.126740199,0.125797666,0.124508608,0.122976958,0.120797384,0.118437745,0.115758804,0.112604765,0.110647383,0.107927899,0.105658521,0.10382877,0.101866991,0.099620089,0.097446699,0.095120759,0.092391938,0.090110052,0.087741163,0.085309109,0.083094963,0.081040175,0.078996106,0.077099383,0.07564352,0.073895646,0.071962952,0.07031043,0.068855633,0.067541009,0.066390636,0.065263658,0.063909648,0.062594982,0.060973499,0.059729808,0.058663491,0.057361177,0.056071773,0.055157406,0.055082854,0.054647577,0.054525438,0.054649873,0.054073633,0.053231541,0.052808346,0.052233063,0.051813283,0.051528243,0.050881971,0.050841603,0.050572953,0.050318418,0.050026255,0.049761739,0.049516502,0.049644557,0.049522167,0.049537512,0.049491178,0.048820602,0.048189967,0.047682519,0.047395495,0.047036862,0.04721808,0.047449984,0.04771656,0.047661728,0.0471252,0.046996403,0.047197715,0.047409047,0.047764407,0.047960974,0.047688116,0.047767881,0.047983504,0.048285228,0.048622774,0.049192157,0.049416842,0.049665037,0.049828159,0.050128359,0.050462867,0.050619106,0.050798372,0.050955224,0.05105599,0.050930281,0.050786404,0.051191722,0.051316759,0.051414676,0.051955834,0.051936494,0.052109743,0.052527181,0.053180201,0.053423254,0.053737593,0.053865724,0.053997162,0.054420932,0.054918932,0.055503324,0.055753262,0.056064218,0.056783689,0.057494158,0.057961423,0.058553711,0.058948384,0.059057427,0.059274951,0.059729806,0.060105133,0.060150111,0.060336543,0.06034601,0.060947419,0.061598518,0.06192881,0.062413665,0.062777833,0.063367194,0.064298172,0.064969959,0.065437796,0.066072737,0.066102821,0.065587718,0.066093949,0.066703221,0.067400203,0.068450057,0.068992236,0.068949468,0.069582482,0.07049473,0.071492862,0.072837122,0.073996547,0.074415057,0.074480338,0.074440809,0.074078009,0.074117981,0.074869258,0.075193427,0.075810011,0.076184837,0.076319876,0.076594714,0.076849375,0.076974387,0.07718899,0.0774635,0.078060338,0.078718072,0.079708932,0.080954908,0.081434008,0.081272462,0.081629485,0.081487058,0.081429458,0.082083678,0.082552889,0.082653071,0.083081884,0.083829373,0.084180507,0.085024282,0.085528905,0.086310225,0.086963653,0.087259851,0.086917635,0.08739085,0.087522647,0.087689709,0.088196921,0.088692105,0.089656152,0.090237645,0.091495495,0.091765106,0.091008366,0.091032091,0.091110648,0.091531014,0.092393385,0.093875802,0.094262405,0.094651186,0.094608371,0.094423505,0.094380588,0.095266194,0.095752693,0.096223217,0.09720516,0.097141352,0.096554379,0.097028578,0.097192446,0.097756474,0.098152116,0.098007298,0.09784411,0.09812966,0.098352004,0.098786684,0.099252859,0.099776909,0.100764382,0.101678735,0.102297804,0.101985075,0.101796609,0.102177459,0.102301542,0.103395027,0.103821197,0.103789299,0.104325591,0.104567959,0.104593929,0.105797985,0.106656085,0.107265237,0.10770344,0.107894798,0.107739734,0.107968199,0.108518643,0.108880489,0.108511274,0.108771618,0.108224414,0.108001492,0.10905482,0.109211261,0.109094885,0.109280349,0.109673728,0.110011282,0.111096864,0.111346034,0.110891505,0.110900944,0.110598738,0.110565058,0.11162223,0.112820246,0.113180092,0.113130681,0.112519158,0.112069294,0.112531111,0.111462326,0.112930871,0.113604895,0.113884786,0.116164089,0.117029453,0.117313598,0.117673067,0.115961132,0.115728595,0.115814711,0.116267323,0.117215011,0.117233308,0.115932196,0.115003875,0.1157108,0.115921126,0.116423081,0.116954417,0.116234181,0.115061066,0.115041477,0.115084146,0.115648471,0.115922098,0.11682342,0.115681657,0.116200103,0.114734194,0.115693351,0.115089515,0.115325542,0.114060806,0.115291414,0.115649065,0.116552104,0.11790602,0.118803793,0.11909288,0.119622163,0.119271036,0.118450101,0.119527063,0.119325221,0.11955655,0.120439375,0.121134664,0.12241291,0.123046022,0.122358089,0.121055006,0.120767696,0.119501508,0.119091477,0.118455899,0.11807982,0.117748087,0.11826034,0.117142658,0.117686719,0.116655348,0.11708186,0.116476041,0.116232298,0.118838481,0.118616729,0.117501726,0.11706195,0.115030493,0.114435246,0.115197896,0.115395905,0.116582115,0.11783292,0.11795847,0.117395335,0.117018086,0.11713751,0.116730845,0.115892867,0.115923221,0.11714651,0.116353142,0.117383889,0.116564833,0.116169037,0.11709352,0.11569339,0.116082849,0.116129832,0.117547926,0.118154411,0.118669273,0.120070527,0.120076701,0.119926752,0.118950735,0.119031885,0.118421341,0.11742123,0.117186347,0.11537676,0.115639251,0.116271448,0.116556406,0.116883629,0.116210239,0.115605293,0.11630976,0.117603289,0.116947711,0.116836399,0.116202866,0.116555177,0.115381698,0.116566896,0.116946584,0.11687809,0.117444243,0.117874141,0.118660213,0.119169688,0.119938108,0.119523799,0.118082869,0.11821005,0.117486546,0.116868815,0.116495783,0.115114464,0.11561655,0.115374887,0.114232441,0.112874856,0.112727714,0.113382755,0.114842653,0.116102238,0.116041761,0.114700805,0.113746094,0.112337049,0.112771263,0.113779922,0.115242514,0.115659306,0.115491809,0.115180631,0.114207944,0.112937891,0.112771756,0.11315143,0.111830008,0.11116927,0.111435726,0.111874036,0.111046754,0.110168049,0.110347689,0.109413191,0.108600231,0.10724229,0.106895123,0.107529315,0.108660689,0.110774551,0.11126865,0.110183495,0.109403352,0.107587145,0.106054185,0.103794536,0.103356004,0.103277963,0.104032775,0.105624856,0.105943912,0.107318918,0.108754141,0.108674109,0.109419304,0.109792329,0.108345071,0.107895658,0.107681665,0.105556452,0.103628241,0.1014119,0.100235655,0.09846512,0.096756098,0.098808424,0.09942043,0.100688298,0.10187305,0.100835093,0.098360153,0.097693504,0.096437546,0.095081214,0.095866834,0.095103707,0.095768844,0.096291514,0.093264378,0.09367052,0.094439382,0.091802294,0.092507511,0.094347419,0.094984193,0.095823986,0.095798147,0.094810412,0.093192601,0.091591254,0.092428381,0.095180013,0.095872714,0.09617227,0.097043875,0.096159246,0.092552107,0.08967094,0.088901069,0.088471423,0.088709973,0.089133516,0.088943764,0.088075187,0.088860713,0.089191993,0.087562578,0.089145002,0.089383319,0.090062225,0.096383479,0.097967921,0.097608841,0.095458343,0.089075736,0.087000368,0.087275464,0.086258502,0.087114979,0.084685096,0.077577032,0.076549473,0.077873488,0.076940405,0.078134077,0.077503975,0.073511688,0.072984133,0.07690311,0.076346671,0.072282923,0.07325171,0.075032393,0.075841431,0.078379704,0.078825108,0.076397196,0.075293915,0.075567163,0.07650958,0.07723677,0.077474939,0.079444111,0.0753068,0.07266306,0.067881903,0.063367462,0.066530211,0.070004276,0.074619357,0.07867167,0.080644576,0.077869676,0.077695222,0.081195801,0.079660799,0.076058013,0.075467846,0.071140285,0.068595135,0.071901678,0.067944153,0.062137216,0.059290377,0.061608831,0.060460191,0.06131063,0.061500566,0.055191931,0.054812659,0.054147644,0.052899992,0.055034111,0.05757959,0.066232411,0.075369853,0.075845117,0.069791526,0.063410824,0.059718471,0.056843349,0.059825514,0.060162969,0.05551243,0.059895955,0.06083942,0.058538363,0.056566602,0.050180987,0.045286994,0.056047694,0.073210571,0.071754357,0.073512142,0.070382066,0.060375132,0.062517629,0.065558907,0.06131151,0.060203334,0.059797779,0.064986415,0.070750685,0.072509824,0.068546169,0.061266269,0.056144733,0.057561892,0.059560269,0.063039002,0.063445191,0.068250513,0.081083139,0.083715935,0.09259072,0.091170893,0.076825602,0.071286059,0.065479062,0.069879805,0.068982555,0.06708791,0.077490401,0.078869948,0.074474097,0.079229216,0.064292783,0.06944783,0.095611381,0.094454894,0.097565378,0.088064777,0.061326787,0.044817867,0.043566033,0.049758675,0.052883394,0.067962438,0.082453056,0.067653677,0.057021354,0.033002435
/data/asd/1/1549990868-00.asd,sp2_run8,0,40,0,0,40.2228,0,0.055050397,0.051853407,0.05938325,0.055175983,0.057722727,0.071809248,0.057904462,0.057465176,0.063469453,0.063423565,0.051344799,0.047881346,0.056159889,0.059180112,0.056777551,0.056271618,0.058006421,0.059108464,0.058087748,0.05875126,0.062441599,0.059030691,0.057391014,0.05704617,0.058600073,0.06073701,0.060317533,0.060478785,0.06026435,0.059078925,0.058199862,0.061135781,0.062970651,0.062452053,0.060770105,0.063967634,0.062189937,0.060834563,0.06487929,0.06360585,0.063712564,0.063830449,0.064401218,0.066109776,0.065370834,0.064528366,0.064780708,0.064814734,0.066446383,0.067160985,0.06590423,0.066027965,0.066010416,0.067332048,0.068985584,0.068781338,0.068519037,0.067726717,0.069111314,0.069450411,0.068874471,0.07003695,0.070352343,0.071120532,0.071086513,0.069682356,0.070884461,0.072737089,0.07141129,0.072222327,0.072562382,0.072534003,0.073046829,0.0734436,0.073735808,0.073225083,0.074267899,0.074206741,0.074527541,0.075620659,0.075584567,0.075641597,0.076533866,0.077209778,0.077367073,0.077145866,0.077870953,0.078510797,0.078256327,0.078163196,0.079502212,0.079689631,0.079667546,0.080176497,0.081397719,0.081077153,0.081378627,0.08217031,0.081893743,0.082098293,0.082230556,0.082385606,0.0830311,0.083168596,0.083542016,0.084138669,0.084479611,0.084530326,0.084499027,0.085199367,0.08526036,0.085327123,0.086120984,0.086207487,0.086049185,0.086393771,0.086722367,0.087028302,0.087092962,0.08746208,0.087745673,0.087691388,0.087865371,0.088394889,0.088504013,0.088723885,0.088948299,0.088900577,0.089742698,0.09009776,0.089928469,0.090180358,0.090711498,0.091160056,0.091106588,0.09143823,0.091822854,0.092168897,0.092629396,0.092577838,0.092892465,0.093599136,0.093511984,0.093660788,0.094064962,0.094425718,0.095183672,0.095323534,0.095564353,0.095969107,0.096238117,0.096341635,0.096495531,0.097448438,0.097665805,0.097798429,0.098179936,0.098437823,0.098715843,0.098941954,0.099359875,0.099912254,0.100243104,0.100436049,0.101010168,0.101268146,0.101455716,0.101948079,0.101949443,0.102453503,0.102581944,0.103051303,0.103456855,0.103511404,0.103950977,0.104498679,0.104818814,0.10514259,0.105472424,0.105834439,0.10613897,0.106622897,0.106461713,0.106799836,0.107410356,0.107559389,0.10775149,0.10833598,0.108684624,0.109062943,0.109145607,0.109746769,0.110091813,0.110108225,0.110567569,0.111072037,0.111031094,0.11127559,0.111630078,0.112024485,0.112508904,0.112809258,0.11298705,0.11329143,0.113321877,0.113706046,0.113956462,0.114209391,0.114357982,0.114520897,0.114889806,0.115112038,0.115390168,0.115566684,0.115612297,0.115786443,0.11588876,0.116072976,0.11613639,0.116405577,0.116643113,0.116657703,0.116657568,0.116895003,0.117023765,0.117224327,0.117464415,0.117665997,0.117808342,0.11798482,0.11822127,0.118362996,0.11826257,0.118442804,0.118441955,0.1185786,0.118609396,0.118795733,0.119044609,0.119133382,0.119289564,0.119380757,0.119363202,0.119239575,0.11920219,0.119203664,0.119414739,0.119390048,0.119377777,0.119450667,0.1194316,0.119433521,0.119518683,0.119506826,0.119505082,0.11961423,0.119576485,0.119635236,0.11956647,0.119682919,0.119713134,0.119504323,0.119590816,0.119657172,0.119706273,0.119608491,0.119705879,0.119718593,0.119725188,0.119850446,0.119818826,0.119741194,0.119814037,0.119890045,0.119856737,0.11983659,0.119855431,0.11986023,0.119941466,0.12000412,0.119901826,0.11994681,0.119994183,0.120162731,0.120006809,0.12005346,0.120037045,0.119975882,0.120035266,0.12006121,0.120231049,0.120260263,0.120150617,0.120021082,0.120017753,0.120157488,0.120110125,0.120058187,0.120164172,0.120026015,0.119976366,0.119985306,0.119952696,0.119918708,0.119830257,0.1198377,0.119877563,0.11971221,0.119695497,0.119708309,0.119647522,0.119631092,0.11969428,0.119539607,0.11941489,0.119459119,0.119597057,0.119519173,0.119383284,0.119573617,0.1195865,0.119577325,0.119622307,0.119786759,0.119713549,0.119787082,0.119865322,0.120025936,0.120224727,0.120276267,0.120358238,0.120298827,0.120311627,0.120689478,0.120878112,0.120896797,0.121135424,0.121095447,0.121117661,0.121356644,0.121459207,0.121531622,0.121417011,0.121673368,0.121849972,0.121685997,0.121889081,0.122303627,0.122393994,0.122480323,0.122488577,0.122505759,0.122706043,0.122733129,0.122784803,0.123093464,0.123208413,0.12333466,0.123516734,0.123481982,0.123690877,0.123832244,0.123910072,0.124147166,0.124192428,0.124181365,0.124413964,0.124556248,0.12452423,0.124834081,0.125037689,0.125219548,0.125331174,0.125324777,0.125470239,0.125574698,0.125686471,0.125947428,0.125985129,0.126116394,0.126370976,0.126417386,0.12667508,0.126671885,0.126747015,0.127074834,0.127061163,0.127079203,0.127237471,0.127258361,0.127549137,0.127777828,0.127749482,0.127934244,0.128105124,0.128364613,0.128620068,0.12860659,0.128828696,0.128973994,0.129023031,0.129254081,0.129465665,0.129560364,0.129905455,0.130038564,0.129999968,0.130122583,0.130231088,0.130338785,0.130543706,0.130660147,0.130959277,0.130867947,0.13085193,0.13130047,0.131425928,0.131436444,0.131523625,0.131529932,0.131903938,0.132175166,0.132165385,0.132613095,0.132582122,0.132529774,0.132838589,0.133037888,0.133215635,0.133331495,0.133301888,0.133509842,0.1337192,0.134070133,0.134009774,0.134263565,0.134239095,0.134453192,0.134483331,0.134515977,0.134657115,0.134828803,0.13500928,0.135409463,0.135440564,0.135486407,0.135559265,0.135743967,0.136051878,0.136182447,0.136159255,0.136248453,0.136110939,0.136376441,0.136821559,0.136701234,0.13674226,0.136653332,0.136918079,0.137156857,0.137355569,0.137436331,0.137482844,0.137368032,0.137456989,0.137711873,0.137895069,0.138013391,0.137999675,0.137741921,0.138098416,0.13836405,0.138438558,0.138438276,0.137875794,0.138143146,0.138829066,0.138376672,0.138821951,0.138450578,0.138434473,0.138808635,0.138833881,0.139104912,0.139185344,0.138903513,0.139436048,0.139044054,0.139329119,0.139233332,0.139108366,0.139459398,0.139523248,0.139452125,0.13973683,0.140048544,0.139528286,0.139647323,0.140414349,0.139315171,0.139608131,0.139866045,0.13919665,0.139994193,0.139972681,0.139867511,0.140097258,0.140528511,0.140119628,0.140688395,0.139934755,0.140713041,0.140578994,0.139689338,0.138998293,0.13989708,0.140817357,0.140650024,0.140318808,0.140204963,0.140584763,0.140445001,0.141603117,0.141109286,0.140716119,0.141046694,0.140923697,0.141206181,0.140798742,0.141597573,0.140472484,0.140295001,0.141297125,0.141248145,0.141951667,0.142040722,0.141747306,0.141427102,0.141359045,0.142278023,0.141481871,0.141569248,0.141516199,0.141696721,0.141634214,0.141838631,0.141855606,0.141821331,0.142047922,0.142066223,0.141858531,0.142240721,0.141911819,0.142305943,0.142251658,0.142711389,0.142961452,0.142763934,0.142347446,0.143354481,0.143315491,0.143267218,0.143100174,0.143246071,0.143466948,0.143480754,0.143763069,0.143757425,0.143607633,0.144000235,0.14382994,0.143981291,0.144443135,0.144101521,0.144296168,0.144531798,0.14420672,0.144458466,0.144488435,0.144474357,0.14430323,0.144801686,0.144419945,0.144981311,0.145039501,0.144740098,0.145278497,0.145315587,0.145463865,0.145951819,0.14551837,0.145651881,0.14616327,0.146149703,0.146191013,0.145775503,0.14645697,0.146746454,0.146208754,0.146592129,0.146574996,0.147006924,0.146958713,0.146632093,0.147115336,0.147553722,0.147077259,0.147172467,0.147364547,0.147061396,0.147097798,0.147030473,0.147449002,0.148711537,0.147544157,0.148081421,0.148905096,0.147882329,0.14873888,0.149089716,0.14909535,0.149166231,0.148170513,0.148995245,0.149845449,0.148524191,0.149585691,0.149871827,0.148755825,0.14961168,0.148966608,0.148633713,0.149376288,0.148852286,0.150526842,0.150871473,0.149098268,0.150982312,0.150057976,0.149947913,0.151677385,0.150473667,0.151252927,0.152123713,0.15145447,0.152022271,0.151411343,0.150510228,0.151340561,0.151168013,0.151992516,0.151618717,0.152285249,0.15204337,0.151999343,0.151291346,0.151129973,0.151139218,0.151303326,0.15182902,0.151999682,0.152110448,0.152155147,0.151720123,0.151762463,0.152073448,0.152100384,0.152296053,0.152384761,0.151882687,0.152118854,0.152090823,0.152010029,0.152198237,0.152765888,0.153110553,0.153743397,0.153987714,0.153906322,0.153690636,0.153508146,0.153323293,0.152893418,0.152689009,0.15304805,0.153455962,0.153575005,0.153995159,0.153970807,0.153517971,0.15360632,0.154042513,0.154256244,0.154257208,0.154497651,0.155131008,0.155567586,0.155310466,0.155172659,0.155202297,0.154791186,0.154746137,0.155016747,0.154851971,0.154705268,0.154780302,0.155267712,0.155231227,0.155105286,0.155159596,0.155201778,0.155283217,0.155707063,0.155925916,0.156261051,0.156597876,0.156391335,0.156584411,0.156816514,0.156589641,0.156398215,0.156171777,0.156176794,0.15626147,0.156273994,0.156369927,0.156358803,0.156470349,0.156388433,0.156770309,0.157144748,0.157632448,0.157926847,0.157761776,0.157623682,0.157602371,0.157541754,0.157569846,0.157804153,0.157845019,0.157787355,0.157738151,0.157670071,0.157787628,0.157949897,0.157977865,0.157952208,0.158019247,0.158249765,0.158380488,0.158515594,0.158729343,0.158825124,0.158686528,0.158489359,0.158572173,0.158680082,0.158648584,0.158495645,0.158842973,0.159176759,0.158836818,0.158642117,0.158765859,0.158765182,0.158927138,0.159362889,0.159911396,0.1599477,0.159669493,0.159589266,0.159743293,0.159711136,0.159635617,0.15967985,0.160063319,0.160017874,0.159804145,0.15968816,0.159880554,0.159771002,0.159738812,0.159859548,0.159976991,0.15996203,0.159781524,0.159782712,0.159616422,0.159508488,0.159534402,0.1599031,0.159948723,0.15995213,0.159970728,0.159911093,0.159611638,0.159256601,0.159021413,0.158941425,0.15898775,0.158947513,0.158867654,0.158747529,0.158619462,0.15872098,0.158752749,0.158776957,0.158917576,0.159061852,0.158989391,0.159013785,0.159323166,0.159389049,0.159354739,0.159627654,0.15976082,0.159595514,0.159626735,0.159566803,0.159327832,0.159426052,0.159447313,0.159540537,0.159563488,0.159709474,0.159898131,0.159885133,0.159903941,0.160220739,0.160374596,0.160522262,0.160521252,0.160642009,0.160702622,0.16070942,0.160734148,0.16093682,0.160828555,0.160779549,0.161220984,0.161282906,0.161446253,0.161646807,0.161687498,0.161746077,0.161776254,0.161787319,0.162048364,0.162109774,0.162254445,0.16230567,0.162327423,0.16260651,0.162972512,0.163166894,0.163120332,0.163209748,0.163404886,0.163373302,0.163432409,0.1637003,0.163787613,0.163821909,0.16402763,0.1639947,0.164191052,0.164421512,0.164684548,0.165083479,0.165342831,0.165397269,0.165564324,0.165530033,0.165559088,0.165776833,0.165900858,0.165957237,0.166262772,0.166296488,0.166236393,0.166509723,0.166906787,0.167085534,0.167495136,0.167571812,0.167340837,0.167416362,0.167685397,0.167844659,0.167974683,0.168088421,0.168167969,0.168043019,0.16801838,0.168288062,0.168469083,0.168640802,0.168937882,0.169363229,0.169583511,0.169641367,0.169802571,0.169810983,0.169897971,0.170219722,0.170481438,0.170524325,0.170657298,0.170883512,0.171010239,0.171274857,0.171376108,0.171418625,0.171382337,0.171367765,0.171370662,0.171535825,0.171665894,0.171849071,0.172049525,0.17227105,0.172542515,0.172711794,0.172857633,0.173003113,0.173059208,0.173121968,0.173051026,0.173108409,0.173297037,0.17339947,0.173598822,0.173793801,0.173859984,0.173956138,0.174144789,0.174167856,0.174246265,0.17443767,0.174483004,0.174484645,0.174472986,0.17431158,0.174407129,0.174587847,0.174628256,0.174668748,0.174845536,0.175180884,0.175300298,0.175435017,0.175441023,0.175203536,0.175239719,0.17552877,0.175584298,0.175479426,0.175447208,0.175450713,0.175422437,0.175378838,0.175546023,0.175465058,0.17509861,0.175078181,0.17515224,0.175156455,0.175324804,0.175246561,0.174859299,0.174812958,0.174911437,0.174833164,0.174821008,0.174700441,0.174354545,0.174190847,0.174245148,0.174178096,0.174208404,0.174134329,0.173968476,0.173818546,0.173713155,0.173617502,0.173502485,0.17336457,0.173347923,0.173345874,0.173251331,0.173307719,0.173145293,0.172713316,0.17244231,0.172128516,0.171875424,0.171820474,0.171717447,0.171534702,0.17132871,0.171154746,0.170999822,0.171039955,0.170917418,0.170443453,0.170234847,0.169905456,0.16985099,0.16972988,0.169952607,0.169914587,0.169655487,0.169457433,0.169343481,0.169161999,0.168995429,0.168709739,0.168158416,0.167918987,0.167969043,0.167697766,0.167380517,0.167095935,0.166517393,0.165994882,0.165526674,0.164932822,0.164236531,0.163508612,0.162863372,0.161962371,0.160943636,0.159923635,0.158666376,0.157452079,0.156171727,0.154840236,0.153562044,0.152211564,0.150853513,0.149605716,0.148159936,0.146574073,0.145053045,0.143469566,0.141822048,0.140272328,0.138744327,0.137043332,0.135362723,0.13379644,0.132263321,0.130763969,0.129345144,0.127842963,0.126515761,0.125230938,0.123921062,0.122550697,0.121345905,0.119977818,0.118826757,0.118146215,0.11728895,0.116386579,0.115685054,0.114927137,0.114049457,0.113453558,0.112926985,0.112269747,0.111535643,0.110971637,0.110332466,0.109894299,0.109653329,0.109312252,0.109040946,0.10878147,0.108504375,0.108212998,0.107818527,0.107522343,0.107195459,0.106915773,0.106845177,0.106634514,0.106311405,0.105950021,0.105540584,0.105216051,0.104979228,0.104770379,0.104729966,0.104714451,0.104600893,0.104525647,0.104745084,0.104736088,0.104729263,0.104845362,0.104897202,0.104849189,0.105025491,0.105077326,0.105257525,0.105370053,0.105547158,0.105727375,0.1059459,0.106050533,0.106380367,0.106647996,0.10691096,0.107380739,0.107660124,0.107723251,0.108142417,0.108673837,0.109023471,0.109493799,0.109848792,0.110157022,0.110542253,0.111037951,0.111529416,0.112009637,0.112473504,0.112882767,0.113339174,0.113835086,0.114360678,0.114758887,0.115221013,0.115693326,0.116087762,0.116756791,0.117336075,0.117935301,0.118552631,0.119079884,0.119713061,0.120360417,0.120845286,0.12149156,0.122085737,0.122774378,0.123275407,0.123907945,0.124521123,0.125202804,0.125820646,0.126574298,0.127259988,0.127926017,0.128385655,0.129035998,0.129606751,0.130305472,0.130925745,0.131607851,0.132171545,0.13279105,0.133279763,0.133917811,0.134643999,0.135267682,0.135710832,0.136157101,0.136567494,0.137265147,0.137887765,0.138493038,0.138966556,0.139686623,0.140234038,0.140692544,0.141430918,0.142008093,0.142434356,0.142892806,0.143388692,0.143850266,0.144369955,0.144987692,0.145429045,0.146025143,0.146657888,0.147082454,0.147616385,0.148043132,0.148632577,0.148936504,0.149621287,0.150132263,0.150648613,0.15117952,0.15137303,0.151848811,0.152636943,0.153216287,0.15413568,0.154673161,0.155078351,0.155290745,0.155640045,0.155817617,0.156276081,0.156645787,0.157011895,0.157699748,0.158157892,0.158531352,0.159013752,0.159325,0.159653971,0.16011711,0.160609277,0.161099712,0.161465036,0.162026476,0.162386424,0.162758243,0.163090308,0.163495176,0.16380479,0.164233234,0.16459041,0.164690175,0.16503874,0.165493288,0.16598403,0.166474228,0.166881014,0.16716264,0.167501175,0.1675277,0.167860505,0.168133134,0.168393978,0.168933726,0.169333017,0.169495947,0.169682894,0.169869621,0.170189191,0.170308274,0.170549582,0.170773119,0.171253404,0.171670461,0.171978006,0.172387885,0.172531488,0.172652802,0.172818709,0.172993178,0.173177466,0.173427851,0.173501168,0.173782962,0.174233863,0.174708111,0.174853687,0.174962281,0.175185212,0.175234834,0.175287199,0.175485013,0.175690859,0.175849597,0.176134297,0.176725825,0.17688611,0.177059232,0.17727211,0.17722273,0.177318772,0.17738065,0.177553421,0.177749854,0.17805588,0.178393863,0.178581004,0.178776467,0.179040431,0.179041074,0.179138636,0.179364339,0.179621114,0.179665358,0.179710008,0.179932372,0.180188462,0.180624184,0.180548737,0.180215392,0.180434174,0.180703282,0.181037874,0.181675079,0.181812296,0.181790794,0.181968767,0.182155068,0.182270136,0.182479587,0.182647203,0.182589789,0.1827082,0.182899163,0.182858263,0.182981384,0.183158514,0.183102259,0.183205488,0.183676033,0.184023489,0.184224926,0.184218057,0.184096786,0.184134938,0.184217707,0.18430241,0.184512507,0.184619551,0.184685116,0.18480979,0.184929079,0.184877415,0.184770223,0.18480387,0.184649267,0.184828171,0.184952305,0.18478093,0.184991435,0.184936636,0.185014983,0.185336231,0.185109378,0.184935032,0.184796327,0.184750677,0.184869297,0.184865439,0.184691661,0.184625356,0.184588152,0.184478466,0.184540518,0.184362346,0.184046135,0.184151034,0.18438647,0.184567672,0.184709571,0.184824123,0.184719552,0.184320347,0.183930491,0.183756198,0.18344838,0.183264089,0.183136077,0.183255466,0.183449019,0.183355198,0.183291101,0.183204009,0.182878615,0.182154848,0.182150648,0.181866416,0.181748654,0.181938766,0.181522581,0.181060258,0.180955198,0.180898119,0.180787248,0.180434403,0.1802073,0.179646087,0.179607632,0.179903679,0.179684623,0.179027238,0.178779627,0.178165309,0.177765066,0.177503338,0.177230976,0.176908732,0.176603348,0.176587345,0.176266518,0.175617782,0.175410524,0.175224983,0.174803614,0.174883168,0.17488036,0.174583137,0.174487308,0.173879052,0.173343493,0.173123135,0.172875543,0.172266754,0.171960421,0.171679025,0.171440788,0.171238036,0.17084881,0.170293622,0.170208471,0.170095211,0.169938376,0.169661922,0.168956975,0.168576656,0.168460269,0.168281744,0.168253686,0.167854108,0.167538269,0.167050605,0.166699795,0.166570994,0.166411586,0.166531603,0.166308921,0.166006137,0.166196579,0.166057984,0.165836405,0.165866174,0.166155965,0.16581064,0.165804893,0.165940028,0.165661741,0.165617149,0.165615154,0.165475268,0.1654276,0.16520098,0.165259466,0.165471344,0.16528678,0.164889681,0.165081677,0.165994628,0.165958351,0.165363592,0.165188858,0.164639672,0.164553326,0.164420636,0.164237298,0.164289158,0.164331482,0.164541885,0.164470952,0.16440504,0.16371389,0.163674395,0.163824302,0.163895696,0.164380186,0.165604416,0.165203425,0.164498115,0.16447663,0.163610907,0.163373051,0.164080307,0.163886749,0.163452789,0.163974231,0.163596764,0.16299134,0.162473738,0.162740646,0.162674137,0.162571854,0.162618112,0.162595393,0.162200548,0.161741022,0.161527074,0.160772229,0.160679362,0.160327795,0.159688492,0.15975493,0.159333654,0.159250075,0.158753511,0.158734564,0.158709713,0.157951308,0.15722442,0.15627433,0.154924966,0.153569224,0.153263631,0.152228381,0.151070501,0.150319298,0.149031204,0.147883489,0.146364143,0.144941293,0.143279404,0.141607215,0.139827576,0.138197063,0.136285371,0.13481481,0.133025888,0.131134845,0.129055244,0.127415419,0.124824237,0.121803389,0.1197929,0.116649201,0.113556152,0.111339527,0.108673919,0.106183311,0.104293935,0.102063308,0.099759322,0.097411513,0.094334678,0.091534165,0.08887213,0.086507757,0.084560514,0.082888004,0.081130907,0.079320677,0.077480145,0.075559868,0.073792247,0.072041406,0.070764884,0.069363199,0.067818824,0.066720297,0.065766126,0.064403971,0.063375035,0.062472609,0.06156948,0.060653952,0.060039663,0.059395437,0.059134282,0.058536718,0.057586968,0.056860234,0.055840248,0.055499585,0.055139934,0.05473385,0.054338728,0.053830798,0.05347653,0.053198684,0.053085921,0.052925829,0.053052994,0.053072507,0.052927182,0.052710293,0.052376407,0.051716173,0.050927838,0.050736543,0.050487642,0.050100689,0.049858463,0.049874139,0.049630427,0.04946555,0.048999899,0.04885276,0.049339844,0.049530703,0.049812901,0.050225039,0.050002274,0.049941892,0.049743899,0.049695864,0.049690208,0.049785245,0.050194881,0.05071485,0.051319081,0.052210168,0.052699243,0.053051836,0.053301286,0.05310755,0.053231523,0.053313671,0.053539381,0.054165252,0.054832737,0.055418046,0.055830562,0.055457726,0.055623865,0.056048685,0.056680178,0.05704426,0.0578174,0.05816755,0.057991928,0.058308511,0.058800584,0.059173024,0.059550236,0.059593092,0.059820542,0.06023509,0.060633114,0.061210299,0.062052204,0.063292497,0.06390926,0.064620846,0.064982202,0.064597235,0.063941624,0.064039409,0.064831976,0.065625377,0.066898669,0.067824026,0.068521198,0.069203129,0.069611476,0.070203912,0.070719243,0.071160558,0.071450391,0.072088069,0.072438522,0.072721018,0.072983952,0.072944472,0.072998411,0.072907076,0.073342285,0.074238966,0.07509385,0.076188144,0.077029977,0.077640485,0.0781486,0.078712663,0.079544751,0.080401752,0.081350556,0.08181267,0.082225973,0.082399186,0.082070415,0.082176323,0.082053165,0.08223682,0.083067453,0.083537912,0.083933609,0.084718978,0.084882429,0.085211396,0.085616527,0.085899119,0.086407086,0.087000132,0.087268282,0.087857439,0.088624276,0.089413964,0.090081442,0.09102982,0.091439468,0.091358456,0.09065517,0.09116092,0.091731017,0.092348868,0.093492772,0.094394203,0.094645355,0.094930498,0.095287258,0.09573763,0.096701711,0.09709648,0.097716376,0.097913104,0.097368789,0.097487179,0.098073053,0.098988205,0.09988742,0.100983807,0.101287058,0.101349867,0.101154474,0.101518788,0.101172453,0.100634084,0.100721507,0.101064258,0.101409951,0.101965467,0.102852075,0.103944944,0.104896195,0.106149227,0.107296351,0.107512941,0.107757025,0.108139062,0.10814282,0.108146149,0.107814695,0.107735126,0.107490061,0.108201011,0.109258746,0.109371996,0.11063746,0.111999341,0.112392899,0.113465717,0.113790371,0.11299691,0.113261143,0.113541616,0.11304141,0.113140691,0.113323408,0.112749892,0.112943234,0.113812472,0.114024608,0.115137263,0.116110015,0.11666659,0.115821832,0.115097647,0.114035902,0.113716673,0.114649749,0.115198099,0.116825532,0.117579944,0.118604701,0.119398488,0.120116431,0.12060324,0.120769524,0.121230484,0.121783021,0.121864707,0.122838248,0.123799089,0.12303468,0.123476482,0.122734113,0.122524295,0.123109561,0.122315583,0.123224596,0.122483859,0.12202033,0.122868407,0.123358381,0.124521566,0.12515137,0.12388829,0.123570811,0.123009185,0.123123986,0.123832558,0.123087599,0.122660498,0.123123471,0.124421151,0.125597983,0.12640749,0.125937331,0.125158709,0.124472317,0.124292432,0.123877743,0.124552465,0.124437985,0.125714365,0.126431777,0.12741792,0.124726368,0.126524715,0.126610924,0.126424889,0.12546951,0.127401695,0.127043212,0.1270388,0.127738638,0.127708485,0.127479617,0.127511937,0.127037801,0.126575247,0.128010998,0.128837217,0.129017441,0.129125861,0.129435604,0.12911558,0.129489437,0.130579125,0.129761345,0.129884823,0.128616479,0.127099004,0.125199924,0.12558214,0.12658958,0.128538256,0.128136453,0.129106568,0.127000565,0.127549266,0.12780615,0.127244755,0.12870418,0.128822651,0.128182327,0.128493927,0.129691047,0.129827111,0.129445109,0.128787466,0.127800321,0.127848951,0.126298608,0.125607033,0.12618756,0.127306447,0.127627352,0.127505525,0.127885461,0.127931044,0.127498481,0.129245958,0.128978285,0.129758149,0.131174432,0.129812219,0.129738862,0.128277557,0.129165813,0.128891774,0.129278117,0.131260541,0.131505231,0.13157067,0.130900265,0.131463051,0.131352666,0.13101644,0.13157979,0.130498375,0.131568802,0.132420529,0.133414762,0.132361538,0.130042437,0.129796626,0.129760001,0.130762422,0.131448057,0.130593158,0.129230474,0.129242982,0.127652097,0.128081203,0.127704944,0.126478457,0.125182583,0.124782267,0.124498906,0.124674533,0.12555601,0.125529729,0.125084666,0.126306531,0.12716226,0.127301043,0.127330926,0.125981548,0.125534139,0.125367395,0.12484808,0.124160645,0.124878337,0.126392526,0.125734363,0.126167587,0.126307167,0.125231921,0.125703628,0.124295719,0.124734132,0.124531407,0.125607121,0.127039242,0.127322116,0.127430224,0.127219086,0.126872231,0.126985879,0.127392288,0.126137237,0.125239981,0.125136952,0.124953285,0.123451981,0.122017843,0.12210191,0.12068196,0.120824442,0.122291494,0.122164794,0.122821157,0.123549907,0.122160724,0.121198234,0.119951886,0.11900869,0.117128497,0.116279751,0.115861158,0.11568977,0.116116203,0.11530528,0.114339634,0.115263729,0.116964059,0.119260215,0.120851549,0.120039437,0.118806743,0.117470159,0.117034721,0.118401188,0.117234424,0.116012574,0.11696004,0.11572813,0.115490584,0.115827973,0.113937722,0.111863576,0.112380087,0.112781267,0.112732252,0.112785579,0.111164718,0.109628496,0.108365758,0.107027711,0.108906419,0.111157899,0.110215858,0.109498937,0.109102863,0.106347476,0.105785912,0.105724474,0.10769741,0.110198043,0.109201046,0.112217778,0.111830256,0.108357303,0.108933914,0.105196636,0.10445998,0.106487323,0.104257136,0.104423189,0.104797534,0.10373998,0.103073195,0.108390736,0.109240492,0.107624109,0.10772823,0.105056142,0.101822272,0.100239901,0.099151991,0.096237358,0.096358311,0.097502271,0.096391283,0.096191738,0.096687748,0.098719344,0.098956787,0.098347723,0.097806092,0.096491301,0.096858695,0.100080982,0.1013922,0.102739743,0.102689421,0.101082601,0.099086757,0.094544257,0.090515846,0.085479446,0.083471151,0.086759719,0.088394538,0.088895872,0.089830949,0.089375027,0.087587912,0.086337245,0.085874056,0.082689115,0.082059783,0.082515246,0.08223553,0.08485283,0.083575158,0.082071357,0.07629386,0.07526833,0.076321725,0.075416964,0.077901385,0.076675251,0.080189792,0.081800586,0.083976323,0.08574448,0.082343435,0.081753372,0.083738715,0.080649993,0.074835353,0.07754295,0.076272192,0.078612897,0.084342551,0.083249056,0.082865211,0.077966158,0.07294518,0.077519841,0.076795416,0.078337938,0.082984105,0.078375386,0.076928071,0.077903976,0.076392285,0.075220623,0.07227682,0.070182498,0.066576318,0.065131282,0.062527255,0.059743128,0.063992521,0.073335582,0.081027397,0.085469989,0.082066895,0.080713549,0.075775469,0.072515873,0.074574211,0.067458326,0.068000198,0.073953269,0.074786772,0.070829068,0.06859921,0.058013513,0.05487544,0.060467387,0.064078159,0.067863899,0.066686449,0.061823538,0.05562571,0.048828435,0.047617045,0.052827647,0.062468537,0.072462832,0.073718747,0.071170049,0.069402961,0.061411155,0.055269298,0.049726999,0.047963733,0.05034644,0.051011757,0.055675539,0.056480172,0.05736451,0.070533719,0.072855838,0.06512336,0.059467028,0.04618279,0.047819399,0.064003255,0.065490898,0.064121947,0.058381333,0.038093472,0.040605881,0.051341339,0.053713093,0.070099659,0.075759086,0.064603786,0.06056186,0.049397727,0.039118468,0.041283825
/data/asd/1/1549990887-00.asd,sp2_run8,0,20,0,0,20.1659,0,0.054616065,0.054606169,0.053905928,0.057410782,0.062631579,0.064537338,0.057780871,0.057802374,0.059038076,0.061230671,0.056814436,0.053546446,0.056962783,0.051423875,0.054402804,0.058824808,0.056498368,0.060143869,0.05675824,0.054969134,0.060741925,0.056927279,0.055485109,0.055844616,0.056632308,0.057133406,0.057112112,0.056506893,0.056601995,0.057949325,0.058662064,0.059343821,0.059521288,0.059480209,0.057996185,0.059822917,0.05881043,0.058640136,0.062516155,0.06090119,0.060201753,0.060223235,0.061440241,0.062531724,0.063030421,0.063039064,0.062210682,0.061806568,0.06134368,0.061966915,0.062862864,0.062033178,0.062093477,0.062810296,0.063322025,0.064726534,0.064835925,0.063742694,0.066502883,0.066425072,0.064784908,0.065764693,0.066372466,0.06661732,0.066480075,0.066266667,0.065879757,0.066512273,0.067607144,0.06683988,0.066569273,0.067936062,0.069277042,0.069367254,0.069355816,0.068856421,0.068640666,0.069362111,0.07051924,0.071088548,0.070808289,0.070551232,0.070898684,0.072200094,0.072473416,0.072342751,0.073383537,0.073735256,0.072800336,0.072846523,0.074599912,0.074512859,0.074672733,0.075231834,0.075745818,0.075291466,0.075426814,0.076540524,0.076145024,0.077051812,0.077758559,0.077082231,0.077618141,0.07802097,0.078211344,0.078380891,0.078763508,0.079294008,0.07939463,0.079892263,0.079594592,0.079525503,0.08019754,0.080423269,0.080477827,0.080847018,0.080914869,0.081257802,0.081616266,0.082250763,0.082148575,0.082307352,0.082394976,0.082207979,0.082567001,0.083256372,0.083651123,0.083481494,0.083912993,0.084083358,0.084265931,0.084490705,0.085163505,0.085618032,0.08537401,0.086020614,0.086147725,0.085962749,0.08621327,0.086567637,0.087088213,0.087665925,0.087810749,0.088263776,0.088320141,0.088060132,0.088986916,0.089357377,0.089625782,0.089731802,0.089988663,0.090141653,0.090329718,0.091228662,0.091562149,0.091911013,0.092243765,0.09232909,0.092708893,0.093123555,0.093259266,0.093539692,0.093980611,0.094489631,0.094592503,0.094922752,0.095357455,0.095717669,0.095760535,0.096461631,0.096683882,0.096659534,0.097033989,0.097348032,0.097765747,0.098183111,0.098352056,0.098496664,0.098814779,0.099317042,0.099551537,0.099956737,0.100285682,0.100492985,0.10091238,0.101342228,0.101442599,0.101826396,0.102157775,0.102704113,0.102529672,0.102812844,0.103102981,0.103030434,0.10350492,0.104115233,0.104255281,0.104430747,0.104739426,0.105042934,0.105537502,0.105761874,0.105952208,0.106238319,0.106238731,0.106604579,0.10696695,0.107342558,0.107621473,0.107763796,0.107833794,0.108135072,0.108602659,0.108838232,0.108702222,0.108986357,0.1091022,0.109244564,0.109339771,0.10958726,0.109696164,0.109633019,0.109723812,0.109911368,0.110023339,0.110383056,0.110464475,0.110553254,0.110774838,0.110919131,0.110963397,0.111001431,0.111057428,0.111058166,0.111171972,0.111423704,0.111333385,0.111416496,0.111624957,0.111759911,0.11189397,0.111787727,0.111775759,0.111854354,0.111890152,0.112027732,0.112234172,0.112096572,0.11213248,0.11214745,0.112001634,0.112196301,0.112275156,0.112151485,0.112161625,0.112331027,0.112429767,0.112539363,0.112241225,0.112384695,0.112507273,0.112341644,0.112399653,0.112525241,0.112600957,0.112348485,0.112361956,0.112547664,0.112606007,0.112447771,0.112422086,0.112549807,0.112701218,0.112761185,0.11277282,0.112752143,0.112712037,0.112514772,0.112534572,0.112681258,0.112500881,0.112531623,0.112619952,0.112719354,0.112640916,0.112745049,0.112778999,0.112802713,0.11276296,0.112711707,0.112853596,0.112820566,0.112714355,0.112689973,0.112801299,0.112807046,0.112767022,0.112700914,0.112783873,0.112758009,0.11283246,0.112875858,0.112809293,0.11271613,0.112534941,0.112436837,0.112589414,0.112585556,0.112557287,0.112451877,0.112310721,0.112357417,0.112542592,0.112434425,0.112344371,0.112245515,0.112045172,0.112149772,0.11220573,0.112309395,0.112387647,0.112350139,0.112326859,0.112459623,0.112416145,0.112458801,0.112542881,0.112758402,0.11291398,0.112949755,0.113131088,0.113085606,0.113011713,0.113307357,0.113424003,0.113490158,0.113709767,0.113649566,0.113781702,0.113866197,0.113973276,0.114200562,0.114259405,0.114480484,0.114526407,0.114316365,0.114535173,0.114961943,0.114996913,0.115068133,0.115084145,0.115096445,0.115291064,0.11535646,0.115379303,0.115651968,0.115749842,0.115967232,0.116126087,0.116010404,0.116154216,0.116344496,0.116431435,0.116644067,0.116699083,0.116817724,0.117023596,0.116976813,0.117202132,0.117493249,0.117411949,0.117621288,0.117787905,0.117798005,0.117868028,0.117919761,0.118053897,0.118301858,0.118334077,0.118404073,0.118661019,0.118713394,0.118873906,0.118977294,0.11911473,0.119425072,0.11932065,0.119344785,0.119555039,0.119557518,0.119833796,0.120052241,0.120098265,0.12035706,0.120470954,0.120531003,0.120678377,0.120837386,0.121054209,0.121182256,0.121369304,0.121512713,0.12170789,0.121654581,0.121869907,0.122107272,0.122251474,0.122340076,0.122325954,0.122417629,0.122617756,0.122659044,0.12304428,0.122981981,0.122910852,0.123351435,0.123471406,0.123457022,0.123557508,0.123681279,0.123895031,0.124031798,0.12417636,0.124563574,0.124587362,0.124603166,0.124870475,0.124983229,0.125075644,0.125173503,0.12526357,0.125426216,0.125614755,0.125953931,0.126004082,0.126177511,0.126105692,0.12632189,0.126225703,0.126333792,0.126639491,0.126776106,0.127065579,0.127433046,0.127316011,0.127401725,0.127530737,0.127710232,0.127981945,0.128073622,0.12797743,0.128104427,0.128059364,0.128371652,0.128715493,0.128519523,0.128580501,0.128647819,0.128949588,0.128930483,0.129062503,0.129143213,0.129184474,0.129129275,0.129272979,0.12960545,0.129751979,0.129570516,0.129390262,0.129314215,0.129930429,0.130149456,0.130214422,0.130284746,0.129686496,0.130040463,0.130716711,0.130176749,0.13052274,0.130303575,0.130375248,0.130734914,0.130682092,0.130683059,0.130704759,0.130586146,0.13115665,0.130717565,0.131017557,0.131057344,0.130761317,0.131111189,0.131221986,0.131111573,0.131410284,0.131590408,0.131102447,0.131380957,0.132003151,0.131003947,0.131304037,0.131366267,0.130754133,0.131687977,0.131819834,0.131464065,0.131707968,0.132209974,0.131787969,0.132166967,0.13166909,0.132542592,0.13203871,0.131258808,0.130746856,0.131549873,0.132403725,0.132134721,0.131988643,0.132169491,0.132298448,0.132058491,0.133122939,0.132633548,0.132299732,0.132625363,0.132408995,0.132552423,0.132208781,0.13299301,0.13218095,0.132250554,0.13300917,0.132677612,0.133237497,0.133516068,0.133086136,0.13274741,0.132721893,0.133639262,0.132970359,0.133124373,0.133052862,0.133251222,0.133073394,0.133411357,0.133680456,0.133432917,0.133354043,0.133558878,0.133644073,0.133807009,0.133520693,0.134047954,0.133905567,0.134304381,0.13449479,0.134307422,0.134087163,0.134493839,0.134263649,0.134451354,0.134894589,0.134783019,0.134841245,0.134917991,0.135128789,0.135445133,0.135193157,0.134919122,0.135095118,0.134801596,0.135304497,0.135709294,0.135528594,0.135690357,0.135740246,0.136022461,0.135759619,0.135890809,0.136014577,0.136064038,0.136308801,0.136628757,0.136440122,0.136424592,0.136522879,0.136522486,0.136716407,0.136899674,0.13666844,0.137362229,0.137701776,0.136925304,0.136880554,0.137081097,0.138305356,0.137886868,0.137342396,0.13805504,0.138087486,0.137673023,0.138344075,0.137929553,0.137856634,0.138463366,0.138095203,0.138355483,0.138571569,0.137573433,0.138432928,0.13856595,0.137962216,0.139423726,0.139295965,0.139803698,0.139548446,0.138607701,0.140093033,0.140592139,0.140453324,0.140553272,0.139353154,0.140018601,0.140905968,0.139501936,0.141099319,0.141541472,0.14016037,0.142156325,0.140752129,0.140063372,0.141787058,0.142136998,0.142603586,0.141792183,0.140500468,0.141924702,0.140114578,0.139814118,0.142474682,0.141153123,0.14168078,0.14307282,0.142725683,0.143283724,0.143415391,0.143085697,0.143680172,0.143697333,0.143723221,0.143397428,0.143858531,0.143885217,0.143807376,0.143805329,0.143612286,0.143050338,0.143098295,0.143755953,0.143900411,0.144132501,0.144236063,0.143855045,0.143959023,0.144232403,0.144643705,0.145547886,0.146340765,0.146178422,0.146183967,0.145966236,0.144772684,0.144784108,0.145790006,0.145882264,0.146334551,0.146404593,0.145832765,0.145670801,0.146109874,0.146114351,0.146037876,0.145744329,0.145728097,0.145801676,0.14570266,0.146074814,0.1461684,0.146665245,0.146922244,0.146963963,0.146937577,0.146446074,0.14638621,0.146728969,0.147499953,0.147529634,0.147279054,0.147121335,0.14742873,0.147847365,0.148203933,0.148612274,0.148574361,0.148497387,0.148515466,0.14846409,0.148071135,0.147871,0.14801958,0.148257889,0.148067822,0.148151588,0.148572254,0.148435675,0.148561653,0.149109971,0.149180212,0.149365647,0.149560368,0.149260761,0.149243434,0.149146808,0.149248103,0.149484932,0.149414436,0.149418209,0.149447003,0.149490875,0.149457265,0.149502771,0.149480077,0.149349977,0.149351005,0.149788325,0.149917712,0.149703023,0.149675203,0.149679507,0.149570904,0.149652212,0.149933588,0.150338264,0.15035457,0.150452082,0.150410926,0.150288929,0.15030643,0.150423332,0.150515353,0.150622291,0.15082767,0.15090783,0.151046181,0.151312181,0.151393273,0.151312345,0.151071739,0.150950175,0.150843703,0.150794595,0.150746438,0.150910423,0.150816143,0.150563296,0.150716313,0.151148189,0.151353857,0.151461361,0.151635838,0.151558534,0.151453826,0.151306295,0.151448757,0.151539713,0.151578476,0.151747067,0.151675922,0.15173084,0.151519451,0.151493427,0.151480932,0.151706812,0.151901745,0.151820208,0.15203311,0.152176483,0.15213501,0.152075077,0.15203595,0.15176854,0.151313551,0.151381436,0.151509999,0.151396492,0.151330642,0.151259584,0.151070495,0.150884613,0.150893267,0.150782993,0.15076323,0.150913707,0.151104412,0.151431569,0.151465113,0.151355514,0.151409823,0.151198914,0.151010776,0.151037382,0.151235155,0.151399195,0.151363861,0.151416857,0.151579047,0.151346423,0.151316211,0.151453843,0.151738868,0.15170304,0.1517898,0.15178751,0.151512589,0.151605867,0.15187451,0.151903513,0.152034234,0.152159832,0.152211834,0.152319624,0.152389075,0.152354023,0.152465682,0.152702358,0.152968181,0.153229144,0.153232529,0.153045417,0.153053897,0.153428528,0.153568587,0.153492146,0.15365018,0.153830058,0.153852924,0.154151998,0.154191284,0.154215391,0.154059819,0.154007385,0.154386602,0.154437324,0.154269303,0.154378113,0.1545751,0.154808166,0.155080573,0.155214269,0.155256575,0.155389344,0.15565331,0.155896443,0.155965524,0.156173303,0.156305749,0.156579947,0.157038356,0.157310334,0.157400538,0.15740246,0.157401757,0.157377192,0.157405015,0.157470533,0.157258169,0.157330009,0.157447513,0.157717443,0.158008808,0.158615447,0.158814761,0.158809853,0.158908573,0.159052482,0.159118155,0.159287688,0.159408306,0.159403244,0.159358417,0.159509894,0.159725878,0.159924848,0.160050139,0.160127009,0.160267476,0.160446977,0.160621282,0.160808619,0.160984271,0.161057676,0.16100673,0.161118225,0.161352975,0.161603667,0.16188827,0.162013464,0.162106047,0.162167457,0.162387562,0.162502176,0.162690291,0.16278698,0.162801846,0.163001028,0.163225096,0.163519039,0.163570755,0.163521434,0.163558035,0.163508673,0.16354962,0.16386718,0.16409975,0.16427248,0.164370361,0.164433705,0.16450042,0.164438822,0.164365634,0.164288472,0.164386574,0.164419207,0.164718195,0.16485712,0.165079906,0.165231529,0.16531462,0.165511812,0.165859402,0.165869301,0.165712365,0.165722307,0.16559821,0.165507361,0.165470675,0.165592808,0.165788474,0.165933516,0.16625014,0.166284232,0.166130397,0.166112895,0.165944205,0.165949339,0.166006954,0.166270747,0.166297065,0.166238026,0.16632122,0.166349339,0.166343712,0.166437621,0.166464081,0.1662468,0.166225175,0.166435499,0.166357816,0.166198097,0.166101128,0.165866321,0.165667218,0.165484032,0.165269448,0.165016907,0.164782323,0.164643106,0.164480958,0.164434503,0.1643608,0.164261057,0.164380126,0.16432088,0.164272115,0.16406192,0.163697628,0.163490286,0.163249843,0.163107037,0.163143789,0.163067563,0.162964672,0.162732166,0.162428164,0.162186727,0.161890796,0.161812844,0.161882375,0.161723816,0.16153868,0.161352412,0.161026985,0.160863918,0.160684487,0.160527068,0.160319713,0.160288731,0.160129865,0.159986532,0.15988436,0.159748167,0.159553422,0.159314151,0.159236086,0.159270493,0.159054807,0.158774593,0.158424501,0.157831109,0.157477418,0.157314614,0.156960795,0.156623014,0.156091005,0.15526284,0.154616074,0.154374977,0.153690714,0.152878326,0.151928403,0.150663122,0.149600195,0.148683463,0.147610592,0.146433532,0.14522208,0.143980222,0.142635043,0.14119144,0.139750791,0.138228792,0.136463024,0.134880486,0.133302895,0.131668409,0.130154899,0.128589189,0.126835038,0.125179472,0.123637989,0.122082655,0.120675635,0.119279755,0.117608671,0.116286931,0.11515627,0.113927998,0.112734534,0.111612235,0.1102796,0.109081396,0.108187622,0.107214223,0.106099678,0.105299126,0.104562073,0.103877018,0.103343253,0.102968485,0.102355894,0.101657439,0.10111542,0.10044334,0.100026331,0.099851028,0.099510099,0.099249613,0.098875835,0.098272622,0.097913806,0.097625891,0.097331463,0.097128086,0.096828662,0.096436811,0.096183176,0.095990135,0.095785933,0.095715155,0.095566444,0.095396556,0.095210711,0.095064862,0.095000213,0.094795174,0.094663554,0.094901603,0.094898164,0.094800079,0.094887064,0.094979215,0.094969867,0.095157345,0.095266286,0.09548197,0.09561646,0.095851849,0.096148203,0.096379006,0.09647569,0.096792479,0.097064495,0.097258203,0.097614132,0.097841798,0.097856799,0.098155306,0.098427528,0.098766339,0.099287372,0.099612237,0.100019482,0.100369767,0.100549187,0.100981108,0.101618346,0.102105434,0.102616561,0.103117291,0.103503009,0.104044267,0.104656309,0.105139797,0.105559687,0.105882462,0.106350089,0.106807689,0.107409815,0.108004632,0.108541172,0.109145012,0.109789944,0.110088347,0.110704103,0.111252145,0.111867253,0.112400969,0.113064315,0.113698114,0.114327708,0.114884264,0.115581385,0.116063312,0.116716259,0.117351106,0.118069456,0.118776627,0.119398039,0.119824436,0.120468468,0.120951474,0.121494761,0.122025344,0.122730276,0.123471654,0.124183226,0.124971963,0.125432158,0.125591086,0.126178859,0.126692783,0.127175867,0.127699869,0.128286548,0.128548799,0.128914235,0.129678722,0.130339352,0.131075441,0.131624743,0.132078346,0.132523826,0.132834999,0.133343102,0.133738888,0.13426643,0.134706574,0.13505273,0.135613164,0.136046383,0.136735833,0.137096578,0.137606073,0.138137407,0.138797489,0.139412159,0.139868569,0.140409849,0.140976453,0.141446635,0.142031786,0.142501775,0.143013666,0.143479923,0.143981779,0.144546276,0.145018185,0.145200607,0.145480494,0.145945177,0.146353239,0.146776833,0.14731807,0.147710523,0.148156196,0.148719125,0.149273173,0.149833923,0.150176945,0.150593833,0.150881927,0.151144231,0.151405932,0.151817514,0.152078223,0.152305389,0.152607902,0.152776555,0.153120148,0.153583098,0.154038518,0.154484272,0.154812177,0.154984967,0.155358742,0.1556192,0.155919755,0.156166833,0.156471599,0.156753014,0.157140896,0.157504982,0.157713893,0.157768533,0.158121808,0.158409903,0.1586932,0.158927084,0.159290527,0.159438597,0.159640014,0.159946795,0.160139303,0.160523974,0.160709333,0.16077597,0.16105312,0.16140933,0.161437736,0.1616628,0.162121251,0.162317551,0.162538131,0.16318363,0.163577455,0.163729526,0.16385924,0.164089734,0.164288034,0.164353744,0.164446796,0.16455005,0.164576027,0.164710722,0.164936234,0.165125643,0.165266632,0.165132104,0.16537527,0.165852289,0.166174177,0.166480814,0.166607785,0.166412236,0.166633086,0.166955823,0.167157671,0.167304421,0.16765752,0.16786602,0.167939989,0.168243405,0.168515561,0.168740946,0.168724047,0.168793195,0.168942185,0.168951511,0.168987741,0.168843142,0.168888027,0.169189451,0.169468816,0.169903456,0.170035986,0.169822053,0.169998257,0.17021633,0.170345967,0.170477991,0.17054736,0.170721132,0.170876068,0.170956932,0.171018878,0.171033371,0.171325108,0.171684247,0.171763856,0.171910115,0.171852395,0.171681537,0.1717014,0.17181273,0.172069107,0.172627443,0.17277845,0.172703963,0.172775205,0.172772586,0.172798637,0.17279494,0.172909386,0.172884024,0.172939277,0.173030803,0.172856775,0.17294835,0.173099879,0.173106152,0.173085188,0.172720548,0.172609074,0.172631395,0.172906297,0.172900788,0.17285813,0.172854443,0.172503138,0.172538501,0.172419618,0.172160887,0.172321716,0.172338894,0.172279186,0.172498023,0.172608175,0.172487965,0.172308052,0.17199164,0.171976294,0.171900726,0.171307006,0.170855347,0.17041973,0.170372883,0.170541439,0.170605716,0.170395763,0.170286107,0.170035484,0.170083528,0.169985015,0.169853752,0.169552564,0.169065691,0.168897457,0.168735764,0.168510423,0.168306068,0.167877806,0.167602163,0.167252368,0.167118858,0.166954537,0.166837339,0.166678031,0.166413468,0.165989083,0.165660689,0.165137837,0.164788697,0.164396595,0.164061234,0.163953027,0.163764765,0.163474756,0.163099306,0.162736172,0.162460777,0.162197482,0.162110825,0.161854368,0.161481711,0.160862075,0.160553608,0.160581808,0.160636783,0.160257016,0.160009551,0.159687934,0.159369445,0.159060917,0.158645209,0.158091078,0.157769528,0.157548817,0.157418053,0.157213846,0.156792803,0.156455413,0.156231098,0.156035004,0.155847138,0.15562571,0.155681899,0.155507929,0.155421937,0.155523484,0.155253975,0.155028757,0.154772551,0.154070116,0.153833242,0.153956664,0.153812391,0.153856232,0.15425662,0.154183767,0.154111134,0.15407491,0.154266605,0.153894288,0.153532421,0.153553447,0.153429272,0.153348371,0.153655837,0.154174812,0.153999298,0.154002609,0.153989633,0.153941119,0.153926404,0.154816552,0.154926647,0.154212698,0.154137711,0.153800051,0.153561317,0.153461479,0.153601085,0.153672212,0.153019748,0.152948696,0.153073753,0.153026928,0.152814111,0.152881168,0.153042025,0.153084894,0.152633861,0.152689289,0.152673907,0.151887224,0.151672145,0.151551732,0.151390798,0.151578052,0.152654888,0.15267188,0.153020838,0.15269419,0.152543903,0.152255908,0.151540155,0.151357436,0.151371779,0.150608658,0.150651322,0.151242288,0.150809842,0.151238988,0.151057311,0.149916647,0.149985929,0.14986422,0.149814541,0.149545276,0.149547019,0.148965161,0.147469819,0.146502368,0.145507084,0.144064309,0.143062263,0.142659863,0.141175588,0.139929546,0.139058934,0.137812325,0.136933922,0.135300748,0.134023858,0.132727277,0.131328332,0.129995721,0.128488835,0.126466681,0.12493034,0.122745018,0.120691649,0.118684465,0.116973287,0.114399805,0.111190728,0.109290299,0.106393922,0.103992833,0.102526237,0.100907152,0.09852956,0.095983352,0.09305259,0.08991837,0.087534126,0.085385207,0.082905428,0.080733062,0.078773439,0.076585804,0.074904741,0.073069329,0.071213396,0.069756074,0.068036238,0.066669882,0.065397711,0.064272206,0.06276128,0.061285678,0.060052772,0.058940243,0.057949285,0.057243795,0.056978554,0.056304965,0.055084973,0.054078269,0.053263853,0.052446539,0.052097561,0.051522866,0.050907974,0.050176999,0.04965678,0.049525525,0.049660005,0.049292201,0.048797711,0.048407374,0.047857556,0.047564755,0.047363433,0.047172681,0.046819725,0.046289457,0.046154173,0.04578351,0.045780517,0.045740678,0.045362279,0.045272417,0.045304713,0.045027246,0.045031172,0.044899673,0.044258316,0.043993482,0.043461849,0.043187695,0.043845004,0.044377448,0.044578498,0.045017662,0.04525012,0.045059003,0.044743166,0.04486302,0.044811102,0.04527329,0.045701048,0.046050063,0.046843281,0.047176652,0.047106446,0.047137491,0.046885492,0.047071148,0.047219479,0.047831446,0.048884682,0.049780145,0.050213084,0.050322663,0.05053068,0.050502601,0.050654401,0.051043448,0.051236018,0.051249952,0.051392643,0.051802937,0.052725164,0.053463332,0.05410193,0.054907343,0.055030586,0.0553076,0.055937759,0.056013771,0.0557475,0.055596671,0.055042022,0.054885199,0.054682986,0.055316208,0.056495584,0.057197958,0.058046055,0.058977712,0.059327145,0.059749641,0.060403301,0.061273239,0.062059404,0.063183335,0.063850501,0.064240973,0.064312323,0.064476049,0.064419834,0.064886273,0.065799225,0.066266726,0.066437346,0.066591931,0.066384911,0.06688214,0.068062225,0.068869764,0.069974348,0.070556557,0.070324565,0.070307781,0.070473593,0.070244804,0.070807912,0.071518253,0.071946118,0.07262054,0.073389143,0.074164469,0.074914744,0.076032612,0.076479799,0.076652821,0.076648549,0.076312087,0.076383917,0.07635563,0.076577717,0.077239808,0.078328689,0.079278905,0.080706924,0.081144345,0.081588784,0.081918021,0.081307252,0.081483252,0.081880276,0.082335258,0.083444425,0.08458777,0.085416122,0.085957618,0.086054074,0.08489624,0.084934716,0.084889036,0.084912314,0.085470832,0.08584713,0.086509827,0.087142381,0.088055889,0.089031345,0.089542825,0.08998081,0.090354651,0.090581473,0.090911916,0.090910464,0.091001214,0.091018321,0.091037272,0.09226285,0.09225184,0.092248557,0.092606318,0.092855958,0.093375371,0.09410722,0.0945503,0.095137337,0.095659262,0.096516336,0.096991925,0.097091978,0.097743888,0.098458473,0.099216047,0.09959182,0.099355567,0.099260371,0.099294906,0.099605747,0.099499634,0.099253049,0.099800797,0.099530877,0.100201508,0.101958653,0.102572374,0.102358995,0.102887897,0.102981035,0.102687418,0.103333308,0.103983329,0.104280787,0.104677842,0.105418186,0.10545772,0.105913973,0.106050193,0.106204378,0.10614437,0.106542578,0.106644628,0.106755663,0.108013335,0.10823424,0.108309466,0.108151274,0.107896217,0.108087274,0.108671316,0.108947587,0.109170693,0.109594104,0.109484094,0.110354838,0.111924835,0.112799593,0.112426545,0.111633626,0.111025432,0.110942593,0.111721909,0.112135426,0.113209797,0.112209952,0.111537479,0.111426928,0.11178669,0.113069787,0.113777991,0.113244065,0.11349039,0.113596304,0.11378721,0.1152522,0.114923046,0.114714965,0.11548147,0.116465453,0.116554691,0.117258062,0.116805939,0.116203631,0.116316764,0.116736544,0.11704659,0.117945577,0.118463124,0.119553414,0.118547078,0.118970309,0.116967983,0.118056789,0.117612528,0.118038937,0.11681828,0.117978909,0.117115292,0.116801741,0.117823225,0.118943637,0.119106489,0.120109065,0.119630261,0.117676937,0.118442958,0.118577619,0.118979848,0.120134988,0.12096006,0.121695284,0.122456135,0.122882474,0.121891923,0.121857198,0.120580914,0.119393315,0.117249742,0.116798752,0.116696443,0.117926203,0.117301461,0.118176912,0.117173494,0.117701268,0.117349141,0.116722845,0.117811821,0.117732032,0.116935541,0.117377686,0.118869546,0.118844595,0.118129997,0.11738287,0.116172893,0.11608654,0.11445438,0.114362192,0.115397544,0.116142258,0.117459639,0.118776837,0.119419785,0.120065809,0.119773358,0.120073763,0.119406893,0.119921526,0.12138127,0.120898868,0.120991968,0.119727109,0.120137604,0.11819398,0.117827442,0.119155533,0.118937991,0.118482574,0.117789627,0.118504204,0.118795313,0.120219135,0.121094013,0.120269189,0.11993975,0.118340096,0.117295257,0.116943124,0.115329007,0.115880815,0.117137583,0.119308988,0.120000131,0.120405029,0.120504069,0.121142883,0.119391849,0.12032398,0.120777622,0.120037608,0.118887557,0.117912287,0.116462351,0.115896187,0.115726745,0.115493829,0.115579741,0.116884717,0.118382868,0.118797874,0.118430765,0.116979165,0.115702568,0.115330372,0.115249612,0.114548211,0.115410811,0.116419687,0.116459122,0.116930836,0.11690406,0.116698383,0.116035327,0.115693394,0.11677542,0.116323871,0.116581325,0.116057491,0.116324918,0.116915173,0.118265727,0.119843106,0.120842292,0.121391227,0.119620656,0.11723251,0.116362055,0.114047285,0.112917688,0.113553155,0.11454039,0.117191499,0.117148264,0.114364881,0.113018939,0.110343143,0.109974549,0.111041898,0.111619066,0.112785774,0.113760284,0.113960953,0.113921824,0.112486948,0.111693584,0.110350541,0.110950153,0.108834403,0.108732503,0.108993971,0.108478477,0.10958043,0.109421176,0.107904198,0.105030423,0.102729745,0.102331001,0.100896762,0.101118168,0.102713958,0.10147277,0.10101984,0.102238237,0.102110922,0.102459914,0.103564151,0.1037963,0.10281409,0.103442664,0.104129041,0.10318669,0.103473133,0.102358782,0.102821314,0.103555495,0.102454276,0.099367799,0.098679771,0.101200955,0.099008864,0.099887575,0.101097707,0.09678147,0.095280336,0.09497219,0.093929051,0.094172406,0.094656063,0.09347685,0.092569041,0.092368634,0.093193261,0.095494344,0.095377219,0.093838491,0.091349893,0.089185674,0.088078697,0.086492519,0.086469061,0.085708806,0.084555391,0.086897055,0.088066621,0.089002958,0.090316718,0.089326295,0.087892864,0.085741345,0.085185005,0.086254744,0.087195414,0.08864862,0.089465845,0.092054517,0.091072063,0.088484151,0.088102709,0.087032637,0.085592498,0.08357246,0.08308164,0.080545179,0.080097674,0.085054855,0.086001929,0.085982324,0.085327177,0.080157768,0.08012228,0.08426051,0.085016731,0.08714846,0.085452722,0.077834987,0.072282,0.063355836,0.060873993,0.064204109,0.066817957,0.075081295,0.076718466,0.077717805,0.075258405,0.074944687,0.076715241,0.072835663,0.074624377,0.071083098,0.071990226,0.078689137,0.080960762,0.086853789,0.088646073,0.081097657,0.074746763,0.068870387,0.069294973,0.072218473,0.074227989,0.082813059,0.083462972,0.089285297,0.093591018,0.089043799,0.082420686,0.074989732,0.070581641,0.072532846,0.077723326,0.076494644,0.072923819,0.072298655,0.074193917,0.074905529,0.070520943,0.068735788,0.063564148,0.062472642,0.06680802,0.066382623,0.062014224,0.062800794,0.072667366,0.081278657,0.08502523,0.080239573,0.074127118,0.073564562,0.079839659,0.084310329,0.089522902,0.091533662,0.091985591,0.089292321,0.086108619,0.079889384,0.079609021,0.082961881,0.088569947,0.097381079,0.097413185,0.086771446,0.085610771,0.079448309,0.067685074,0.061452487,0.059396342,0.058643365,0.058785335,0.06591668,0.068462032,0.07187383,0.069452963,0.067472253,0.060777366,0.041654637,0.042055079,0.04307912,0.045527033,0.050251278,0.041374892,0.043037682,0.047235546,0.04629524,0.057102448,0.059884716,0.059650362,0.060627648,0.054973101,0.056813813,0.05823189,0.060003442,0.062114614,0.048907774,0.030468895,0.029946346,0.044601662,0.059139836,0.082132293
/data/asd/1/1549990903-00.asd,sp2_run8,0,0,0,0,-0.0354659,0,0.051139091,0.051429164,0.046876868,0.047881401,0.053835557,0.05408673,0.048654991,0.049497535,0.054815786,0.058242674,0.054982472,0.051090749,0.053157848,0.046764932,0.049580233,0.052003518,0.048861453,0.052604605,0.052990142,0.051784854,0.050462541,0.052447679,0.050923328,0.048405022,0.053634216,0.052845456,0.052297371,0.055465495,0.05351303,0.053678241,0.053768155,0.053942859,0.055582838,0.056413839,0.055339441,0.056434639,0.05526948,0.054633189,0.057141927,0.057092707,0.057356935,0.057136384,0.057739022,0.05692659,0.05809468,0.057958132,0.054062769,0.056483248,0.059284316,0.058893206,0.057143424,0.057605819,0.058414386,0.057716946,0.059605677,0.059681974,0.059441094,0.059280863,0.060999152,0.061323051,0.06087101,0.061526076,0.060404251,0.060542773,0.061255255,0.060353414,0.061508792,0.063163511,0.062296132,0.062050495,0.062545195,0.063508678,0.064551328,0.064816919,0.064957304,0.065082181,0.066435975,0.066039293,0.066167966,0.066995037,0.066261028,0.066178113,0.066752693,0.067762632,0.067704942,0.06796362,0.069396518,0.068822213,0.06913112,0.069769207,0.070428638,0.070929984,0.070710861,0.070656506,0.071809923,0.071903549,0.072178914,0.072580596,0.072154939,0.072398187,0.072876455,0.07303252,0.073419281,0.074020113,0.074377254,0.074218381,0.074682827,0.07519599,0.075293491,0.075461314,0.075463872,0.075619784,0.076312835,0.07647077,0.076637278,0.076851515,0.076661393,0.077193208,0.077457882,0.077519145,0.077782735,0.078005607,0.078289969,0.078900016,0.078807209,0.079244734,0.079787617,0.079275497,0.079549705,0.07981746,0.080354654,0.080723829,0.081245863,0.081377198,0.081024692,0.081652307,0.081939558,0.08214403,0.082574871,0.082588193,0.082892123,0.083849942,0.083963555,0.08420342,0.084344358,0.084422242,0.08512165,0.085125401,0.085239948,0.085599717,0.086014282,0.086452691,0.086840552,0.08748481,0.087589479,0.087830463,0.088166024,0.088321268,0.088784092,0.089318981,0.089267641,0.089677849,0.090216417,0.090389097,0.090616759,0.090868298,0.091441024,0.092098161,0.091893791,0.092356024,0.092709135,0.092853584,0.093044619,0.093349054,0.093961242,0.094392974,0.094633404,0.094886187,0.095210144,0.09581116,0.095990338,0.09613108,0.096316545,0.096641514,0.097099951,0.097388029,0.097659922,0.098035689,0.098240462,0.098935652,0.098937402,0.099347458,0.099814426,0.099800767,0.100044622,0.100500187,0.10075593,0.100968715,0.101250974,0.10151789,0.10204015,0.102215888,0.102343739,0.102834582,0.102969673,0.103431271,0.103633655,0.103696985,0.104016784,0.10428985,0.10447403,0.104828669,0.105200409,0.10531045,0.105347406,0.105531533,0.105590863,0.105699114,0.105765793,0.106071289,0.106276013,0.106245437,0.106553636,0.106721034,0.106621633,0.106792573,0.106967384,0.107175629,0.107252497,0.107398392,0.10757457,0.107676632,0.107671559,0.107737755,0.107740689,0.107993137,0.108190344,0.108244559,0.108434925,0.108648657,0.108733474,0.108673393,0.108747513,0.108891883,0.108956298,0.109023612,0.109240674,0.109237994,0.109025531,0.108921151,0.108960874,0.109300214,0.109383183,0.109187632,0.109182905,0.109289467,0.109324813,0.109314533,0.109126493,0.109322921,0.10947815,0.109370571,0.109268089,0.109315352,0.109464707,0.10943977,0.109412212,0.109497613,0.109591463,0.109578487,0.109543764,0.109594235,0.109672838,0.109678713,0.109759214,0.109794821,0.109644245,0.109518344,0.109528786,0.109668972,0.109821871,0.109849489,0.109696332,0.10979653,0.109748699,0.109841071,0.109866016,0.109898255,0.109967929,0.10992402,0.109847748,0.109770874,0.109795099,0.109881213,0.109939411,0.109901642,0.109860749,0.109872007,0.109900648,0.109840361,0.109934197,0.109937178,0.109806674,0.109765672,0.109736524,0.109803463,0.109804368,0.109583759,0.109589177,0.109539449,0.109548072,0.109530369,0.109485105,0.109454387,0.109459833,0.109458007,0.109356489,0.109278144,0.109296464,0.109458107,0.109569884,0.109646067,0.109688995,0.109736022,0.10969165,0.10974252,0.109779876,0.109995385,0.11020347,0.110157181,0.11012864,0.110290233,0.110286626,0.110503768,0.110607294,0.110753949,0.110966935,0.110875395,0.111031082,0.111305352,0.111370508,0.111289871,0.111324182,0.11174506,0.111963783,0.111739304,0.111829856,0.11218371,0.1122226,0.112215179,0.112394436,0.112538408,0.112766167,0.112763072,0.112784459,0.113027874,0.113026235,0.113225166,0.113437389,0.113401199,0.113608982,0.113720771,0.113749828,0.113996148,0.114211987,0.114142008,0.114175748,0.114309952,0.114519839,0.114812988,0.114859896,0.115194303,0.115218497,0.115126958,0.115266413,0.115510498,0.115555853,0.115602754,0.115651428,0.115802275,0.11608544,0.116139417,0.116279102,0.116429173,0.11656148,0.116787693,0.116832467,0.116906616,0.11701143,0.117004936,0.117227773,0.117373361,0.117358673,0.117431679,0.117650202,0.117926551,0.11817044,0.118245823,0.118447723,0.118605581,0.118683051,0.118707171,0.118887059,0.119084893,0.119308713,0.11947111,0.119589549,0.119724495,0.119635787,0.11972726,0.119951156,0.120004213,0.120326463,0.120275954,0.120242326,0.120618191,0.120717707,0.120742499,0.120829488,0.1209655,0.121217384,0.121382892,0.121457545,0.121737115,0.121754921,0.121814602,0.122111266,0.122174653,0.122350977,0.122547718,0.122417592,0.122674126,0.122846824,0.123072613,0.123175687,0.12340434,0.123376183,0.123688189,0.123556777,0.123587793,0.123898418,0.124064231,0.124062134,0.124348236,0.124479266,0.124578067,0.124717256,0.124845024,0.125109737,0.12518805,0.125079051,0.125144352,0.125072796,0.125441248,0.125851976,0.125600696,0.125579402,0.125650645,0.125953535,0.126016048,0.12604603,0.126064885,0.126064322,0.12586392,0.126217178,0.126508578,0.126588994,0.12654299,0.126481709,0.126359406,0.126785986,0.127061359,0.127044711,0.127091182,0.126720626,0.126897789,0.127505612,0.127026688,0.127368982,0.127261824,0.127195953,0.127258958,0.127178056,0.127459762,0.127647501,0.127371146,0.127816105,0.127403712,0.127660068,0.127722652,0.127444568,0.12770981,0.127793643,0.127687468,0.127980627,0.128314188,0.127904277,0.127895693,0.128483322,0.127428437,0.12768284,0.127863518,0.127326849,0.12813537,0.128168643,0.128023986,0.128398272,0.128747225,0.128179774,0.128488531,0.127853361,0.128658614,0.128331091,0.127591917,0.127135063,0.128048474,0.128816517,0.128618728,0.12830571,0.12816425,0.128402659,0.128284728,0.129339151,0.128801621,0.128297379,0.128772188,0.12875037,0.128900836,0.12862568,0.129236413,0.128189172,0.12803414,0.128884017,0.128951376,0.129476542,0.129257686,0.128885297,0.128654233,0.128811754,0.129556013,0.129074285,0.12926764,0.128974156,0.128924382,0.128904612,0.129315684,0.129360744,0.129008511,0.129167658,0.129371591,0.129172426,0.129349846,0.129090687,0.129676457,0.129567291,0.129759071,0.129695325,0.129485744,0.129200113,0.130058076,0.130041343,0.130083794,0.130198201,0.130279908,0.13046796,0.130504295,0.130286791,0.130522089,0.1306128,0.130382244,0.130269691,0.130338558,0.130707058,0.130630968,0.130735867,0.130948352,0.130616231,0.130869408,0.130630042,0.130703298,0.130879975,0.131313866,0.130903408,0.131432959,0.131530755,0.131355125,0.13139594,0.131291405,0.131514732,0.131886846,0.131617244,0.131683221,0.131641978,0.131553349,0.132072532,0.131665014,0.13206603,0.131938023,0.131733924,0.132580329,0.132355364,0.131831998,0.132523632,0.132188625,0.131956428,0.132588527,0.132217462,0.132184168,0.132567412,0.132593102,0.133003664,0.133016172,0.132908782,0.133382231,0.132427397,0.132871991,0.133698201,0.132947772,0.133733371,0.133716484,0.133581797,0.133936933,0.133181177,0.133533216,0.134040922,0.13320458,0.134203997,0.13464414,0.133555994,0.134472843,0.133507384,0.133692205,0.135465074,0.133869945,0.134531878,0.134855802,0.134119863,0.135008304,0.134222314,0.13395821,0.135483361,0.134715814,0.135368339,0.135909396,0.135129896,0.136466734,0.136104931,0.135132247,0.135645036,0.134726257,0.136419417,0.136363584,0.136155161,0.13671236,0.136947315,0.13763304,0.137572665,0.136783698,0.136702988,0.136610722,0.136891555,0.13813546,0.138533423,0.138660466,0.138640986,0.138230541,0.138122939,0.138237115,0.138752019,0.138460211,0.138383564,0.138689571,0.138753306,0.139115305,0.140464082,0.140443284,0.139719413,0.139386415,0.138475949,0.138362961,0.139456274,0.139936387,0.140344405,0.140500716,0.140435697,0.140361933,0.140387739,0.140313237,0.140371821,0.140611685,0.140895256,0.141559507,0.141696546,0.141283465,0.141181713,0.141566797,0.141317108,0.141088157,0.141198143,0.140816108,0.141266114,0.141840221,0.141886015,0.141845962,0.141616996,0.141521563,0.141418467,0.141481065,0.142052713,0.141901189,0.141392211,0.141323382,0.141794105,0.141856837,0.142027188,0.142515537,0.142436113,0.142142857,0.142131335,0.142123676,0.142108029,0.141941181,0.141906611,0.142122557,0.142311494,0.142196243,0.142293565,0.142890051,0.142932107,0.142831046,0.142988267,0.143292484,0.143779961,0.144056292,0.143942536,0.143915714,0.143811535,0.143781081,0.143837881,0.143778775,0.143567618,0.143584035,0.143560349,0.143695465,0.143944853,0.14411677,0.144097383,0.144312907,0.144522838,0.144384532,0.144468474,0.144679357,0.144876659,0.144998408,0.145267608,0.145371111,0.14541658,0.145344924,0.14536955,0.145190143,0.145098111,0.145179373,0.145329541,0.145811883,0.145912561,0.145976234,0.146166239,0.14594698,0.145867412,0.145927855,0.145866129,0.145934988,0.145956836,0.146002095,0.145994558,0.146167743,0.146310844,0.146368507,0.146387645,0.14645545,0.146320735,0.146498518,0.146557097,0.146644475,0.146624512,0.146456356,0.146642568,0.146510706,0.146321373,0.14623931,0.146261686,0.146107834,0.145920845,0.145914051,0.145885839,0.145547977,0.145088822,0.145031275,0.145091457,0.14496163,0.145050745,0.145265714,0.145277189,0.145203956,0.145295874,0.145504165,0.145480504,0.145313227,0.145340779,0.145163652,0.145017816,0.145028023,0.145441814,0.145599319,0.145654314,0.146009945,0.14605183,0.145850454,0.145858152,0.146052947,0.146050599,0.14586896,0.146324721,0.146295244,0.146059471,0.146120989,0.146290952,0.146072869,0.145905875,0.145938822,0.145884256,0.14595717,0.146183939,0.146407581,0.146493155,0.146455049,0.146692235,0.146843712,0.14669909,0.146739659,0.146787153,0.147063156,0.147299846,0.147642902,0.147867466,0.147833114,0.147802073,0.147965769,0.147980927,0.147986054,0.147884458,0.147745186,0.147917657,0.147935045,0.148127637,0.148401425,0.148562556,0.148874016,0.149089978,0.149170967,0.14918927,0.149116524,0.148926371,0.149051809,0.149103648,0.149229126,0.149224381,0.149447165,0.149658313,0.14994187,0.15028552,0.150680001,0.150700568,0.150845799,0.151027709,0.151031427,0.151113854,0.15145754,0.15162069,0.151908461,0.152152561,0.152413658,0.152509742,0.15262265,0.152766607,0.152963986,0.153132181,0.153322467,0.15348643,0.153515561,0.153550747,0.153736658,0.153831941,0.154045437,0.154266701,0.154435488,0.154696443,0.154835514,0.154926562,0.155101031,0.155212592,0.155330707,0.155413951,0.155569025,0.155846617,0.156024134,0.156088922,0.156144277,0.156134956,0.156236021,0.156786519,0.156992268,0.157156701,0.157311465,0.157266895,0.157160991,0.157332934,0.15763495,0.157800374,0.157967245,0.15811764,0.158172379,0.158327535,0.158810766,0.158991682,0.158981708,0.159002588,0.15881469,0.158833112,0.15909707,0.159140882,0.159225691,0.159356978,0.159436899,0.159428394,0.159569336,0.159796529,0.159852476,0.159824595,0.159899636,0.159894401,0.159919219,0.160050767,0.160126721,0.160143144,0.160068271,0.159869939,0.159902038,0.160005945,0.160036882,0.160116269,0.160117457,0.160171539,0.160246493,0.160289664,0.160335849,0.16039158,0.160261276,0.160121859,0.160117442,0.160142407,0.160198707,0.160184912,0.160264532,0.160231883,0.160004809,0.159925469,0.159928888,0.159795711,0.159663239,0.159632629,0.159601282,0.15959053,0.159665855,0.159662048,0.159681961,0.15958252,0.159456007,0.159331269,0.159163407,0.15898343,0.158797809,0.158563489,0.1583759,0.158114152,0.15798963,0.15800076,0.157875951,0.157797688,0.157573187,0.157202418,0.156972777,0.15662264,0.156400079,0.156305543,0.156140913,0.155985999,0.155932301,0.155938253,0.155803536,0.155689782,0.155544807,0.155383954,0.155211138,0.15492296,0.15475447,0.154618047,0.154596595,0.154452663,0.154426691,0.154362047,0.154115914,0.153805318,0.153490813,0.1533006,0.15308424,0.152836456,0.152636763,0.152398682,0.152154748,0.1518196,0.151504644,0.151163889,0.150734292,0.150210242,0.14971129,0.149060643,0.148293105,0.147547172,0.146896347,0.145954182,0.144905643,0.143901575,0.14267492,0.141556454,0.140455479,0.1394854,0.138158641,0.136671497,0.135209075,0.13351729,0.131944707,0.130407788,0.128862608,0.127246437,0.125582567,0.12398781,0.122483364,0.120963549,0.119308942,0.117824,0.116245944,0.114545926,0.113033075,0.111451141,0.110039449,0.10854747,0.107303725,0.106332581,0.10533463,0.104415586,0.103392379,0.102285078,0.101324644,0.100458508,0.099735121,0.098986386,0.098343658,0.097750605,0.097002344,0.096448253,0.096035502,0.095551107,0.095081304,0.094585958,0.093970774,0.093576294,0.09331975,0.093024457,0.092749115,0.092490398,0.092115786,0.091812166,0.091541597,0.091255605,0.090947524,0.090727707,0.090576401,0.090364403,0.090189835,0.090033045,0.08985478,0.08974694,0.089771749,0.08977993,0.089585789,0.089405523,0.08928422,0.089189716,0.089300679,0.089397365,0.089521218,0.089674733,0.089889261,0.089832351,0.090056076,0.090346033,0.090527637,0.09073499,0.090931077,0.090916905,0.091196638,0.09146897,0.091753453,0.092281508,0.092514816,0.092549705,0.092849932,0.093059846,0.093321339,0.093771029,0.094060699,0.094349872,0.094724173,0.095197833,0.095630826,0.09611755,0.096606061,0.097079007,0.097540471,0.098101991,0.098640707,0.098951581,0.099394519,0.099897609,0.100246666,0.1008297,0.101308547,0.101723509,0.102255706,0.102850271,0.103510934,0.104186054,0.104744659,0.105417104,0.105978122,0.106587482,0.107032564,0.107670199,0.108254584,0.108858097,0.109472771,0.110121027,0.11054858,0.111215792,0.111852396,0.112501118,0.113128983,0.113763359,0.114146936,0.114761343,0.115326745,0.115967537,0.116658073,0.117334079,0.118053897,0.11863145,0.118921366,0.119293578,0.119609759,0.120225737,0.120829439,0.121388352,0.121780078,0.122500618,0.123149641,0.123638755,0.124371751,0.125000601,0.125490932,0.125968162,0.126599815,0.127037496,0.127322938,0.127755224,0.128017515,0.128511075,0.129136558,0.129563116,0.1301823,0.13065209,0.131241774,0.131598532,0.132333924,0.132833081,0.13324379,0.133758221,0.134046875,0.134488396,0.135074275,0.135556197,0.136139626,0.136620671,0.137131693,0.137615741,0.138082012,0.138494359,0.138971842,0.139273982,0.13956687,0.140037199,0.140431492,0.140761891,0.14126374,0.141682657,0.142071831,0.142593217,0.143085071,0.143608077,0.143961868,0.144399889,0.144697446,0.144940023,0.145189068,0.145574831,0.145868841,0.146154393,0.146558762,0.146916437,0.147293301,0.147739429,0.148106109,0.148192137,0.148551619,0.148952407,0.149331922,0.149668468,0.149952904,0.14997154,0.150285608,0.15087932,0.151249921,0.151574262,0.151818856,0.151792897,0.152175608,0.152708084,0.153050271,0.153251462,0.153619751,0.153691768,0.153903793,0.154246987,0.154376806,0.154507493,0.154753413,0.154973606,0.15531082,0.155920413,0.156016881,0.15618604,0.156521419,0.156686134,0.15678995,0.157144677,0.15741474,0.157579048,0.157694033,0.157952644,0.158159052,0.158272391,0.158480904,0.158861394,0.159007895,0.159272103,0.159533205,0.159597753,0.159830234,0.160039926,0.160348649,0.160885124,0.16110887,0.161062668,0.161147301,0.161026212,0.161255942,0.161710166,0.161813529,0.161682891,0.161931694,0.162085536,0.162033738,0.16222657,0.162364583,0.162183858,0.162152123,0.162519122,0.16284623,0.163138718,0.163386687,0.163486246,0.163574855,0.163996876,0.164111654,0.163965195,0.164048247,0.164003863,0.164156776,0.164544323,0.164741365,0.164733449,0.164874526,0.165287155,0.165540156,0.165745575,0.165789799,0.165668445,0.165936544,0.166149329,0.166057402,0.166060706,0.165955731,0.165586853,0.165559072,0.165838469,0.165949877,0.16623443,0.166429227,0.166486242,0.166538838,0.166656758,0.166726805,0.166601748,0.166820483,0.166745952,0.166593606,0.166720194,0.166639764,0.1667966,0.1670211,0.167026539,0.167045581,0.167090312,0.167211585,0.167134031,0.167141931,0.16717405,0.167103145,0.167121684,0.166965438,0.166641784,0.166278142,0.166321456,0.166491712,0.166524861,0.166562937,0.166430482,0.166229998,0.166162637,0.165998203,0.165646665,0.165691279,0.165910596,0.166055474,0.165983168,0.165662611,0.165702508,0.165490739,0.165460628,0.165476759,0.165240926,0.164613374,0.164561003,0.164328429,0.164210311,0.164086583,0.163735473,0.163617842,0.16358325,0.163726481,0.163539021,0.162700805,0.162328095,0.161909181,0.161712602,0.161781,0.161641975,0.161229988,0.160940546,0.160556527,0.160246331,0.159475015,0.159237277,0.15908118,0.158806637,0.158793182,0.158566432,0.15798025,0.157533335,0.157571829,0.157248672,0.15662642,0.156588685,0.156328667,0.155842481,0.15547684,0.155305691,0.154943557,0.15474331,0.154654024,0.15456473,0.154113144,0.153713476,0.153606919,0.152906563,0.152367461,0.152210052,0.152005529,0.151841861,0.151744369,0.151301832,0.151033348,0.150994451,0.150862523,0.150819384,0.150622908,0.150564104,0.150089632,0.149885363,0.149610185,0.149231969,0.149037736,0.148542054,0.148276568,0.148520115,0.148551755,0.148550908,0.148559041,0.148456669,0.148414469,0.148502322,0.148476499,0.148746976,0.148766981,0.148657559,0.148541579,0.148664723,0.148495714,0.147973236,0.14788295,0.147887106,0.148366448,0.147988794,0.147456152,0.147193444,0.147506298,0.147732227,0.147889836,0.148206798,0.148545706,0.14863162,0.148675201,0.148168964,0.148479348,0.148728959,0.148867875,0.149185324,0.149244941,0.148851458,0.148387171,0.148372813,0.148503633,0.148069066,0.147725102,0.14806082,0.148610499,0.148773413,0.149129012,0.149096093,0.148902442,0.149167224,0.14876775,0.148594512,0.148247916,0.148297258,0.148130584,0.147897512,0.148006471,0.148132927,0.147693625,0.147669769,0.148271794,0.147634634,0.147282548,0.146820185,0.145821779,0.145482754,0.14456622,0.144163744,0.143337772,0.14301044,0.14273941,0.14231745,0.141686997,0.140991305,0.139753022,0.138481446,0.137994441,0.136735332,0.135320451,0.134167599,0.133021826,0.131988917,0.130722559,0.129758442,0.129243902,0.127853545,0.126081844,0.124341817,0.121724739,0.119898474,0.117794366,0.115706592,0.113540672,0.111503645,0.108939143,0.106240256,0.10423127,0.101214355,0.098678235,0.096329208,0.094254668,0.09225172,0.089932172,0.087615889,0.085112639,0.082967441,0.080724786,0.078406003,0.076234486,0.074338735,0.072590843,0.070680155,0.068828568,0.067012028,0.065188738,0.063459549,0.06187863,0.060358502,0.05908534,0.057453637,0.056175513,0.055602553,0.054910956,0.05454,0.054225289,0.053393736,0.05275918,0.051857213,0.05086253,0.050052036,0.049607464,0.049012227,0.047960902,0.047171158,0.04653687,0.046157353,0.045804988,0.045904521,0.04586408,0.045658688,0.045410367,0.045198095,0.044941156,0.044301368,0.04362168,0.043314519,0.042980188,0.042586441,0.042390389,0.042125798,0.041872271,0.042015077,0.042105762,0.042278101,0.042402604,0.042411571,0.042496288,0.042691001,0.042521433,0.042117482,0.041685173,0.041066725,0.040567481,0.04047334,0.040567231,0.040838514,0.041318222,0.041888093,0.042368668,0.042682677,0.043427001,0.043979863,0.044406156,0.045091549,0.04520145,0.045409686,0.045647242,0.045975082,0.046159269,0.046290805,0.046149703,0.046176249,0.046041508,0.046031058,0.046174678,0.046135139,0.046727553,0.047224794,0.047828757,0.047994379,0.048199078,0.04819797,0.048075418,0.048403047,0.049011216,0.04950872,0.049705888,0.050060723,0.050473108,0.051009884,0.051492658,0.05227965,0.05260931,0.052666939,0.052776091,0.052731709,0.052792157,0.053068153,0.053144534,0.053420558,0.054278681,0.055132376,0.056074647,0.056767456,0.05730497,0.057752238,0.057977524,0.058344394,0.058528834,0.058703632,0.059224378,0.059419234,0.059963916,0.061035959,0.06135305,0.061957335,0.062290703,0.062498661,0.062753219,0.063012191,0.06330777,0.063306569,0.063770003,0.064135878,0.064978142,0.066337603,0.06684695,0.06733353,0.068339562,0.068950999,0.069459989,0.070116436,0.070996266,0.071548629,0.071819815,0.072155457,0.072726016,0.07289264,0.073339838,0.073693883,0.073814666,0.074342698,0.074700197,0.075144442,0.075455428,0.07549506,0.075469159,0.075458797,0.076041658,0.076848133,0.077567276,0.078965787,0.079429708,0.079475497,0.079594508,0.079613468,0.079735438,0.08001405,0.080234823,0.080676009,0.081070063,0.081261629,0.08145362,0.081765875,0.082498412,0.082922088,0.083741507,0.083864116,0.084054507,0.084721724,0.085000366,0.085851215,0.08659764,0.086858187,0.087034351,0.08770985,0.087524877,0.087759894,0.087517156,0.08679641,0.086868839,0.087816346,0.088198306,0.088461615,0.088875611,0.089061972,0.08910843,0.089648314,0.08987477,0.090192401,0.091234383,0.09226327,0.093839314,0.094629584,0.094836116,0.095011315,0.094537437,0.094971576,0.095408608,0.095284574,0.095682172,0.096510752,0.096518475,0.096948207,0.097293995,0.097074168,0.097799507,0.0991909,0.099255959,0.099776181,0.100179794,0.099379484,0.099534442,0.100444119,0.10047869,0.101161318,0.101751823,0.101635786,0.101160128,0.101815481,0.10239559,0.102537054,0.103828065,0.104035143,0.103609837,0.103744972,0.104701138,0.105050111,0.105214419,0.105514503,0.105285364,0.105696193,0.106951856,0.107538562,0.107898265,0.108093915,0.10719659,0.106722987,0.105802428,0.105892812,0.106303146,0.104924369,0.106237867,0.107108794,0.107175634,0.108569008,0.109434314,0.109892262,0.110543034,0.110358103,0.110631877,0.11039034,0.111329395,0.111908372,0.111600587,0.111057129,0.110448143,0.111262487,0.11193833,0.112450222,0.112052637,0.111774105,0.112139572,0.112226921,0.112142964,0.112683689,0.111544749,0.112398346,0.112798107,0.113900307,0.112651282,0.114331762,0.114354997,0.114495313,0.113362646,0.114358436,0.113361145,0.113377671,0.113529752,0.112600672,0.112276686,0.112311313,0.111955574,0.112182538,0.113397287,0.113399145,0.113608199,0.113841345,0.114364477,0.115189264,0.115855506,0.116136041,0.115374297,0.115308291,0.114617969,0.114059978,0.113519457,0.113887018,0.112881655,0.11378013,0.112950867,0.114286902,0.114875013,0.116231854,0.117263314,0.11682886,0.116974468,0.116499232,0.114921673,0.114712626,0.115081536,0.115134858,0.115344691,0.115392365,0.11629993,0.11744497,0.117268264,0.116477839,0.116441222,0.116445352,0.115800626,0.115417541,0.116648217,0.117404194,0.116024038,0.116712051,0.115465605,0.11353194,0.114424326,0.11441957,0.114910454,0.115597524,0.116459131,0.114839647,0.114571801,0.114653417,0.114151384,0.114612096,0.11376137,0.113289145,0.113390542,0.114524043,0.115466443,0.115561077,0.116618135,0.116024898,0.114380032,0.113256914,0.111695215,0.111935979,0.113239853,0.114427054,0.114490873,0.113922741,0.113900218,0.114707968,0.11468524,0.115373684,0.114703225,0.113837987,0.112570284,0.112307779,0.113328302,0.113613735,0.113929137,0.11331507,0.111876965,0.112187975,0.111447135,0.111312465,0.112152113,0.111235151,0.11229206,0.112353228,0.111042215,0.109289338,0.10932451,0.109230208,0.11082715,0.111697102,0.112901079,0.113882524,0.114139784,0.114896562,0.115575945,0.11450648,0.114808228,0.11358594,0.112615532,0.113012903,0.111903601,0.110522731,0.110406787,0.110291462,0.109416259,0.110322637,0.110730218,0.110577929,0.109369723,0.10749404,0.107104893,0.106284698,0.105837376,0.105031247,0.10522861,0.106695226,0.107656825,0.108434579,0.108343758,0.106628637,0.105817767,0.104982563,0.104264844,0.102321959,0.102296432,0.103831115,0.103592362,0.103584612,0.104062535,0.102558778,0.101952722,0.103051711,0.102201929,0.100491724,0.099973555,0.099555425,0.101480796,0.10255572,0.102993566,0.10403427,0.10156059,0.100319199,0.10107819,0.100030563,0.099134712,0.099814078,0.09981209,0.098820214,0.099371071,0.100745181,0.100170198,0.097396706,0.096909236,0.096353402,0.096185936,0.097914886,0.098104242,0.097079543,0.095717286,0.094852821,0.093551812,0.095155144,0.096971494,0.095934501,0.095525645,0.093930117,0.09171836,0.090668895,0.090577052,0.09211782,0.093883548,0.095908465,0.097151246,0.096921729,0.094739546,0.093568352,0.094809059,0.095296266,0.096119888,0.095519912,0.092017749,0.090451365,0.091757909,0.091554358,0.090881449,0.091636337,0.089658871,0.088528027,0.090804758,0.089996856,0.087122663,0.086482988,0.08539737,0.085058191,0.087869276,0.087844949,0.086820262,0.087090266,0.086298043,0.085195934,0.082752862,0.082249461,0.08112164,0.080674791,0.082668607,0.085244809,0.090239231,0.090387684,0.088355955,0.086736284,0.080843061,0.077908002,0.076342887,0.076755136,0.077225704,0.077191012,0.082230793,0.080420608,0.073829089,0.071370359,0.065757221,0.067734324,0.071935417,0.073922495,0.073852341,0.075081151,0.072574608,0.074014634,0.074968811,0.075561295,0.079378642,0.08007156,0.081748304,0.082086586,0.075932237,0.075933679,0.073068231,0.066409942,0.071966803,0.070036016,0.065595723,0.065564597,0.063240213,0.056510992,0.058292855,0.064326954,0.06261536,0.062888808,0.064695215,0.060087483,0.054978795,0.056480158,0.056936245,0.059051934,0.068350208,0.072725309,0.066792686,0.062939219,0.060910335,0.056187723,0.063024441,0.068364318,0.063993124,0.060028115,0.057474901,0.054184895,0.052242399,0.058090991,0.06012494,0.062189213,0.067651254,0.069722947,0.067374771,0.066086919,0.065935812,0.069053486,0.073617435,0.080011633,0.075321964,0.06477347,0.059473982,0.051226119,0.052347947,0.066970132,0.074194813,0.079346511,0.072799969,0.068483165,0.054798248,0.053872926,0.065706435,0.065543943,0.066145455,0.066418257,0.060325597,0.059303972,0.06835447,0.06609315,0.056362976,0.043435437,0.027792368,0.029666616,0.032747786,0.041066685,0.05088242,0.05256541,0.061641043,0.059058562,0.050331766,0.04438241,0.033139577,0.01543057,0.010670905,0.015053587,0.00951969,0.026098295,0.054303094,0.06385971,0.065047742,0.053628255
/data/asd/1/1549990914-00.asd,sp2_run8,0,0,0,0,-0.0354659,0,0.039384696,0.042360583,0.039557754,0.042435896,0.052070169,0.054374635,0.052132624,0.051407849,0.054174438,0.055103106,0.053250839,0.050101275,0.046148061,0.045438963,0.049428141,0.052815915,0.051898418,0.053271037,0.05287636,0.052704741,0.054233706,0.05241373,0.051722191,0.050416133,0.053434442,0.051935316,0.051877171,0.054552505,0.054088174,0.052710471,0.052401558,0.053988328,0.054114537,0.052916658,0.05333025,0.056475994,0.054430826,0.052135736,0.055790204,0.057376202,0.054849383,0.054100359,0.056998776,0.057310697,0.056687682,0.056297045,0.057687549,0.056722841,0.056480834,0.05718762,0.057719238,0.055778487,0.056326107,0.058976253,0.059000788,0.058681086,0.058262654,0.05808899,0.05977971,0.060897109,0.060141239,0.060026244,0.061044771,0.061226025,0.060695892,0.059377457,0.060341043,0.061593324,0.060553605,0.061319618,0.062294092,0.062979603,0.063490509,0.064237678,0.06469599,0.064604022,0.064675142,0.06494241,0.065966922,0.066980518,0.066773181,0.066052436,0.066685452,0.067468196,0.06773036,0.067550608,0.068355975,0.068997194,0.068481546,0.068708586,0.070301475,0.070093968,0.06974678,0.070028336,0.071310757,0.07117428,0.071597834,0.072815375,0.072516389,0.072429659,0.072837731,0.072971233,0.073564396,0.073859599,0.074225948,0.074282945,0.074541933,0.074769677,0.074791986,0.075136953,0.075192318,0.075427565,0.075985018,0.076184397,0.076126078,0.076424979,0.076512921,0.077242567,0.077403661,0.077373319,0.077816228,0.078128457,0.078274667,0.078364393,0.078685506,0.079027825,0.079065633,0.078960761,0.079760377,0.080117018,0.08019951,0.080454181,0.080816656,0.081002453,0.080959884,0.081732579,0.081815148,0.081457898,0.082294281,0.082671461,0.083058319,0.083562444,0.083585234,0.083845761,0.084009649,0.083856883,0.084627786,0.085087879,0.085391503,0.085642766,0.085723962,0.085745633,0.086193257,0.086716243,0.087128971,0.087672376,0.088333194,0.088457108,0.088571068,0.088697814,0.088853129,0.089287304,0.089817076,0.090318826,0.090448852,0.09093645,0.091619894,0.091916468,0.091791148,0.092096217,0.092304495,0.093088463,0.093216464,0.093112229,0.09379088,0.094371041,0.094450025,0.094697084,0.09513832,0.095682702,0.095929549,0.096138837,0.096510136,0.096897066,0.097158804,0.097369641,0.097829107,0.098198193,0.09812042,0.098652877,0.098790568,0.099237115,0.099650393,0.099921116,0.100129061,0.100517281,0.100870227,0.100992686,0.101199739,0.101507794,0.101910806,0.102145858,0.102330778,0.102753323,0.102930919,0.103237267,0.103340294,0.103697453,0.104141637,0.104398805,0.104467599,0.104725528,0.105076924,0.105249005,0.105289663,0.105478923,0.105499976,0.105578303,0.105682433,0.105988059,0.106203347,0.106302641,0.10639044,0.106467339,0.106434035,0.10680145,0.106973325,0.107145013,0.107309305,0.107410273,0.107536447,0.107640251,0.107712187,0.107745269,0.107767474,0.10791351,0.108045323,0.108213481,0.108417476,0.108469688,0.108557863,0.108658942,0.108836765,0.108877636,0.109163161,0.109144742,0.109151792,0.109039269,0.109072924,0.109090054,0.109003679,0.109095096,0.109185423,0.109131244,0.109072743,0.109141837,0.109231213,0.109377789,0.109233364,0.109296715,0.109377208,0.109318174,0.109169978,0.109206421,0.109313083,0.109284051,0.109316766,0.109408571,0.109488586,0.109433697,0.10942181,0.109522496,0.109657743,0.109606653,0.109641541,0.109625221,0.109408783,0.109511506,0.109664288,0.109755097,0.109628033,0.10957883,0.109626581,0.109825894,0.109820309,0.109769688,0.109682656,0.109929747,0.109864626,0.109743918,0.109853473,0.109979368,0.110007672,0.109909122,0.109913172,0.109983026,0.109899821,0.109766746,0.109849143,0.109823733,0.10977052,0.109670978,0.109816625,0.10981585,0.10967971,0.109548616,0.109747158,0.109697948,0.109533616,0.109524527,0.109598116,0.109532935,0.109320963,0.109330822,0.109390564,0.109393288,0.109238583,0.109324608,0.109392705,0.109607923,0.109510419,0.109435717,0.109451578,0.109466349,0.109572274,0.109720348,0.109778001,0.109968583,0.110167547,0.110129763,0.110281637,0.110269668,0.110256644,0.110534005,0.110713432,0.11078747,0.110998212,0.110975712,0.111049155,0.111151908,0.1110601,0.111145393,0.111423154,0.111667455,0.111704281,0.11157385,0.111730163,0.112075469,0.112048575,0.112254217,0.112446611,0.112450222,0.112620724,0.112634563,0.112683773,0.112976977,0.112949963,0.113250945,0.113452176,0.113203386,0.113416056,0.113729846,0.113810639,0.114000901,0.114019066,0.113990552,0.114172954,0.114371859,0.114416249,0.114728935,0.114890995,0.11497005,0.115060201,0.11513004,0.115279497,0.115448076,0.115498731,0.115623954,0.115675828,0.115793149,0.116032802,0.116033088,0.116234785,0.11629919,0.116400411,0.116762287,0.116659093,0.116752367,0.117027214,0.117089727,0.117184021,0.117366387,0.117485207,0.117586316,0.117635995,0.117788623,0.118116572,0.118189408,0.118365173,0.118558712,0.118677855,0.118870592,0.11902937,0.118990152,0.119258387,0.119534143,0.119634516,0.119685657,0.119688008,0.119797736,0.119951089,0.119895962,0.12032727,0.120294892,0.120222339,0.120685655,0.12075215,0.120755523,0.120958211,0.1209883,0.121230368,0.121435882,0.121486216,0.121833371,0.121777525,0.121687113,0.121945675,0.122133985,0.122313226,0.122471762,0.122558663,0.122803533,0.122957732,0.123143656,0.123184931,0.123431041,0.123365664,0.123530435,0.123601013,0.123650339,0.123839895,0.12400623,0.124228879,0.12452671,0.124432425,0.124519095,0.12461576,0.124742471,0.125059781,0.125045711,0.125021617,0.125240913,0.125091537,0.125443534,0.125814508,0.125629684,0.125703625,0.125798428,0.126098349,0.126130983,0.1261789,0.126157575,0.12619523,0.126148075,0.126298625,0.126612083,0.126826531,0.126774173,0.126543899,0.126393102,0.126962385,0.127142459,0.127029141,0.127115634,0.126714338,0.126938058,0.127628103,0.127237377,0.127553441,0.127232899,0.127156343,0.12739112,0.127355689,0.127440006,0.127461409,0.127287248,0.127911081,0.127484185,0.127722752,0.127677041,0.127525525,0.127732908,0.127679768,0.12762752,0.128081153,0.128334424,0.127894201,0.128072102,0.128394616,0.127394063,0.127949275,0.128097902,0.127473573,0.12839075,0.12848868,0.128137183,0.128249696,0.128665091,0.128397337,0.128736509,0.128054265,0.128806926,0.128455036,0.127708548,0.127382212,0.128318244,0.128885183,0.12858866,0.128435537,0.128474856,0.128633413,0.128540852,0.129607131,0.129146965,0.128814762,0.129060287,0.128767716,0.128931478,0.128712268,0.129467992,0.128399469,0.128273402,0.129029202,0.128971397,0.129565817,0.129644682,0.129235891,0.128795967,0.128764569,0.12966747,0.129240279,0.129434473,0.129127805,0.129373489,0.129182442,0.129258578,0.129312366,0.129306148,0.129501773,0.129656242,0.129398219,0.129577741,0.129260921,0.129902509,0.130114496,0.130125851,0.129944216,0.129685081,0.12968854,0.130444726,0.130394751,0.130461693,0.130059045,0.13033044,0.130679948,0.130547029,0.130520621,0.130829938,0.130889093,0.130794879,0.130931628,0.130990368,0.131208576,0.131021764,0.131033308,0.131145392,0.13096926,0.131421847,0.131313754,0.131274453,0.131237994,0.131565167,0.131305475,0.131620959,0.131431987,0.13163691,0.131954692,0.131925552,0.131866412,0.131880119,0.131906725,0.131996794,0.132180835,0.132359298,0.132206794,0.131778732,0.132565522,0.132459401,0.132547611,0.132978385,0.132519899,0.132426206,0.132852148,0.132560497,0.132829161,0.133091686,0.132662409,0.132746788,0.13263607,0.132568569,0.133155838,0.133131429,0.133231009,0.133844883,0.132964097,0.133481714,0.134042049,0.133682546,0.133796866,0.133561986,0.133649376,0.134085131,0.133339978,0.134324739,0.135140152,0.133870991,0.135247442,0.135496993,0.133520881,0.134076098,0.133931081,0.133979032,0.133954302,0.133728087,0.135291409,0.135409946,0.13378099,0.135588486,0.134411408,0.134196933,0.136482511,0.135203483,0.135287385,0.136056906,0.135759712,0.13642188,0.136543136,0.13559385,0.135974672,0.136165798,0.136976115,0.13651734,0.136826958,0.137557523,0.138140039,0.139536559,0.139810264,0.139766837,0.13975149,0.139570271,0.139491075,0.139572499,0.139459574,0.139364281,0.139339287,0.139265605,0.139311564,0.139744956,0.139985711,0.139905203,0.140240501,0.140377395,0.140382472,0.140272861,0.140282017,0.140186961,0.13983252,0.139945808,0.140408513,0.140356186,0.14015879,0.140198605,0.139991003,0.140336141,0.140629064,0.141023035,0.141575831,0.141530995,0.141512256,0.141809224,0.141948961,0.141849686,0.1418481,0.1417279,0.141827762,0.142128981,0.142482951,0.143133194,0.143352444,0.143037856,0.142922988,0.142989841,0.142571892,0.14261208,0.142900758,0.142796918,0.142482076,0.142473861,0.142473789,0.14238112,0.142393299,0.142524703,0.142887843,0.143006801,0.143285481,0.143708443,0.143908155,0.144200142,0.143828366,0.143473261,0.143469626,0.143401217,0.143348385,0.143599968,0.143823516,0.143902483,0.143894827,0.143935213,0.143948063,0.143888485,0.143860394,0.14417796,0.144305941,0.144453021,0.14437155,0.144160059,0.144112067,0.144226296,0.144415764,0.144393804,0.144392751,0.144400374,0.144295802,0.144095216,0.143899414,0.144166604,0.144387466,0.144547693,0.144631408,0.14481398,0.145055793,0.145164216,0.145318966,0.14541044,0.145588746,0.145568535,0.14553736,0.145513588,0.145678549,0.14554904,0.14546968,0.145556248,0.145809767,0.14601487,0.145923672,0.145836729,0.145634739,0.145741019,0.14597388,0.146093832,0.146277254,0.146344687,0.146330077,0.146248998,0.146375779,0.146513275,0.146586371,0.146598649,0.146534939,0.146629624,0.146508014,0.146468227,0.146384784,0.146377922,0.146351812,0.146278459,0.146307176,0.14622299,0.146161288,0.146146237,0.146218656,0.146164512,0.1461099,0.14598712,0.146183335,0.146253789,0.145921598,0.145908692,0.145875625,0.145646233,0.145675193,0.145951172,0.145873665,0.145490321,0.145351362,0.145257989,0.145169867,0.145216429,0.145276396,0.145257514,0.145208188,0.145395439,0.145532164,0.145596377,0.145683462,0.14567026,0.145680396,0.145991563,0.146072807,0.14595089,0.146274435,0.146146763,0.145999695,0.14609793,0.146565914,0.146691101,0.146453445,0.146394039,0.146481158,0.146545616,0.146671542,0.147039001,0.147290819,0.147143269,0.147247545,0.147369975,0.147493244,0.147470213,0.147429213,0.147425522,0.147377539,0.147492389,0.147665876,0.147923507,0.148021982,0.147993791,0.147993912,0.148119826,0.148166154,0.148474888,0.148544791,0.148413854,0.14868595,0.148939485,0.14904041,0.149111086,0.149246424,0.149386382,0.149381563,0.149462099,0.149795319,0.149875819,0.14996822,0.150246761,0.150462155,0.150585705,0.150565597,0.150694807,0.150699836,0.15082932,0.15100372,0.1514579,0.151546446,0.151453832,0.151562209,0.151745838,0.151901732,0.152400061,0.152500825,0.152502753,0.152596653,0.15266364,0.152640476,0.152729503,0.152755073,0.152728619,0.152809209,0.152965086,0.153188386,0.153422448,0.153574261,0.153844213,0.154242833,0.154671427,0.154953963,0.154940109,0.154836671,0.154861378,0.154719417,0.154837788,0.155060317,0.15520702,0.155405773,0.15556088,0.155844055,0.156161002,0.156422923,0.15656076,0.156697684,0.156714658,0.156745303,0.15678565,0.156925535,0.15710531,0.157088467,0.157328767,0.157528093,0.157626965,0.157764984,0.157833244,0.157929016,0.157964721,0.15801077,0.158087436,0.15824148,0.15836285,0.15849328,0.158616284,0.158770836,0.159053839,0.159043491,0.158844158,0.158921819,0.158972889,0.15912154,0.159615222,0.160000668,0.160109727,0.160001179,0.160075856,0.160011691,0.16000968,0.16011715,0.160219354,0.160293476,0.160349483,0.160485488,0.160568227,0.160597469,0.160600816,0.160473966,0.160422411,0.160601968,0.160624414,0.16060499,0.160624748,0.160674582,0.160551048,0.160575463,0.160670874,0.160643888,0.160560579,0.160495703,0.160489571,0.160406516,0.16020628,0.160151186,0.16005766,0.160047374,0.16029038,0.160307151,0.160278841,0.160241794,0.1600719,0.159969984,0.160066524,0.159917811,0.159562024,0.159389039,0.159383746,0.159250972,0.159071761,0.159069597,0.158951905,0.158672008,0.158451837,0.158384365,0.158141384,0.157699524,0.157475235,0.157365828,0.157275618,0.157266597,0.15711264,0.156885099,0.156696611,0.156619685,0.156519641,0.156442485,0.156192115,0.155713085,0.155475543,0.155462981,0.155359978,0.155188424,0.155067084,0.154805141,0.154713905,0.154476345,0.154347056,0.154305797,0.154177384,0.153984501,0.153994742,0.15385109,0.153535046,0.153239378,0.152870329,0.152515192,0.152150318,0.151768975,0.151401235,0.151060717,0.150718448,0.150217297,0.149729734,0.149079095,0.148231331,0.147485239,0.146771703,0.145852389,0.145019733,0.144085744,0.142847519,0.141705724,0.140511519,0.139374122,0.138093891,0.136789647,0.13530402,0.133526733,0.132023537,0.130447333,0.128948608,0.127609311,0.125992362,0.12420709,0.12265628,0.121113225,0.119435243,0.117936273,0.116381575,0.114660491,0.113241032,0.111969161,0.11067375,0.109318228,0.108096828,0.106813287,0.105652432,0.104517604,0.103447979,0.102522677,0.101630706,0.100770562,0.100023806,0.09925164,0.09839632,0.097757633,0.097052468,0.096566253,0.096200719,0.095783626,0.095455008,0.095048675,0.094472754,0.094077118,0.09374159,0.093400938,0.093117969,0.092791997,0.092301781,0.092041868,0.091938141,0.091673166,0.091530832,0.091375371,0.09099753,0.090762693,0.090815506,0.09065718,0.090445268,0.090249729,0.089987088,0.08986603,0.089723114,0.089563808,0.089604452,0.089551629,0.089523665,0.089655951,0.089863863,0.090084016,0.090340214,0.090508913,0.090731631,0.090823451,0.091004251,0.091229383,0.091466494,0.091638468,0.091834531,0.091883931,0.092002142,0.092151276,0.092384718,0.092710962,0.093052424,0.093394188,0.093737807,0.094117276,0.094447726,0.094930198,0.095304145,0.095551496,0.095922773,0.096257409,0.096684272,0.09723519,0.097717124,0.098210883,0.0987907,0.099263571,0.099747515,0.100380058,0.100769626,0.101250412,0.101667668,0.102010759,0.102460974,0.102936548,0.103515185,0.104272548,0.104709936,0.105320706,0.10583031,0.106480659,0.10699981,0.107616818,0.108250599,0.108895375,0.109392434,0.110123251,0.110836071,0.111524303,0.112119646,0.112789451,0.113369938,0.11398388,0.114471287,0.115044568,0.115470727,0.116028221,0.116587267,0.117179496,0.117752593,0.118371619,0.118852288,0.119371474,0.120066144,0.120746408,0.121099586,0.121637785,0.122008478,0.122644834,0.123245322,0.123692016,0.124225086,0.124832317,0.125482542,0.126045305,0.126687817,0.127190002,0.127520676,0.128017928,0.128302054,0.128817822,0.129443997,0.129870916,0.130416929,0.130843545,0.131446809,0.13182553,0.132526472,0.133047904,0.133467817,0.133916759,0.134130733,0.134550363,0.135147417,0.135629467,0.136337475,0.136774396,0.137134097,0.137461768,0.137927685,0.138290412,0.138902285,0.13953785,0.139898873,0.140413275,0.140899246,0.141251006,0.141822629,0.142503181,0.142802255,0.142978871,0.143379729,0.14367052,0.143978213,0.144638857,0.144960177,0.145149856,0.145446004,0.145827839,0.146286608,0.14701754,0.147424164,0.147644151,0.147951733,0.148090929,0.148458642,0.148939157,0.149300578,0.149441743,0.149870848,0.150254354,0.150564555,0.150800397,0.151019329,0.15109136,0.151438158,0.151941808,0.15216269,0.152371237,0.152706512,0.152745396,0.153013251,0.153376013,0.153819626,0.154072464,0.154310527,0.15453664,0.154767958,0.155241118,0.155514288,0.155561215,0.155849093,0.156102268,0.156199018,0.1566694,0.157032318,0.157045931,0.157228358,0.157696244,0.15794198,0.157851343,0.157993209,0.158076523,0.158362457,0.159013288,0.15922388,0.159226289,0.159266883,0.159312434,0.159573682,0.160047396,0.160254229,0.160102387,0.160329881,0.160642958,0.160865899,0.161205436,0.161317934,0.161136642,0.161339097,0.161588435,0.161719248,0.161850414,0.162155816,0.162445136,0.162478588,0.162689645,0.162885914,0.162999819,0.162969931,0.163227945,0.163414238,0.163420835,0.163554314,0.163564648,0.163595436,0.16393885,0.16414112,0.164258693,0.164431013,0.164635838,0.16490983,0.165279596,0.165509393,0.165597212,0.165590681,0.165734484,0.165837723,0.165684923,0.165576225,0.165398935,0.16557346,0.165781784,0.165843747,0.166079649,0.166193011,0.166262568,0.16636201,0.166599647,0.166744999,0.166924653,0.166962845,0.166779287,0.166800831,0.166893979,0.166964825,0.167024121,0.167085932,0.167116072,0.167166598,0.16751789,0.167429871,0.167184598,0.167314933,0.167463704,0.16751078,0.167520104,0.167515983,0.167258364,0.167421521,0.167725064,0.167791495,0.167764621,0.167630675,0.167576365,0.167294591,0.167210617,0.167367405,0.166976456,0.16689401,0.167108463,0.166878985,0.166746911,0.166609045,0.166132072,0.166310484,0.166700287,0.166697011,0.166554786,0.166236396,0.166206464,0.166014691,0.165913746,0.165718782,0.165410251,0.164997038,0.164946533,0.164600084,0.164445771,0.164394347,0.164081654,0.164052235,0.164095489,0.164031261,0.163883401,0.163503244,0.163249208,0.162836757,0.162605585,0.162260541,0.162045291,0.161756701,0.161627493,0.161646565,0.160986135,0.160228569,0.159913571,0.159306206,0.158996259,0.15894322,0.158574916,0.158188665,0.15791051,0.157942535,0.157694742,0.157392503,0.157320875,0.157017658,0.156631132,0.156099908,0.156041292,0.155882293,0.155451574,0.154958031,0.154453337,0.154165353,0.153961224,0.153821084,0.153651092,0.153290317,0.153287936,0.153133262,0.15253766,0.152309234,0.152179157,0.151959241,0.151938772,0.151902955,0.15168139,0.151304421,0.151064738,0.150643026,0.150394185,0.150313994,0.150137151,0.15016627,0.149714357,0.149343905,0.149574541,0.149602267,0.149421001,0.149501794,0.149567943,0.14888373,0.148765839,0.148811187,0.148827638,0.148827992,0.148881187,0.149123857,0.14889107,0.148940206,0.148950281,0.148715025,0.148713459,0.149098081,0.148713346,0.148624357,0.148324745,0.1479593,0.147995855,0.148161453,0.148528743,0.149069528,0.149328938,0.149758004,0.150136122,0.15054416,0.150727427,0.150629915,0.149659224,0.149358985,0.149042219,0.148732805,0.148868375,0.149540976,0.14932689,0.14916907,0.149451964,0.149510908,0.149620397,0.150142481,0.14993099,0.149247537,0.149618201,0.149191044,0.148435834,0.148211436,0.14922256,0.149301284,0.149426832,0.149410763,0.148825374,0.147785195,0.146981404,0.14645872,0.146026078,0.146946969,0.146847663,0.146852811,0.147016896,0.145860249,0.145381994,0.144781165,0.144369308,0.143691123,0.142904346,0.14220024,0.141563912,0.140556131,0.139854096,0.139603072,0.138394096,0.137392784,0.136104701,0.134618555,0.133292383,0.131755772,0.130421166,0.129233832,0.127748345,0.126292424,0.124715939,0.122627426,0.120829871,0.119319824,0.117294033,0.114438474,0.112214622,0.109503094,0.106042559,0.10400935,0.101488032,0.099575567,0.097640318,0.095626382,0.093483512,0.091312092,0.08926443,0.086383728,0.08414876,0.08186041,0.079516251,0.0773863,0.075519303,0.073614005,0.071034099,0.06882487,0.067185361,0.064989243,0.063125427,0.061791868,0.059945055,0.05878318,0.057924249,0.057261542,0.056273936,0.055548909,0.054306766,0.053160971,0.052699682,0.05168068,0.051005007,0.0509984,0.050554609,0.049933492,0.049435397,0.048994334,0.048156421,0.047195644,0.047025334,0.046376075,0.045802748,0.045517271,0.044975377,0.044727806,0.044719178,0.04501343,0.044587106,0.044248284,0.043835711,0.042978011,0.042785578,0.042662583,0.042699329,0.042815771,0.042751543,0.042659803,0.042496274,0.042095472,0.041696076,0.041509205,0.04126367,0.041001216,0.04097305,0.041062976,0.041310992,0.041628182,0.041497283,0.041459465,0.041547814,0.04172893,0.041334202,0.041435907,0.041515054,0.041446019,0.042188725,0.042824294,0.043550856,0.044129745,0.044291258,0.044573465,0.04487343,0.045032593,0.044857612,0.044902884,0.045360182,0.045557033,0.045985138,0.046496528,0.046235236,0.046220928,0.046669517,0.047623343,0.048049997,0.048668877,0.049286952,0.049140409,0.049118005,0.04933653,0.049521659,0.050032386,0.050129292,0.050190391,0.05057606,0.050960962,0.05149718,0.052020583,0.052643409,0.053169478,0.053571829,0.054204523,0.054848408,0.055172329,0.055437241,0.055657796,0.056119814,0.056442631,0.056660731,0.056942155,0.05713675,0.056613245,0.057050477,0.057904454,0.058714831,0.059809447,0.060903106,0.061308832,0.061949165,0.062729751,0.063242063,0.063498563,0.063727936,0.064166905,0.064569526,0.065000614,0.065661014,0.065970465,0.06603835,0.065886699,0.066604538,0.067576699,0.068168113,0.069185145,0.069584619,0.069532786,0.069869788,0.070190467,0.070686603,0.071554686,0.071970813,0.072335925,0.072958462,0.073259681,0.073694948,0.073845617,0.07341696,0.073718112,0.073991267,0.074681936,0.076461019,0.076873969,0.076651804,0.077183817,0.077352361,0.07768474,0.078626556,0.079416815,0.07904866,0.07887741,0.079465898,0.079618464,0.080122281,0.08107067,0.081742555,0.081991842,0.082240832,0.08246905,0.082611821,0.083266903,0.083319121,0.083119254,0.08268925,0.082858431,0.083066593,0.083633702,0.08518778,0.086311718,0.087202946,0.087496894,0.087436486,0.08745817,0.087571555,0.087654342,0.088899624,0.089603493,0.090231262,0.090827213,0.091112939,0.091643731,0.092158137,0.092587076,0.09318074,0.09319336,0.09292911,0.093060132,0.093083358,0.092543847,0.092621086,0.092747506,0.092825936,0.093341467,0.094110873,0.094576407,0.094382214,0.095063006,0.095876231,0.096371196,0.09726422,0.097961458,0.09839193,0.099124081,0.100035878,0.099906874,0.099871094,0.100242729,0.100306501,0.10052928,0.101295251,0.101363515,0.101736477,0.102051409,0.10227882,0.101976117,0.102292183,0.101974924,0.101881508,0.102749976,0.10315718,0.103999093,0.104442573,0.105541699,0.10606736,0.106100895,0.106264521,0.106039452,0.106382796,0.107125112,0.107490696,0.10884069,0.109889059,0.109300065,0.109633563,0.108670592,0.107525976,0.107949932,0.107257294,0.108636598,0.110140277,0.110057064,0.11026173,0.110393138,0.110154805,0.110206713,0.109236395,0.10909301,0.108813118,0.108705834,0.109666323,0.109877344,0.110215908,0.110764945,0.111854646,0.112103879,0.112774375,0.112309534,0.111952046,0.112196187,0.112718177,0.11333884,0.113929027,0.113596031,0.114189809,0.112654457,0.11273716,0.110363508,0.111542353,0.111756697,0.112455302,0.11218225,0.114027869,0.113168153,0.113661235,0.1148204,0.115565639,0.11588563,0.117020026,0.11675258,0.115807734,0.116421476,0.116014024,0.115451198,0.114327194,0.114282801,0.114335776,0.11477334,0.115869347,0.115376048,0.115612645,0.115100061,0.114626976,0.113015628,0.112414479,0.112106612,0.112846464,0.112910872,0.113917072,0.113132593,0.113850472,0.113556338,0.113115897,0.114886808,0.114891083,0.114102146,0.113937449,0.113541318,0.113236839,0.112871466,0.112508348,0.112674814,0.113624028,0.113227008,0.113820525,0.114847414,0.115753595,0.115493787,0.11449178,0.114152715,0.114365377,0.11331641,0.113901467,0.113577299,0.114716387,0.116167174,0.116048363,0.116222449,0.114357316,0.11498525,0.114298175,0.114193768,0.115388408,0.115332233,0.115521776,0.115004004,0.115913153,0.116081232,0.115717574,0.116612604,0.116818916,0.117804369,0.118718156,0.119476169,0.117854527,0.11550012,0.115183288,0.114478989,0.114677884,0.115381869,0.115507203,0.115256715,0.116499306,0.117354201,0.118503907,0.118773888,0.117482084,0.114179606,0.113248428,0.112835123,0.112618126,0.114352817,0.114054437,0.111935868,0.11269189,0.113418653,0.11335836,0.113932946,0.11320405,0.113179909,0.113247783,0.113445543,0.112089444,0.112221195,0.112154401,0.111866086,0.112913375,0.113142809,0.113686923,0.114410367,0.113812976,0.115162434,0.114202685,0.113177958,0.112766947,0.111466826,0.110501996,0.111841328,0.112427473,0.112842755,0.114076085,0.111790713,0.107681864,0.10632791,0.103283813,0.102678,0.105968703,0.106869466,0.107173335,0.107516767,0.105357256,0.104923188,0.10718427,0.108151015,0.106393095,0.106530461,0.106983459,0.107577892,0.109633629,0.110560791,0.109591346,0.109369455,0.109012719,0.108886616,0.107838864,0.107325834,0.10661674,0.105474651,0.101988017,0.100379945,0.099045597,0.097139677,0.099410112,0.101692469,0.101867771,0.103216125,0.103103878,0.100107208,0.097926324,0.097333531,0.096535743,0.096559317,0.098335723,0.096791349,0.096260462,0.09785824,0.098909673,0.102086734,0.101452424,0.098037372,0.097733011,0.096549338,0.097522389,0.100005431,0.100636134,0.099749918,0.097870272,0.097559703,0.098492778,0.098676295,0.099109748,0.097739554,0.096126599,0.096828889,0.096057397,0.095537188,0.094598104,0.093573002,0.094027607,0.094375302,0.094899677,0.097338159,0.095764259,0.094814297,0.095028765,0.094111721,0.094044962,0.093256539,0.093375917,0.096281,0.098171134,0.101475962,0.102908005,0.099882922,0.096514897,0.092421214,0.089770008,0.087002671,0.085092843,0.086136997,0.086448309,0.087630186,0.086945234,0.085410911,0.084476963,0.082520384,0.081548727,0.082148228,0.08234508,0.081990891,0.07992643,0.077115458,0.075162741,0.071305436,0.072594378,0.081105371,0.083829039,0.085880123,0.087470543,0.080722975,0.079130266,0.080901394,0.081320236,0.08275636,0.086624143,0.092417797,0.095200123,0.099727425,0.100057963,0.100063895,0.099990482,0.094374608,0.090661055,0.087890146,0.086046451,0.082473333,0.082458749,0.076258835,0.071243479,0.074446472,0.071549587,0.07313119,0.076428682,0.074285249,0.0763332,0.079296717,0.083869415,0.088699914,0.090233154,0.092072447,0.08405195,0.075921239,0.072820474,0.069765631,0.074583202,0.081078587,0.086364907,0.092787701,0.092616702,0.088818341,0.085974454,0.082663567,0.076521162,0.082619932,0.088773368,0.082878825,0.081705714,0.080212172,0.072917085,0.0758196,0.074518265,0.073118206,0.074409671,0.073605877,0.080363974,0.086544302,0.084967426,0.081626404,0.079265098,0.071177203,0.071888508,0.0644437,0.06093262,0.064977541,0.065282549,0.075161381,0.086732676,0.089784241,0.094259666,0.092993218,0.088406906,0.092789109,0.095555574,0.092977793,0.092703482,0.086224036,0.082576079,0.081389564,0.080776173,0.078295092,0.078824814,0.085208916,0.085372441,0.083638626,0.085249871,0.082650873,0.077796371,0.084038842,0.084192431,0.085187505,0.083431005,0.066595873,0.066554932,0.064090172,0.064865591,0.080304521,0.065325705,0.057126014,0.051001802,0.035152987,0.036678228,0.036895745,0.043863709,0.049806416,0.05720861,0.066210378,0.067257018
/data/asd/1/1549990928-00.asd,sp2_run8,180,20,0,0,20.0493,0,0.046401242,0.051537448,0.049382418,0.054528105,0.061869635,0.059456136,0.051201724,0.05304266,0.060380154,0.05602987,0.05161012,0.051056901,0.05705722,0.05156,0.054196466,0.058148459,0.05340982,0.054249871,0.054727839,0.054108672,0.055884445,0.056213779,0.054391004,0.052971384,0.058064984,0.056429225,0.054603277,0.056564445,0.056971864,0.05792673,0.057148375,0.055952836,0.056475966,0.057451317,0.057904069,0.058362291,0.055373237,0.05509175,0.058725928,0.058510181,0.058845824,0.05917087,0.060699995,0.059950054,0.059004906,0.059264411,0.060957756,0.060049671,0.059674351,0.061307122,0.061721298,0.058522756,0.058912731,0.063459066,0.062896606,0.062982891,0.063226183,0.062969996,0.064950307,0.065771934,0.06523496,0.064782271,0.065092291,0.065324908,0.064896832,0.064470593,0.064625919,0.065242708,0.065432854,0.066825324,0.067845987,0.067927044,0.066800845,0.067414324,0.068159262,0.067770562,0.068652498,0.068362881,0.068353109,0.069306983,0.069275438,0.069870628,0.071107981,0.071315516,0.07132332,0.0713645,0.072846188,0.073428061,0.073161036,0.072867472,0.073798799,0.074004296,0.074185372,0.074317197,0.075120424,0.075224894,0.075737463,0.076333364,0.07598512,0.076377319,0.076956546,0.076991952,0.077486614,0.078033468,0.078314178,0.077967733,0.078412955,0.078923415,0.079198754,0.079292256,0.079523351,0.079851925,0.080286334,0.080219966,0.080340122,0.080818863,0.080762093,0.081268351,0.081565195,0.081773609,0.081579063,0.081991231,0.082531863,0.08261781,0.082725387,0.083134027,0.083381032,0.083411956,0.083911925,0.084067116,0.084266781,0.084501817,0.085026597,0.0853876,0.085390673,0.085858383,0.086144361,0.086275518,0.086649046,0.087186563,0.087649115,0.08780653,0.088028601,0.088254497,0.08835619,0.088328087,0.089218946,0.089514875,0.089653978,0.09009628,0.090665971,0.090885538,0.091148052,0.091710965,0.09195761,0.092310868,0.092702742,0.093078468,0.093351345,0.093640701,0.093999798,0.094270982,0.094712409,0.095216421,0.095305516,0.095452689,0.096035584,0.096810724,0.096468413,0.096787019,0.097267482,0.097643956,0.097878567,0.098037113,0.098399269,0.099107729,0.099375922,0.099511235,0.099915013,0.100458284,0.100823073,0.101092907,0.101173374,0.101485836,0.101942164,0.102040459,0.102318311,0.102833441,0.103218263,0.103869891,0.103780818,0.104132369,0.104665465,0.104716996,0.104965409,0.105439724,0.105661934,0.106164397,0.106546555,0.106555765,0.106823164,0.107220277,0.107565682,0.107788337,0.107904933,0.108393669,0.108723829,0.108808982,0.109068564,0.109218404,0.109391071,0.109735087,0.110099949,0.110288819,0.110365032,0.11057652,0.110836236,0.111140833,0.111361753,0.111429724,0.111501368,0.111635657,0.111899454,0.112223562,0.112262261,0.112253128,0.112359178,0.112656686,0.112819638,0.112901752,0.113135739,0.113270635,0.113279779,0.113389024,0.113495082,0.113654748,0.113410813,0.113574008,0.113860011,0.114002209,0.11405443,0.113938006,0.113919028,0.114022294,0.114227455,0.114328278,0.114453882,0.114407452,0.114380229,0.114496686,0.114635934,0.114769049,0.114788686,0.114688561,0.114651687,0.114831588,0.114847753,0.114773975,0.114632957,0.114783605,0.114867264,0.114847874,0.114808814,0.114959642,0.115115831,0.114953805,0.115050848,0.115183173,0.115197768,0.11518084,0.115107214,0.11510229,0.115222223,0.115232251,0.115335689,0.115395682,0.115316039,0.11517002,0.115161438,0.115266936,0.115308338,0.115323536,0.115330154,0.11549501,0.115507493,0.115582179,0.115522974,0.11551869,0.115508858,0.115392383,0.115436725,0.115524659,0.115593573,0.115593976,0.115625479,0.115587289,0.115571717,0.115577518,0.115612522,0.115493113,0.115453488,0.115550372,0.115588299,0.115596406,0.115473361,0.11523546,0.115319853,0.115320737,0.115358046,0.115166256,0.115258595,0.115421351,0.115421758,0.115102485,0.115022803,0.115161385,0.11513131,0.115094632,0.115046291,0.115154476,0.11513227,0.115166484,0.115201865,0.115107207,0.115388276,0.115496592,0.115424029,0.115767407,0.116025263,0.116069838,0.116186841,0.116054762,0.116036908,0.116362251,0.116481891,0.116519649,0.116615033,0.11656396,0.116689596,0.116855426,0.117041332,0.117241752,0.117206893,0.117458244,0.117668349,0.117650127,0.117713698,0.11802929,0.118083056,0.118222021,0.118370953,0.118352469,0.118411868,0.118439592,0.118505254,0.118789138,0.118912984,0.119252002,0.119372255,0.119111215,0.119499042,0.119834292,0.119817839,0.11986928,0.120105218,0.120198583,0.120320171,0.120342379,0.120437454,0.120775178,0.120889303,0.121114306,0.121217682,0.121245289,0.121371218,0.121453588,0.121615414,0.121851719,0.121722544,0.121885568,0.122165706,0.12215191,0.122420485,0.122630777,0.122799129,0.123091105,0.12293401,0.123002757,0.123267912,0.123264498,0.123489592,0.123634278,0.123607925,0.123860818,0.124000972,0.12412481,0.12445212,0.124637073,0.124897074,0.124986809,0.12506931,0.125250588,0.125475917,0.125546441,0.125780345,0.125997585,0.126109575,0.126162604,0.126176798,0.126235005,0.126449855,0.126568589,0.126939862,0.126796982,0.126701761,0.127245585,0.127308037,0.127284659,0.127463799,0.127605737,0.127904095,0.128125551,0.128231619,0.128559131,0.128576632,0.12857587,0.128772959,0.128997207,0.129184056,0.129257956,0.129377096,0.129592765,0.129716999,0.129970318,0.130032007,0.130301163,0.13031731,0.130542601,0.130421948,0.130426604,0.130627612,0.130837729,0.131054931,0.131399748,0.131413517,0.13163892,0.131683718,0.131718954,0.132003293,0.132129543,0.13216843,0.132327837,0.132121052,0.132469735,0.132873413,0.132668536,0.13284126,0.13289962,0.133214317,0.133343874,0.13338488,0.133398475,0.1334228,0.133300428,0.133624233,0.133959549,0.134094513,0.134077143,0.133904159,0.133721059,0.13416438,0.134346185,0.134489684,0.134727392,0.134329239,0.134459124,0.135170524,0.134763386,0.135054652,0.13480284,0.134916688,0.135331152,0.135138359,0.135270975,0.135365445,0.135184669,0.135739238,0.135221598,0.13552714,0.135643924,0.13538617,0.135591159,0.135615796,0.135591119,0.136063118,0.136338839,0.135713135,0.135812976,0.136436886,0.135453739,0.135780198,0.135856387,0.135231458,0.136131552,0.136265272,0.136015198,0.13626845,0.136719254,0.136291285,0.136788959,0.13605045,0.136882888,0.136675673,0.135990479,0.135391484,0.136159799,0.137008336,0.136962727,0.136659564,0.136547816,0.136884233,0.136845572,0.138068457,0.137573341,0.136978598,0.137174071,0.136994177,0.137314646,0.13716782,0.137990575,0.136804349,0.136644773,0.137593992,0.137562181,0.138255753,0.138285188,0.137916449,0.137601623,0.137616935,0.138492326,0.137831079,0.137917959,0.137628177,0.137925856,0.137894476,0.138040516,0.138076009,0.137944895,0.138162493,0.138471644,0.138329404,0.138369346,0.138046815,0.138742603,0.138805855,0.139036278,0.139131746,0.138931097,0.138735541,0.13936279,0.139325611,0.139608093,0.139640102,0.139354746,0.139428198,0.139760363,0.139530585,0.139751277,0.139717076,0.139674461,0.139542444,0.139594568,0.140090593,0.14011783,0.140399693,0.14061757,0.140385094,0.14068996,0.140797029,0.140799508,0.140594187,0.140834018,0.140875751,0.141087239,0.140802753,0.141187736,0.141265874,0.141298354,0.141515267,0.141387768,0.141441048,0.141992755,0.142103323,0.141859695,0.142026588,0.1414893,0.14193977,0.142462657,0.142104115,0.142660678,0.142622405,0.142078536,0.142568423,0.142253057,0.142518163,0.142989728,0.142963148,0.143088038,0.142843218,0.143207756,0.143300378,0.143237226,0.143508393,0.144346213,0.143851908,0.144084926,0.143850683,0.143352692,0.144775448,0.145046791,0.144351826,0.145364083,0.14389442,0.144042136,0.145351691,0.144127552,0.145209737,0.145699635,0.144367213,0.145902038,0.145962984,0.14553082,0.145040853,0.144768373,0.146021594,0.1464384,0.145898056,0.146995104,0.145463379,0.145296867,0.147235159,0.146008602,0.146615406,0.147424058,0.146436431,0.14773875,0.146828709,0.145737533,0.147673821,0.1465127,0.147307462,0.147209087,0.147099344,0.14758467,0.147658723,0.14800696,0.147869895,0.147123307,0.147229145,0.147731101,0.148016103,0.148426395,0.148915165,0.14929975,0.149443132,0.149641732,0.149687629,0.14943742,0.14929355,0.149178929,0.149404356,0.149707226,0.150068393,0.150117601,0.15050153,0.150560156,0.150048722,0.150168577,0.150889533,0.15091448,0.150937272,0.15084039,0.150324145,0.150026992,0.150215244,0.150433422,0.151266617,0.151810013,0.151798916,0.15181593,0.152050328,0.151977241,0.151926567,0.151794624,0.151979548,0.152474727,0.152761637,0.153034218,0.153375087,0.152798214,0.152728614,0.153304525,0.152982975,0.153284639,0.153514964,0.153597788,0.153564459,0.153666564,0.153984507,0.153861108,0.153542705,0.153288583,0.153547338,0.153352583,0.153121902,0.153347969,0.153397978,0.153547916,0.15386551,0.153910759,0.15394043,0.153723124,0.153595613,0.153503214,0.15365623,0.153928436,0.15398555,0.154296314,0.154274039,0.15414209,0.154115415,0.15403581,0.154230425,0.154272162,0.154201532,0.154617255,0.154747358,0.154830733,0.155078247,0.155107106,0.15485904,0.154798096,0.154765542,0.154820986,0.15492561,0.155197256,0.155509164,0.155655488,0.155882559,0.1560539,0.156200806,0.156327861,0.156116694,0.156044911,0.156061837,0.15590451,0.155879597,0.156016137,0.156008656,0.156005041,0.156163851,0.156392481,0.156509577,0.156686632,0.15682964,0.156885876,0.157055303,0.15716458,0.157120885,0.157351726,0.157589023,0.157599515,0.157540882,0.157535451,0.157430283,0.157313105,0.157486884,0.157915493,0.157758081,0.157788114,0.158177739,0.158247069,0.158114673,0.158299885,0.158032418,0.157682344,0.157891004,0.157896626,0.15778915,0.157751671,0.157821058,0.157705709,0.15756185,0.157540999,0.157630402,0.157618352,0.15746798,0.15762333,0.157768614,0.157649885,0.157517617,0.15739749,0.157237254,0.156962487,0.156959251,0.156899286,0.156893487,0.156932804,0.157014286,0.157031685,0.156930459,0.156941317,0.156868421,0.15677896,0.156640946,0.156786012,0.156741775,0.156571058,0.156832638,0.156865093,0.156891368,0.157046665,0.157159974,0.157184948,0.157100276,0.157288971,0.157579729,0.15763326,0.157905989,0.158029081,0.157978502,0.158051736,0.15829056,0.158456558,0.158461115,0.158459849,0.158523274,0.158495764,0.158566172,0.158761202,0.158699827,0.158763174,0.158838442,0.158680657,0.158741071,0.158890649,0.158905992,0.159227972,0.159386706,0.159530951,0.159607122,0.159717548,0.160050719,0.160173222,0.160087907,0.160162713,0.160426822,0.16049486,0.160641074,0.16085909,0.161095944,0.16124946,0.161749291,0.162079853,0.161977041,0.162145568,0.162236781,0.162349945,0.162489342,0.162569849,0.162554228,0.162582463,0.162567049,0.162853987,0.162983257,0.16293711,0.163204855,0.163371231,0.163442623,0.163682324,0.163931262,0.164128181,0.164313816,0.164752024,0.164924237,0.164976712,0.165087191,0.165057161,0.165251875,0.165481262,0.165707708,0.166052378,0.16614989,0.165891509,0.165745276,0.165856541,0.166096359,0.166258557,0.166711541,0.166882349,0.166570246,0.166768418,0.167229095,0.167435257,0.167955126,0.168193266,0.167863569,0.167836207,0.167961367,0.167983366,0.168213025,0.168318889,0.168544088,0.168640134,0.168738751,0.16912199,0.169315681,0.169316065,0.169473436,0.169539136,0.169680528,0.169983466,0.170100424,0.17008198,0.170256376,0.170570318,0.170689816,0.170747319,0.170861553,0.170848525,0.170846444,0.171152406,0.17126922,0.171164723,0.171123732,0.171148374,0.170989155,0.171074431,0.171419798,0.171577914,0.171795862,0.171790918,0.171565185,0.171614307,0.171831012,0.171748176,0.171598371,0.171652483,0.171655049,0.171706159,0.172045299,0.172087485,0.17197911,0.172023606,0.172147722,0.172161407,0.172119827,0.171950671,0.171872662,0.17171765,0.17173494,0.171922892,0.171952067,0.171961784,0.171924398,0.171686804,0.171675474,0.171887084,0.17184324,0.171816534,0.171827288,0.171718736,0.171649457,0.171747559,0.171635936,0.171358025,0.171154297,0.170977962,0.170823407,0.170857127,0.17076749,0.17048906,0.170423008,0.1703257,0.170118773,0.170082969,0.170208899,0.170152022,0.170039855,0.169929101,0.169694312,0.169584261,0.169504831,0.169262063,0.168880383,0.168631192,0.168385765,0.16828342,0.168492984,0.16831049,0.167836867,0.167586528,0.167259463,0.167083944,0.167140073,0.167018382,0.166727336,0.166618293,0.16639855,0.166124763,0.166103699,0.166191324,0.165947337,0.165804247,0.165555514,0.164943324,0.16466729,0.164560604,0.164285745,0.164113002,0.163831218,0.163348446,0.163072932,0.163048265,0.162599072,0.161974297,0.161263554,0.16022336,0.159370048,0.15881691,0.157882299,0.15694888,0.155921237,0.154508526,0.153225038,0.151949061,0.150738799,0.149396657,0.148030067,0.146536349,0.144856879,0.143361554,0.141860945,0.14028647,0.138697311,0.136928626,0.134991709,0.133362848,0.131775216,0.130072131,0.12865832,0.127008986,0.12512059,0.123561474,0.121942825,0.120502205,0.119230537,0.117950977,0.116676513,0.115502654,0.114313635,0.113175485,0.112267586,0.11128523,0.110216439,0.1094326,0.108618678,0.107802903,0.107217193,0.106700413,0.106147571,0.105645527,0.105139739,0.104640365,0.104147022,0.103574531,0.103135657,0.102819613,0.102461069,0.102102078,0.101846148,0.101614601,0.101288781,0.100946885,0.100660252,0.100291183,0.100072906,0.100036787,0.099865651,0.099770582,0.099546898,0.099215521,0.098998933,0.098815743,0.098809604,0.098830774,0.098772652,0.098919394,0.09892628,0.098950556,0.099040813,0.099146104,0.099219526,0.099360068,0.099305955,0.099494687,0.099654545,0.0999249,0.100300317,0.100546623,0.100656726,0.100949369,0.101154794,0.101342696,0.101643103,0.101887188,0.102026569,0.102323719,0.102617788,0.102973206,0.103366391,0.103748581,0.104366757,0.104858314,0.105379055,0.105912747,0.106458216,0.106964585,0.107374673,0.107832845,0.108246079,0.108789565,0.109315397,0.109819004,0.110335677,0.110715079,0.111382764,0.111880716,0.112428096,0.112982859,0.113494289,0.114122797,0.114823034,0.115344266,0.115985439,0.11651026,0.117110532,0.117529109,0.118114965,0.118701052,0.119335648,0.119943397,0.120647538,0.121206457,0.121906799,0.122512911,0.123321154,0.12420269,0.12491473,0.125435969,0.126109545,0.12656005,0.12721446,0.128017605,0.12866873,0.129164176,0.129758579,0.130147879,0.130611479,0.131232358,0.131917571,0.132398468,0.132911123,0.133216536,0.13392259,0.134727389,0.135203314,0.135941703,0.136529373,0.136754475,0.137183507,0.137808042,0.13832605,0.138850041,0.139456511,0.1399088,0.140471325,0.140906853,0.141303302,0.141945349,0.142451823,0.143313631,0.143744572,0.144293051,0.144793635,0.145255852,0.145752848,0.146140011,0.146605446,0.146969869,0.147406335,0.148108824,0.148634858,0.149163719,0.149854012,0.150414977,0.150876873,0.151411485,0.151785857,0.152076394,0.152476437,0.152967801,0.153465497,0.154047969,0.1546027,0.155014844,0.155446669,0.155880476,0.156309466,0.156572858,0.156844055,0.157169263,0.157609896,0.157978142,0.158596896,0.158919283,0.159181133,0.159548712,0.159697794,0.160058036,0.160540557,0.161016613,0.161466626,0.161812602,0.16191014,0.162328958,0.162662384,0.163054506,0.163637159,0.163911421,0.163961887,0.164297715,0.164594551,0.164868594,0.165252867,0.165754506,0.166057559,0.166411354,0.166724967,0.167165949,0.167378786,0.167625324,0.167937211,0.168146896,0.168534018,0.168790723,0.169007234,0.169180232,0.169165045,0.169129043,0.169512453,0.169896263,0.170050208,0.170262781,0.170445678,0.170888946,0.171531406,0.17181093,0.172124171,0.172320002,0.172171084,0.172286218,0.172560738,0.172658233,0.17288959,0.173222814,0.173442502,0.173635243,0.173812826,0.173974478,0.174011863,0.174141778,0.174245588,0.174338896,0.174534783,0.174728664,0.17464487,0.174729785,0.174775512,0.175071662,0.175584413,0.175647875,0.17568894,0.175986922,0.176262324,0.176319439,0.17674234,0.176919936,0.176706473,0.176710507,0.176516025,0.176436333,0.176695306,0.176913644,0.17710936,0.177325099,0.177527333,0.177882604,0.178383001,0.178544656,0.178525875,0.178561088,0.178572434,0.178791333,0.179158372,0.179248207,0.179265589,0.179501234,0.179540998,0.17952013,0.179582608,0.179514787,0.179409387,0.179418538,0.179520397,0.17970637,0.180132097,0.180179244,0.179931283,0.179928437,0.179817856,0.179835103,0.180013635,0.179985401,0.179876202,0.180089624,0.180459859,0.180536425,0.180698143,0.180535141,0.180444189,0.180536826,0.180435905,0.180554183,0.180569868,0.180582936,0.180544019,0.180596707,0.180634981,0.18043214,0.18061289,0.180553074,0.18021995,0.180256385,0.180205184,0.180053807,0.180232693,0.18064229,0.180383198,0.179885697,0.179679456,0.179588938,0.179549169,0.179615178,0.179512041,0.179336368,0.17943937,0.179447549,0.179330421,0.178879647,0.1785035,0.177976258,0.177914702,0.177749882,0.177651827,0.177505112,0.177039502,0.176763231,0.176600238,0.176366773,0.176235703,0.175991763,0.175670441,0.175049903,0.174874156,0.174653588,0.174412383,0.174264013,0.174231408,0.174025979,0.173727677,0.17326464,0.172940888,0.172356896,0.172083083,0.171971196,0.171626447,0.171164906,0.170710185,0.170650524,0.170191389,0.169578491,0.16923908,0.16879593,0.168711158,0.16857516,0.16845623,0.168216728,0.167857739,0.167353914,0.16723044,0.166900435,0.166528572,0.166208879,0.165623844,0.165243611,0.165123029,0.164939609,0.164528727,0.164270228,0.163890341,0.163580591,0.163297808,0.163183843,0.16329621,0.163059969,0.163107556,0.162684095,0.16181791,0.161616033,0.161837963,0.161954721,0.162118881,0.16212319,0.161900647,0.161748391,0.161392733,0.161195607,0.1613949,0.1610944,0.161284831,0.161156688,0.16104705,0.161001346,0.160802908,0.160929744,0.161014045,0.160969678,0.161028032,0.160980516,0.160775604,0.160785966,0.160724555,0.161006348,0.160913524,0.160557694,0.160496623,0.16050265,0.16065525,0.16096354,0.16064146,0.160444291,0.159818447,0.159935869,0.15980479,0.159826949,0.160284504,0.160304252,0.160039748,0.15932135,0.159402596,0.159682983,0.159257599,0.159197804,0.159409091,0.15901826,0.158993169,0.159609181,0.159531417,0.1594218,0.160115928,0.159592819,0.158456735,0.158044238,0.158466616,0.158450579,0.158901569,0.159197227,0.159376224,0.158505091,0.157968156,0.157938243,0.157057307,0.156526222,0.156091397,0.155538371,0.155488931,0.155119073,0.154802154,0.153679533,0.153436883,0.152913233,0.15209526,0.151522268,0.15123117,0.1501871,0.14941157,0.149093387,0.147555854,0.146536018,0.144934225,0.143437313,0.142010212,0.140063834,0.138624098,0.137400248,0.135889529,0.134638585,0.132833856,0.13033515,0.128584373,0.125420314,0.122628806,0.120198636,0.118144775,0.115756063,0.113846106,0.112249824,0.109683916,0.106956871,0.104447418,0.101697658,0.098685129,0.09612113,0.094058521,0.091843602,0.089806297,0.088029383,0.08562299,0.082972782,0.080495537,0.078248365,0.075446724,0.073313848,0.071350076,0.069248862,0.0679382,0.066441917,0.064910906,0.063831636,0.062703595,0.061171601,0.060478201,0.059728663,0.058502829,0.057725069,0.056878936,0.0560707,0.055354627,0.054654079,0.053805002,0.053016664,0.051919805,0.050690798,0.049646423,0.048749287,0.048882801,0.048402672,0.048137012,0.048028843,0.047329919,0.047050704,0.047018205,0.04730814,0.04709477,0.046816689,0.046706087,0.046094286,0.045477076,0.045117447,0.044430667,0.044484264,0.045057835,0.045260926,0.045465455,0.045933975,0.045761831,0.04523484,0.04491819,0.044620071,0.044382391,0.044611775,0.04504112,0.044960324,0.044771796,0.044803403,0.045055956,0.045492142,0.046168097,0.046634917,0.046670944,0.046552695,0.046185828,0.046296964,0.046940486,0.047367283,0.048110971,0.048444439,0.048505804,0.048552043,0.048264757,0.047971148,0.04849417,0.048815281,0.049630214,0.05040241,0.050210831,0.050689168,0.050982691,0.050961309,0.051081968,0.051590167,0.051656967,0.051536738,0.051744292,0.052049525,0.052019806,0.052504459,0.05314739,0.053628753,0.054632473,0.055144493,0.05552687,0.055987188,0.056253117,0.056539719,0.056982946,0.057464375,0.057940303,0.058571253,0.059154413,0.059917038,0.060200509,0.059806038,0.060134323,0.06075543,0.061238131,0.062008837,0.062721817,0.063271332,0.063388763,0.063990345,0.064953163,0.065499559,0.065987776,0.066643674,0.066990495,0.067274228,0.067687086,0.068083775,0.068167522,0.06889734,0.069819011,0.071280779,0.072641412,0.073202443,0.073468728,0.072994936,0.072407902,0.072927378,0.073329767,0.074490931,0.075049816,0.075670122,0.076210867,0.076520834,0.076860829,0.077609185,0.077773489,0.078501073,0.078921119,0.079172973,0.079970306,0.080037923,0.079091599,0.079359864,0.079633665,0.07985208,0.081114192,0.081938991,0.082503202,0.083014783,0.083491309,0.083819194,0.084106216,0.084192599,0.084464191,0.085205717,0.08572313,0.085735474,0.086486381,0.087706778,0.088016119,0.088241973,0.088366192,0.087917477,0.087892942,0.088155748,0.08892009,0.089527148,0.090168517,0.090743394,0.091320585,0.09238695,0.093731296,0.094088418,0.094618124,0.094280395,0.093362951,0.092788835,0.092579411,0.092908498,0.094203708,0.094958625,0.095292829,0.095371337,0.09561432,0.096459604,0.09750409,0.09889989,0.099304214,0.099551939,0.100088908,0.10063433,0.101014589,0.101073109,0.101228856,0.100801004,0.101684379,0.10325318,0.103785294,0.104850504,0.105722239,0.104866016,0.104516722,0.104595151,0.104246569,0.105008972,0.106989081,0.107269224,0.108104352,0.108617458,0.10791422,0.107833076,0.107808829,0.107555142,0.108478773,0.108716817,0.108277954,0.107685902,0.107806742,0.107517187,0.107327269,0.108837615,0.109095189,0.10858376,0.108835978,0.110010135,0.110660258,0.111818094,0.112278487,0.111831788,0.112089005,0.112828955,0.112477227,0.113340233,0.114327475,0.11384074,0.114062464,0.11326924,0.113051953,0.113376667,0.111859271,0.113149788,0.113593093,0.11368956,0.115771903,0.116524019,0.116969719,0.117402097,0.115529922,0.115633974,0.116812395,0.117321159,0.11838394,0.118727234,0.117773942,0.117491057,0.118185332,0.118545136,0.119145159,0.118686214,0.118275902,0.118915312,0.119187381,0.118903783,0.119458875,0.118959992,0.119652574,0.119086035,0.119514339,0.117252018,0.118026547,0.116997722,0.117440439,0.116415723,0.117644979,0.118206501,0.118810695,0.119725635,0.120086753,0.120169125,0.119783255,0.119474892,0.119627252,0.120934045,0.121530893,0.121553371,0.121232286,0.121318049,0.120825056,0.121312659,0.122164842,0.12180072,0.122957417,0.12322089,0.123658504,0.123001101,0.123381144,0.123943272,0.124825891,0.123740289,0.124417684,0.122902412,0.123117304,0.122848117,0.121942739,0.122388257,0.122085403,0.121392572,0.121369137,0.121946928,0.121889526,0.121545084,0.121010901,0.120638774,0.121065483,0.120037948,0.11954542,0.119847172,0.120923379,0.121954259,0.122223599,0.123208756,0.124038175,0.123419593,0.124743102,0.123792236,0.123143872,0.124316455,0.122658495,0.122870354,0.123696911,0.124590832,0.123177393,0.122717724,0.122573322,0.121749103,0.12195352,0.120525311,0.119216328,0.118945398,0.118929045,0.119793303,0.120831842,0.122535216,0.12285933,0.122874602,0.122170884,0.120876933,0.120780977,0.120429492,0.120454652,0.119920687,0.120153703,0.120549132,0.122088912,0.123344097,0.124571152,0.123760633,0.123144401,0.121726163,0.121926449,0.124203379,0.124501712,0.124401041,0.12323889,0.120115299,0.119884565,0.120400395,0.119733377,0.118318172,0.116609008,0.116188061,0.116016305,0.116269155,0.116138439,0.11657633,0.117455519,0.118481984,0.120338521,0.121232843,0.120469156,0.119927915,0.118021085,0.118173793,0.117839512,0.117753928,0.117343756,0.115334053,0.114241046,0.114676437,0.114018086,0.1148883,0.118110671,0.117824114,0.117482677,0.117744555,0.116276518,0.115452569,0.115131508,0.11590605,0.117227156,0.117575904,0.117244627,0.116780669,0.1163945,0.116170083,0.113719098,0.113342955,0.113714641,0.114119786,0.116014843,0.116080369,0.113545562,0.112590766,0.11148238,0.110659904,0.109335019,0.109631509,0.109459522,0.109074568,0.109287305,0.108057351,0.106322323,0.106233543,0.106673993,0.107414955,0.106814676,0.10623357,0.105810987,0.103099637,0.103159155,0.103001583,0.105189164,0.109287309,0.110114262,0.110383023,0.107350515,0.103095477,0.102285122,0.101673562,0.101294468,0.100986452,0.100366839,0.101144903,0.099859936,0.100195222,0.101099649,0.098772492,0.098131993,0.09686312,0.09707218,0.099657552,0.100227189,0.100502464,0.098925242,0.097563087,0.09784918,0.098103464,0.09829387,0.097484701,0.095685475,0.094014409,0.092703803,0.092933173,0.091370775,0.091555055,0.091033185,0.088941618,0.088250867,0.085282552,0.084128594,0.087005191,0.086729759,0.08544777,0.08488738,0.079794147,0.078940068,0.081700888,0.083425225,0.087870736,0.087236474,0.085612561,0.081896083,0.073043898,0.07142997,0.072088541,0.073323768,0.080621435,0.084303873,0.085591776,0.087615331,0.090058531,0.087823445,0.0830421,0.079700205,0.074075224,0.072159045,0.072585513,0.072973937,0.074889321,0.073676022,0.06965205,0.067463868,0.065474692,0.063436488,0.06209746,0.060472447,0.056922577,0.055032022,0.053166593,0.055241625,0.063086199,0.072548987,0.078241295,0.081446412,0.075987758,0.073488102,0.069044582,0.068710625,0.070511451,0.068673877,0.067940981,0.067726962,0.066841634,0.059283998,0.056492681,0.054567758,0.049770379,0.051835798,0.056287109,0.054433868,0.053313639,0.057745917,0.052132853,0.05148172,0.055737349,0.045843421,0.045297154,0.051412894,0.051902286,0.055582452,0.06170627,0.060488681,0.05710949,0.062700542,0.06694915,0.064212597,0.070570829,0.076093578,0.07696425,0.07760678,0.068320273,0.05664265,0.052079973,0.053223398,0.057521328,0.062110561,0.066584937,0.064784022,0.062507199,0.064061389,0.057952003,0.052077694,0.048889108,0.044792461,0.041955031,0.04022248,0.034811692,0.034648797,0.036226731,0.039526555,0.046744578,0.048204847,0.044389525,0.039518309,0.035329567,0.035174545,0.042109312,0.046164431,0.047379484,0.049276635,0.057131349,0.056650576,0.048490625,0.051427173,0.058207638,0.056324269,0.061341648,0.057008573,0.045438096,0.03661548,0.039393016,0.039522929,0.034785323,0.049726013,0.059049278,0.051915443,0.058950793,0.048572559,0.029412889,0.028794317,0.024117211,0.020613549,0.020716819,0.017909135,0.002676666,-0.000692143,0.013925609,0.022850069
/data/asd/1/1549990959-00.asd,sp2_run8,180,60,0,0,60.1038,0,0.075987201,0.084818696,0.07653095,0.076293746,0.087405272,0.089598399,0.082163015,0.081653846,0.083787714,0.087077424,0.084197783,0.081481357,0.083327102,0.082608811,0.081315372,0.0826533,0.085467781,0.085481124,0.085913347,0.085770755,0.084375906,0.085516317,0.084963729,0.084318597,0.085672196,0.087730864,0.088113014,0.087219346,0.086279012,0.085270792,0.085481167,0.087041509,0.087473007,0.086606549,0.086418919,0.087845336,0.087836934,0.088050003,0.091536043,0.090915365,0.089055671,0.089259728,0.091049992,0.092539792,0.093048957,0.092459497,0.092271343,0.09148328,0.093298761,0.095490101,0.092750261,0.093040163,0.094002722,0.094218148,0.095046541,0.094608667,0.094153255,0.095309069,0.096507901,0.096300599,0.095058947,0.096822474,0.097670532,0.098553932,0.099191865,0.098715477,0.099002157,0.100472583,0.101151923,0.100690584,0.100689986,0.1009605,0.101717794,0.102556044,0.103256071,0.102353578,0.102629903,0.103573637,0.104526278,0.104787738,0.105279102,0.105212089,0.105655047,0.106200542,0.1067458,0.107037777,0.107832713,0.108548598,0.108303071,0.10849261,0.110126973,0.109701418,0.10979213,0.110758757,0.111355352,0.11162399,0.112087369,0.112731779,0.112447663,0.112765284,0.113310361,0.113391263,0.114043849,0.114780785,0.115497464,0.115451631,0.115453735,0.115900891,0.116094612,0.11647139,0.116696742,0.116849363,0.117185821,0.117859281,0.117803614,0.118055289,0.118351816,0.118661067,0.118998047,0.119398414,0.119496502,0.120030839,0.120649142,0.120854688,0.121026666,0.121557332,0.121832981,0.121952724,0.122535816,0.122534656,0.122776546,0.123356539,0.124118468,0.124501751,0.124231726,0.124595612,0.124782382,0.124911165,0.125490689,0.125977765,0.126239454,0.126548262,0.126972499,0.127676478,0.128057542,0.12792554,0.128986684,0.129326015,0.129392149,0.130015377,0.130604077,0.130667435,0.13072598,0.131781617,0.132217693,0.132525252,0.132894319,0.133312579,0.133865299,0.134238685,0.13435391,0.134807029,0.13536483,0.135828804,0.13606105,0.136420916,0.137059272,0.137854667,0.138092053,0.138502316,0.138563029,0.138946208,0.139331171,0.139676407,0.140226144,0.140684267,0.14069736,0.140877107,0.14170974,0.142231252,0.142377096,0.14273195,0.143418419,0.143738803,0.144045214,0.14446252,0.14494983,0.145550413,0.145631204,0.146160165,0.14615373,0.146647358,0.14717319,0.147524224,0.147902883,0.148405145,0.148542143,0.148841124,0.149269474,0.149692624,0.149896086,0.150188481,0.150448942,0.150885364,0.150994114,0.151374733,0.151631107,0.152024034,0.152413339,0.152665487,0.152880784,0.153201304,0.153910298,0.154326684,0.154362302,0.154694338,0.154842197,0.155099999,0.155321473,0.155597192,0.155838346,0.155846736,0.155847101,0.156076792,0.15617181,0.156423138,0.156404595,0.156494988,0.156674151,0.156783936,0.157196085,0.157578287,0.157639456,0.157843237,0.158006537,0.158293575,0.158416501,0.158322664,0.158232809,0.15818327,0.158326762,0.158206777,0.158241043,0.158365629,0.15835037,0.158483323,0.15884428,0.158995573,0.158882593,0.158885093,0.158941735,0.159216198,0.159316792,0.159182956,0.159166484,0.159334518,0.159442133,0.159535047,0.159338794,0.159499214,0.159538422,0.15928128,0.159432216,0.159627632,0.159831343,0.159741923,0.159820098,0.159913003,0.16001866,0.160029816,0.160023276,0.160014434,0.160018833,0.160069723,0.16021476,0.160305927,0.160121383,0.160099363,0.160191147,0.160249581,0.160331035,0.160394868,0.16043721,0.160689441,0.160523629,0.160603869,0.160634401,0.160619537,0.160708356,0.160709526,0.160848559,0.160783242,0.160748336,0.160734019,0.160769577,0.1609014,0.160905704,0.160745119,0.160741732,0.160805966,0.161025005,0.161062408,0.161011742,0.160861848,0.160693405,0.160740437,0.160836485,0.160748626,0.160680677,0.160549855,0.160581407,0.160628738,0.160548,0.160362879,0.160337025,0.160471148,0.160288777,0.160528893,0.160499718,0.160375351,0.160415723,0.160483356,0.160602638,0.160686582,0.160809059,0.160866351,0.160958679,0.161351072,0.161525374,0.161530638,0.161678911,0.161661875,0.161805855,0.162193448,0.162166961,0.162229172,0.162471306,0.162368513,0.162490069,0.162869044,0.163017198,0.162927025,0.163054954,0.163353101,0.163494583,0.163473991,0.163644519,0.164010843,0.164072612,0.164298123,0.164436539,0.164464358,0.16464994,0.164699662,0.16473974,0.165027895,0.1651105,0.165341949,0.165617916,0.165535341,0.165655549,0.165940464,0.166131038,0.166367961,0.166533752,0.166582935,0.166816506,0.166883192,0.166947959,0.167299016,0.167385243,0.167644293,0.167895595,0.167949343,0.16808103,0.168276382,0.168321521,0.1684275,0.168482552,0.168707268,0.169087658,0.169168632,0.169504551,0.169543753,0.16959477,0.170028049,0.169963164,0.17017585,0.170477364,0.170376532,0.170622023,0.170786983,0.170712026,0.170967723,0.171231532,0.171555272,0.171872328,0.172065413,0.172301015,0.172348842,0.172547741,0.172699539,0.172922971,0.173177834,0.173587698,0.173749525,0.173808122,0.17398286,0.17389918,0.174011307,0.174322954,0.174372351,0.174829977,0.174762095,0.174760999,0.175189134,0.175281336,0.175386874,0.175528898,0.175663543,0.176107473,0.176343346,0.176358693,0.176791514,0.176810205,0.176833417,0.177044912,0.177289146,0.177590796,0.177749851,0.177724358,0.177977763,0.178120027,0.178426881,0.178551296,0.178854092,0.178816763,0.179178317,0.179085763,0.179185619,0.179563601,0.179801667,0.179945468,0.180279077,0.180266068,0.180519235,0.180702483,0.180886166,0.181166234,0.181298372,0.181252274,0.181449621,0.181327903,0.181684396,0.182150871,0.181972721,0.182080969,0.182042303,0.182458721,0.18256332,0.182762818,0.182895095,0.18276215,0.182470908,0.182880756,0.183232155,0.183473222,0.183547918,0.183397303,0.183169293,0.183708052,0.184113024,0.184195997,0.184231329,0.183672406,0.183985437,0.184889009,0.184338903,0.184895793,0.184689514,0.184740909,0.184937385,0.184861134,0.184986266,0.185117941,0.184977089,0.185583005,0.185244734,0.185787321,0.185436731,0.185390561,0.185778838,0.18567247,0.185732977,0.186248096,0.186731866,0.186165019,0.186055345,0.186885783,0.185642504,0.186139248,0.186420741,0.185410321,0.186579479,0.186894273,0.186416246,0.1868417,0.18759946,0.186762412,0.187480505,0.186708777,0.187786795,0.187473148,0.18643748,0.185737808,0.186995224,0.187994639,0.187859436,0.187648658,0.187513693,0.187750756,0.187576032,0.189148457,0.188574632,0.188025921,0.188472778,0.188201602,0.188408008,0.187934264,0.189394269,0.188057472,0.187775662,0.189054259,0.188938143,0.189764159,0.189729563,0.188974059,0.188675332,0.188829813,0.189915129,0.189058127,0.18931938,0.189331197,0.189733764,0.189475282,0.189743134,0.189662223,0.189567071,0.190094526,0.190302884,0.189990547,0.190128341,0.189578319,0.190454241,0.190664278,0.190817427,0.190878971,0.190843915,0.190519133,0.191520482,0.191424512,0.191501795,0.191634323,0.191780755,0.191926069,0.191869747,0.191902859,0.192299699,0.192389101,0.192312643,0.192151016,0.192512808,0.193054069,0.192615698,0.19287282,0.193326531,0.192867182,0.193319047,0.193757207,0.193653781,0.193281484,0.193849108,0.19390267,0.194503946,0.194353181,0.19428274,0.19451509,0.194617827,0.194765703,0.194760772,0.194990836,0.19550395,0.195612327,0.194945298,0.195317017,0.195147341,0.195676042,0.195837641,0.195643696,0.196406817,0.196479889,0.195606567,0.196161316,0.196115369,0.196567757,0.197129051,0.19671862,0.196859094,0.197380506,0.197533483,0.197395733,0.19703582,0.197439585,0.19805689,0.197954226,0.198528981,0.198555409,0.198224323,0.199396073,0.199303002,0.198457132,0.199038922,0.19824696,0.198498547,0.199230128,0.199030108,0.200616892,0.200609204,0.198983738,0.200358202,0.199749438,0.199874285,0.200930467,0.20026043,0.201514089,0.20172288,0.200469538,0.202114103,0.201046908,0.200647037,0.202531753,0.202177615,0.201698486,0.201945732,0.20193612,0.202256087,0.202682407,0.202630504,0.203708353,0.203470478,0.204348627,0.204071901,0.204509657,0.204423461,0.204294555,0.204002715,0.204060809,0.204323691,0.204551877,0.205367589,0.205658608,0.205371482,0.205106453,0.204519867,0.204394724,0.204511182,0.2046143,0.204801986,0.20578473,0.205965474,0.206220076,0.20641693,0.206632462,0.20657354,0.206324114,0.206059709,0.205554677,0.205603484,0.206255475,0.206279525,0.206540637,0.206622314,0.206657679,0.206347252,0.206524397,0.206611568,0.206393263,0.206589518,0.206526093,0.206839402,0.207178724,0.207165007,0.207327039,0.208062846,0.207963681,0.207559373,0.207745235,0.207988626,0.207495698,0.20728857,0.207669176,0.20775372,0.207727693,0.207944973,0.208062802,0.20804433,0.207786064,0.207626636,0.207922961,0.207799578,0.207424397,0.207769974,0.208065628,0.208301183,0.208837603,0.208900271,0.208812598,0.208843545,0.208752266,0.208976999,0.209212196,0.209193639,0.209297049,0.209357068,0.209502616,0.209479327,0.209902588,0.21006666,0.210036773,0.210169145,0.210121136,0.210628681,0.210967842,0.210922159,0.210907783,0.210723136,0.210656445,0.211263431,0.211651547,0.211632915,0.211383563,0.211450485,0.211239989,0.211157646,0.211367623,0.211389255,0.211305434,0.211436887,0.211593394,0.211800928,0.212110975,0.212095461,0.21195864,0.212033989,0.212040277,0.212016427,0.212181472,0.212524628,0.212777489,0.21262546,0.212571951,0.212573765,0.212357102,0.212444564,0.212407541,0.212411092,0.212509286,0.212771212,0.212894728,0.2129507,0.213118582,0.213127937,0.213026437,0.213029735,0.213118161,0.213090266,0.213186696,0.213264772,0.213176654,0.213484824,0.213428552,0.213686813,0.213731956,0.213684727,0.2138672,0.213851328,0.213832842,0.213816911,0.21388349,0.21383789,0.21374594,0.213562006,0.213456557,0.213226388,0.213118344,0.213168682,0.212998455,0.212918124,0.213104165,0.213195509,0.213010926,0.213033408,0.212729065,0.212284325,0.212264785,0.212537621,0.212622772,0.212845847,0.212972701,0.212891077,0.212760988,0.212802763,0.213057417,0.213244537,0.21326096,0.213432856,0.213660653,0.213684314,0.213885546,0.214015255,0.214166525,0.214302355,0.214526999,0.214471087,0.214257964,0.214350314,0.214114878,0.213937529,0.214248669,0.214411192,0.214500789,0.214561617,0.214684376,0.214829481,0.214959845,0.214795714,0.214800149,0.214822255,0.214753304,0.21501646,0.214983287,0.215075905,0.215259274,0.215219418,0.215402685,0.21566116,0.215717838,0.215911105,0.216003604,0.216154924,0.216323505,0.216379656,0.216727854,0.216990365,0.216947865,0.217026385,0.21733269,0.217418342,0.217496739,0.21756573,0.2176606,0.217654631,0.217779355,0.21809522,0.2183496,0.218530019,0.218541228,0.218699238,0.218649078,0.218793934,0.21908711,0.219310861,0.21920374,0.219367971,0.219554215,0.219845541,0.220081213,0.220312695,0.220351359,0.220272747,0.220431566,0.220745989,0.220850348,0.221110785,0.221169411,0.221100793,0.221225844,0.221398966,0.221635962,0.222023409,0.222172542,0.222233127,0.222552826,0.222857005,0.222860862,0.222911975,0.223020515,0.223156208,0.223209597,0.223453722,0.22378108,0.223899684,0.22397046,0.224074583,0.224244431,0.224514891,0.22484421,0.22496259,0.225130486,0.225175865,0.225349841,0.22548019,0.225719523,0.225849358,0.225989678,0.226200755,0.2264495,0.226672579,0.22679039,0.226710165,0.226861663,0.227144899,0.227209302,0.227365453,0.227506672,0.227448643,0.227517108,0.227633789,0.227740835,0.227907295,0.227976624,0.228044971,0.228309079,0.228658401,0.228807577,0.2288867,0.229068466,0.229081666,0.228908578,0.229003149,0.22917615,0.229213507,0.229263312,0.229389241,0.229476523,0.229487573,0.229459127,0.229599212,0.229769178,0.229869509,0.229959051,0.229979169,0.230090977,0.230165406,0.230161232,0.230169224,0.230125551,0.230003065,0.230053169,0.230159886,0.230213124,0.230296867,0.230316159,0.230232312,0.230296335,0.230331901,0.230313021,0.230369146,0.230307324,0.230177665,0.230058353,0.229866924,0.229755738,0.229625171,0.22944219,0.229398923,0.229277451,0.229168825,0.229055589,0.229221775,0.229178311,0.228996854,0.228814692,0.228696971,0.228437202,0.228283386,0.228221429,0.228135048,0.227973389,0.227830808,0.227745794,0.227635472,0.227409892,0.227169076,0.226954211,0.226704695,0.226413831,0.226346335,0.226516728,0.226350227,0.22617753,0.226023261,0.225741254,0.225597089,0.225476526,0.225397041,0.225287303,0.225367732,0.225188969,0.225109837,0.225048736,0.22477931,0.22442154,0.224133685,0.223924612,0.223655783,0.223380286,0.223056257,0.222787111,0.222593738,0.222236493,0.221850683,0.221512493,0.220878981,0.220328705,0.219911339,0.21921814,0.218558501,0.217740233,0.216775448,0.215712191,0.214783956,0.213727083,0.212494384,0.211224578,0.209888432,0.208409545,0.207011745,0.205622449,0.204064067,0.202393001,0.200729461,0.198840766,0.197073022,0.19527655,0.193425232,0.191725801,0.189967459,0.188053737,0.18613119,0.184373235,0.18255419,0.180717127,0.179066828,0.177035948,0.175472621,0.174155747,0.172741841,0.17141743,0.170125032,0.168500852,0.167146758,0.166180182,0.165102491,0.164045734,0.163203914,0.162259159,0.161243155,0.160479206,0.159670883,0.158978434,0.158353653,0.157753117,0.157149114,0.156723046,0.156422034,0.155973613,0.15572599,0.155240879,0.154409755,0.153890271,0.153399191,0.152974379,0.15270261,0.152313513,0.151906255,0.151597522,0.15121845,0.150893479,0.15079681,0.150534316,0.150347221,0.150115752,0.149913338,0.149826256,0.149597933,0.14938922,0.149522183,0.149454928,0.149350494,0.149523419,0.149721789,0.149901162,0.150237157,0.15036796,0.15069093,0.150901563,0.151189763,0.151466591,0.151793102,0.15197002,0.152325103,0.152557237,0.152837926,0.153317134,0.153609979,0.153808674,0.154254145,0.154638033,0.154984988,0.155478627,0.155825111,0.156155762,0.156636344,0.157279007,0.157884513,0.158569468,0.159123954,0.159473939,0.159977041,0.160592213,0.16126295,0.16186383,0.162445065,0.162904925,0.163292162,0.16405288,0.164646365,0.165396576,0.166084515,0.166572072,0.167265466,0.168021336,0.168437869,0.169210446,0.169963524,0.17076609,0.171309473,0.172173216,0.173055787,0.173930476,0.174799145,0.175600239,0.17595439,0.176677318,0.177247274,0.178005106,0.178814734,0.179643816,0.180232456,0.180991144,0.181698282,0.182357044,0.182780222,0.183471186,0.184180761,0.184921566,0.185593318,0.18615638,0.186825669,0.18764047,0.18807883,0.188716084,0.189123595,0.189923534,0.19074552,0.191217881,0.191781669,0.192415403,0.192981636,0.193511714,0.194214852,0.194727324,0.194985877,0.195577939,0.19610512,0.196832711,0.197809843,0.19831348,0.19877792,0.199161034,0.199600917,0.199876335,0.2007675,0.201422087,0.202102696,0.202769323,0.203081665,0.203615547,0.204258249,0.204795785,0.205435309,0.205958944,0.206531356,0.207099267,0.207721816,0.208405379,0.209010971,0.20924215,0.209512723,0.209979783,0.210514313,0.211076762,0.211703937,0.212253095,0.212584568,0.212871037,0.213456604,0.214087851,0.214535016,0.215338599,0.215747294,0.215992754,0.216293412,0.21679146,0.217146923,0.217671325,0.218026284,0.218085742,0.218420591,0.218727482,0.219209434,0.219772995,0.22015022,0.220324562,0.220752161,0.22088479,0.22124123,0.221659582,0.221976987,0.22226531,0.22267497,0.223002479,0.223236805,0.223549898,0.224048459,0.224362238,0.224701414,0.224961042,0.225433655,0.225657793,0.225925859,0.226331016,0.226489688,0.226837001,0.227066427,0.227198071,0.227433983,0.227749447,0.227679357,0.227970495,0.228386162,0.228614869,0.22878166,0.229188729,0.229533717,0.229820145,0.229950732,0.230222041,0.230432541,0.23047379,0.230700632,0.231156184,0.231253047,0.231518843,0.23183225,0.231888848,0.231985753,0.231842141,0.231967476,0.232008274,0.23235449,0.232929243,0.23321104,0.233477772,0.23382189,0.23368021,0.233740183,0.23383776,0.234179573,0.234624179,0.234569275,0.23452447,0.234630104,0.234562355,0.234466545,0.234748495,0.235077617,0.235331221,0.235585786,0.235756699,0.235835291,0.236149712,0.236374613,0.236424092,0.236575349,0.236683147,0.236978915,0.23742112,0.237515509,0.237244647,0.237078495,0.236968583,0.237164606,0.237405106,0.237540235,0.237828939,0.238261046,0.238620162,0.238652039,0.238679194,0.238680225,0.23860137,0.238643298,0.238992323,0.239081418,0.239032193,0.239070347,0.238674415,0.238720125,0.239076861,0.239258262,0.239373347,0.239554387,0.239563191,0.239575633,0.2401074,0.239933714,0.239763805,0.239900623,0.239631048,0.239597586,0.239607481,0.239672427,0.239585115,0.239881755,0.239965894,0.239745747,0.239808109,0.239740415,0.239953246,0.240003586,0.239954091,0.240133866,0.239927263,0.239673337,0.239667149,0.239472064,0.239083388,0.238864992,0.238702371,0.23910174,0.239381834,0.238710317,0.23842674,0.2383802,0.238393363,0.238197636,0.238146494,0.237409407,0.236928815,0.236642677,0.236717944,0.236362652,0.236291406,0.236299412,0.235840483,0.235827338,0.235749703,0.235250425,0.235076078,0.234581081,0.234216572,0.233855374,0.233713676,0.233330752,0.233024106,0.232684256,0.232444995,0.232146548,0.231575517,0.230733479,0.230482184,0.230124401,0.23015638,0.230477616,0.23009621,0.229429593,0.228863707,0.228606352,0.228382359,0.228182045,0.228243792,0.227729229,0.227505543,0.227139471,0.226668543,0.22682326,0.226788026,0.22591124,0.225769832,0.22557503,0.225592913,0.22556901,0.224940418,0.223977831,0.22334021,0.223008206,0.222745574,0.222641644,0.222432734,0.222125284,0.222334509,0.222343224,0.222039372,0.221727109,0.221820862,0.22114221,0.220830249,0.220907218,0.220652827,0.22059864,0.220573993,0.220268826,0.220272418,0.220678937,0.220649399,0.220480013,0.22078488,0.22026219,0.219735167,0.21925636,0.219399199,0.219834312,0.219954947,0.220285635,0.220375672,0.220301306,0.220299883,0.220257693,0.220039309,0.22009041,0.219979056,0.220157465,0.219648885,0.218518972,0.218484947,0.218626773,0.218852886,0.219319069,0.219966086,0.220017722,0.218855924,0.218910118,0.218478506,0.218511696,0.218821261,0.218878014,0.218831028,0.218543469,0.21876263,0.218975585,0.21847359,0.218438546,0.21876444,0.218470671,0.21836922,0.218685442,0.218358729,0.217726669,0.218607868,0.218081861,0.217530444,0.217007699,0.21731557,0.217230419,0.217407088,0.217422687,0.217418933,0.216063968,0.215062082,0.214906118,0.213820094,0.213833868,0.213539152,0.213110272,0.213183547,0.212399085,0.212159324,0.211122651,0.210721949,0.21080112,0.209970843,0.209213524,0.208279388,0.20686256,0.205608395,0.205616607,0.204720382,0.203556569,0.202466433,0.200863984,0.199195459,0.197478747,0.196040215,0.194554501,0.192892304,0.191558438,0.189700288,0.186960242,0.185204801,0.182283019,0.179484744,0.177164916,0.175066246,0.171982702,0.168728558,0.166607239,0.162748905,0.159388729,0.157035431,0.154540043,0.151705862,0.148634217,0.145339374,0.14186496,0.138912773,0.135646562,0.132593066,0.130365728,0.127528622,0.124653187,0.122017764,0.119631114,0.116952337,0.114096905,0.111623236,0.108919207,0.10625531,0.104552066,0.103204757,0.101423717,0.100231711,0.099000766,0.097480648,0.096286428,0.09508564,0.094122384,0.092939096,0.091888816,0.090910139,0.090416054,0.089625696,0.08821373,0.087329835,0.086170384,0.085495827,0.085082905,0.084638,0.083932168,0.083284318,0.082604434,0.081850103,0.081279806,0.080628995,0.080345856,0.080075109,0.079806856,0.079637962,0.078851975,0.078260144,0.077552343,0.077069855,0.076761157,0.076693689,0.076360253,0.076166845,0.075678575,0.075314468,0.075257925,0.07507415,0.075753705,0.07643181,0.076542655,0.077037602,0.077080425,0.077174604,0.07712222,0.076923582,0.076716263,0.07696598,0.077676256,0.078454405,0.079162573,0.07972259,0.079640052,0.080068437,0.080709374,0.081544024,0.082361811,0.083434312,0.084293999,0.084987442,0.085702099,0.086336711,0.086338711,0.086093184,0.085963549,0.086251312,0.086831643,0.087153327,0.087750614,0.088310282,0.088396752,0.088472948,0.08872132,0.08924032,0.090194939,0.090698226,0.091531341,0.09221942,0.092490657,0.092568607,0.092952522,0.092835558,0.093180941,0.094025174,0.094998594,0.095529423,0.0959003,0.096621477,0.097238267,0.097781895,0.098873851,0.0998944,0.100745067,0.101799641,0.103019415,0.10418102,0.105188124,0.106265782,0.10675372,0.107601865,0.108313774,0.108642315,0.109337341,0.109788183,0.110320526,0.111411391,0.112328361,0.113451957,0.11444218,0.115324529,0.115626354,0.116072031,0.116371995,0.117543989,0.118805205,0.119524491,0.120641158,0.120894722,0.120335287,0.120443282,0.120387568,0.120966436,0.122343304,0.122941029,0.124028316,0.124525376,0.124805612,0.125072576,0.124997382,0.125779756,0.126288065,0.12646945,0.12710099,0.127950807,0.128162535,0.12880255,0.129610238,0.130202335,0.130833435,0.131623373,0.132262397,0.132819833,0.132784882,0.133443372,0.134105951,0.134573265,0.134513198,0.135412868,0.136456852,0.136710586,0.137161471,0.137456008,0.137550617,0.137826468,0.138700253,0.139419984,0.139648232,0.140691276,0.141228541,0.141754076,0.142337379,0.142021661,0.142235068,0.142869183,0.14308447,0.145140257,0.145426983,0.145464922,0.146143479,0.147157935,0.147914976,0.147870508,0.14894709,0.149929258,0.149845772,0.150764665,0.151487478,0.150947383,0.150231488,0.150580076,0.150887445,0.151272698,0.151928574,0.152302166,0.15243944,0.153585663,0.155152311,0.154937958,0.15578042,0.156380964,0.155400946,0.15650373,0.156843807,0.156074576,0.157104789,0.159379488,0.159399085,0.160520436,0.161248867,0.16026395,0.160300489,0.160945886,0.160810935,0.161531273,0.162204047,0.162194661,0.16150611,0.16210565,0.161875724,0.161859374,0.164030105,0.164368091,0.163844371,0.164089017,0.16507595,0.165567627,0.166939755,0.167297039,0.166392568,0.16637194,0.16645184,0.166024604,0.167154093,0.168427613,0.168193036,0.169013176,0.168205168,0.167901685,0.168792478,0.167592414,0.169324421,0.169787875,0.169346233,0.17019082,0.170726827,0.171273906,0.171971346,0.17100429,0.171227483,0.17131016,0.172198336,0.173703052,0.173220253,0.172807985,0.172851267,0.173857002,0.17354125,0.174429392,0.173794782,0.172913948,0.173464346,0.173912304,0.173604511,0.174717963,0.175029073,0.176776539,0.176358194,0.177569808,0.175086052,0.177107703,0.17682778,0.1775134,0.175552657,0.177763584,0.177167513,0.176715891,0.177383594,0.177224325,0.176492926,0.175838355,0.175010758,0.174253014,0.175804612,0.176657309,0.176843531,0.176444937,0.176781762,0.177370167,0.178027313,0.178606038,0.177258817,0.177291274,0.175664837,0.175028249,0.173023201,0.173286565,0.173716383,0.175093094,0.17504922,0.176773987,0.175722786,0.177037251,0.177638732,0.176581918,0.177458176,0.176632419,0.174041905,0.173787268,0.174764,0.175005731,0.175674584,0.175378219,0.174935746,0.175480284,0.173754656,0.172457383,0.172727179,0.173665897,0.172692643,0.171490383,0.171698095,0.172389979,0.172131239,0.174197288,0.173297147,0.172680774,0.174184357,0.172180024,0.172729268,0.173019723,0.174390689,0.173354307,0.173562352,0.174153162,0.173959255,0.175466439,0.174684226,0.175098065,0.17498783,0.174349696,0.174926444,0.173831918,0.174777116,0.174729744,0.17566137,0.175027582,0.173217191,0.174332079,0.174032908,0.174507321,0.174434292,0.173766347,0.173106682,0.174432687,0.175082133,0.176855422,0.176810713,0.176280159,0.175300851,0.17502266,0.175777812,0.175996504,0.17582243,0.175004657,0.1735079,0.174324344,0.174474006,0.174277361,0.174044323,0.172490228,0.173215521,0.173802485,0.174813676,0.173277254,0.172648415,0.171466889,0.169150491,0.168629732,0.169477182,0.169438697,0.170047954,0.169178248,0.16991201,0.170480776,0.17223619,0.172726353,0.172209648,0.1719571,0.171357774,0.170403872,0.17049399,0.171487229,0.170059982,0.169939951,0.170262384,0.169347557,0.168183787,0.166897024,0.167569743,0.169055696,0.169444025,0.168967741,0.168796912,0.169470475,0.170287533,0.169481062,0.168868193,0.167371686,0.16650827,0.165577521,0.164876359,0.163812196,0.162667494,0.160893912,0.160322337,0.159166131,0.159409647,0.162278302,0.164253451,0.166419402,0.167481987,0.166540553,0.166118409,0.165310519,0.165332298,0.16335492,0.160598331,0.16052362,0.159215129,0.1586081,0.158857333,0.157740719,0.1563242,0.156773475,0.157748765,0.158185538,0.157299317,0.157823337,0.158339771,0.156164685,0.154720929,0.15406575,0.153112598,0.154194174,0.154909164,0.154972273,0.156114325,0.154420995,0.152170925,0.152934782,0.152687917,0.150259486,0.149915088,0.151628892,0.1515683,0.150319481,0.146602932,0.142755665,0.140603164,0.140108824,0.142472313,0.142745837,0.141578477,0.140680925,0.142815953,0.144784521,0.148343093,0.149241441,0.148096149,0.145057731,0.141661249,0.140621132,0.137750664,0.138464274,0.140852315,0.140001945,0.138997095,0.139214182,0.13936974,0.139266305,0.142077995,0.141456739,0.139349724,0.134755414,0.125756664,0.123560279,0.12293821,0.124847987,0.132347294,0.135088646,0.136806207,0.134984229,0.13259619,0.13168788,0.12928468,0.127924745,0.124603642,0.124155337,0.125188722,0.124586604,0.123572972,0.124961687,0.127091936,0.128083626,0.130205901,0.129648425,0.129809129,0.127907721,0.126691804,0.127571065,0.126333356,0.12502588,0.12144029,0.125686923,0.122680351,0.124694465,0.124731912,0.120052353,0.119981095,0.116972012,0.114724178,0.117414878,0.119920147,0.123682642,0.129272788,0.128294124,0.128250543,0.123208744,0.11910311,0.11804954,0.112468331,0.105938527,0.10644516,0.105780255,0.108870572,0.114928934,0.115621744,0.12065778,0.12164463,0.118311838,0.124751905,0.121349102,0.1161797,0.116598057,0.114817486,0.115968804,0.120112775,0.123499802,0.129775316,0.135473604,0.13782926,0.136738467,0.133112271,0.122653524,0.110092313,0.101607792,0.096260831,0.096712302,0.093343155,0.102595576,0.104971559,0.097722671,0.099200456,0.090933797,0.079538547,0.086911069,0.089400892,0.09890075,0.10816161,0.110999193,0.109892737,0.102625258,0.105930275,0.10299873,0.095177152,0.095463716,0.092424311,0.09089431,0.094490382,0.092328534,0.087083083,0.084420873,0.083528816,0.085395208,0.093208252,0.090345087,0.097117686,0.090405638,0.086027651,0.090407523,0.090018015,0.107272745,0.107161585,0.11394979,0.127589426,0.125758601,0.132119967,0.115914541,0.09190958,0.082202474,0.079501289,0.091237316,0.107732941,0.102083322,0.093777059,0.097729661,0.094531231,0.090280904
/data/asd/1/1549990978-00.asd,sp2_run8,216,60,36,0,60.1038,0,0.075391348,0.072805629,0.071572879,0.076397512,0.084790063,0.086835904,0.076388802,0.07751251,0.086282855,0.088460976,0.082114622,0.078616141,0.081231609,0.077678478,0.078281281,0.082344614,0.080862423,0.078629282,0.081644196,0.083419745,0.082425031,0.081965271,0.082607696,0.081138441,0.083339135,0.082550549,0.082541196,0.083337408,0.083281491,0.08359169,0.083730584,0.085641294,0.086441132,0.086123842,0.084864693,0.087040945,0.086554791,0.086039449,0.08812243,0.085271026,0.085916455,0.086696998,0.087348774,0.087995263,0.089437162,0.091210798,0.090987756,0.090698015,0.090489494,0.090303636,0.090047012,0.090135119,0.090650996,0.09039598,0.092050244,0.092534748,0.092120852,0.092379954,0.0938412,0.093916573,0.093326544,0.094562512,0.095268305,0.095435475,0.095025059,0.094788801,0.096565404,0.097828499,0.096133383,0.097845343,0.098064116,0.097521681,0.098824292,0.099368668,0.100425291,0.100369331,0.099687415,0.099659473,0.10092424,0.10237417,0.102112988,0.102214969,0.102932545,0.104056999,0.104186825,0.103322582,0.103389371,0.10491881,0.104972708,0.104995222,0.10616574,0.106034027,0.105997847,0.106651034,0.107591217,0.10810291,0.108767627,0.109638502,0.109611658,0.10983278,0.110253711,0.110516323,0.110759774,0.111303962,0.112203903,0.11196898,0.112337113,0.112732566,0.112875453,0.11340114,0.113230111,0.113345643,0.114098638,0.114341164,0.114667914,0.115289578,0.114959128,0.115650719,0.116074112,0.116031516,0.116174482,0.116568262,0.116985894,0.117148672,0.117791435,0.118238855,0.118395579,0.118337139,0.119289314,0.119647451,0.119721794,0.120156036,0.120432874,0.120643356,0.120774164,0.121581609,0.121750899,0.121668116,0.122625213,0.122791493,0.123193679,0.12399529,0.123842451,0.124349905,0.124795282,0.12499544,0.125770755,0.126095091,0.126404409,0.127170838,0.127263253,0.127308896,0.128225979,0.128808513,0.128824582,0.129294891,0.129859797,0.130127341,0.130556581,0.130867109,0.131424908,0.132182859,0.132568326,0.132765555,0.133152292,0.133456863,0.133961734,0.134571175,0.134729945,0.135388193,0.135796693,0.136077195,0.136281435,0.136508115,0.137210501,0.137738951,0.137898821,0.13812373,0.138696351,0.139270076,0.139550641,0.140052208,0.140476487,0.140600323,0.140935059,0.141432023,0.141830256,0.142402708,0.142689955,0.143382641,0.143363442,0.143899505,0.144377664,0.14465649,0.145118492,0.14568898,0.145960944,0.146233975,0.146577555,0.14691002,0.147267158,0.147716323,0.147982539,0.148171346,0.148335714,0.148786424,0.148950505,0.149283287,0.14956585,0.149685359,0.149717842,0.150218694,0.150703663,0.150917393,0.151180258,0.151549667,0.151685939,0.151992331,0.152221025,0.152742972,0.153246079,0.153244034,0.153357267,0.153768017,0.15401072,0.154170063,0.154325629,0.154440359,0.154498899,0.154558238,0.154788327,0.154778221,0.154556712,0.154730491,0.154817716,0.155024638,0.155142709,0.155334614,0.155581471,0.155820121,0.155870444,0.155991282,0.15619239,0.156177055,0.156245223,0.156308049,0.156444696,0.156462076,0.156254039,0.156323014,0.1566128,0.156658988,0.15678025,0.15676019,0.156791006,0.156964499,0.156995629,0.157100494,0.156848374,0.157056019,0.157172382,0.15685283,0.156894316,0.157048559,0.15725282,0.157216702,0.157142918,0.157181601,0.157278395,0.157177386,0.1572715,0.157355243,0.157386871,0.157493646,0.157632963,0.157704222,0.157491749,0.157597437,0.157713065,0.157671176,0.157705246,0.157809198,0.157877458,0.158087957,0.157846622,0.157907073,0.15794832,0.158030928,0.158072336,0.157944056,0.158004795,0.158035085,0.158138089,0.158196253,0.158199145,0.158250699,0.15818887,0.158105328,0.158265245,0.158134161,0.158179654,0.158314936,0.158374705,0.158315684,0.158171377,0.15822756,0.158330401,0.158213529,0.158133794,0.157923768,0.158007644,0.158087834,0.157973607,0.157777491,0.15770404,0.15783041,0.157712009,0.157870399,0.157941338,0.158006545,0.157973428,0.157970546,0.158057358,0.158215898,0.158251443,0.158256907,0.158360276,0.158784231,0.159054506,0.159030829,0.159042863,0.159148683,0.159247897,0.159513759,0.159566839,0.159780252,0.160121943,0.160092884,0.160022241,0.160345717,0.160440682,0.160330894,0.16057721,0.160967172,0.161188028,0.16121446,0.161247531,0.161555685,0.161759532,0.161907718,0.161992751,0.162067417,0.162314219,0.162222655,0.162316055,0.162729658,0.162660801,0.162980417,0.163354201,0.16335629,0.163608344,0.163885302,0.163926598,0.164033572,0.164199988,0.164206778,0.164377724,0.164567606,0.164600142,0.164923511,0.16516151,0.165408764,0.165626738,0.165651374,0.165675826,0.165860893,0.166080971,0.166260831,0.166255889,0.166421741,0.166790688,0.166846464,0.167019829,0.167278861,0.167543134,0.167912141,0.167754189,0.167886774,0.168199508,0.168140724,0.168299761,0.168573009,0.168695211,0.168721194,0.168939465,0.169257941,0.169467452,0.169538408,0.169944806,0.170135168,0.170090644,0.170327101,0.170634035,0.170749435,0.171055484,0.171362247,0.171496305,0.171533443,0.171381069,0.17164828,0.172028684,0.171909894,0.172349126,0.172250547,0.172209493,0.172632308,0.172781215,0.172904579,0.173068312,0.173200176,0.173448802,0.173606607,0.173717161,0.174244068,0.174231729,0.174219737,0.174530199,0.174793758,0.175021324,0.17510832,0.175229752,0.175507985,0.175640982,0.17598449,0.176028108,0.176397365,0.176395903,0.176681508,0.176582542,0.176642934,0.176932637,0.177125386,0.177275763,0.177725323,0.177761688,0.177894974,0.177900975,0.178046822,0.178555286,0.178553331,0.178372062,0.178485809,0.178424436,0.178887172,0.179463797,0.179323133,0.179202427,0.179293213,0.179783202,0.179883829,0.17998329,0.180065591,0.180058682,0.179862664,0.180181985,0.180535576,0.18078031,0.180726798,0.180632037,0.180439946,0.18097204,0.181300988,0.181350546,0.181458311,0.180834237,0.181184199,0.182110718,0.181539573,0.182008591,0.181842359,0.181898705,0.182125889,0.18198759,0.182149,0.182209167,0.181962937,0.182681936,0.182056313,0.182461537,0.182380302,0.18219457,0.182637162,0.182589098,0.18259997,0.183053159,0.183330008,0.1826163,0.182690039,0.183515673,0.182242106,0.182670245,0.182980821,0.181964381,0.183118843,0.183413175,0.183105093,0.18325478,0.183819586,0.183320801,0.183812301,0.183006997,0.184163181,0.18377541,0.182614876,0.181843074,0.183123133,0.184140894,0.183843647,0.183778738,0.183809614,0.183863653,0.183722635,0.185300217,0.18463031,0.18405069,0.184507908,0.184302012,0.184625722,0.183997625,0.185156529,0.183800163,0.183620894,0.184825158,0.184637217,0.185373674,0.18538645,0.184588098,0.184444058,0.184799667,0.185690649,0.184706785,0.184732634,0.184606528,0.185128944,0.184903826,0.18522762,0.185202187,0.184814661,0.18500219,0.18541566,0.185569526,0.185477679,0.185080626,0.186029467,0.185873815,0.186115499,0.186315201,0.186184741,0.185984121,0.18643495,0.186357773,0.187017738,0.186748732,0.186824643,0.18711275,0.187254548,0.187179989,0.187287507,0.187308869,0.187155082,0.186859364,0.186971623,0.187403799,0.187401267,0.187491717,0.187904447,0.187588183,0.188023373,0.187817612,0.187873356,0.18775433,0.188167579,0.188104661,0.188508488,0.188382513,0.188647954,0.188550139,0.188289249,0.188517398,0.188735833,0.188914222,0.189152609,0.189137559,0.188908854,0.189295387,0.188950595,0.189383543,0.189302958,0.188996777,0.189741616,0.190317838,0.19010676,0.19014949,0.189645087,0.189844375,0.190406497,0.190112444,0.189745487,0.189395658,0.190105927,0.190584151,0.190643652,0.190949513,0.191680123,0.190979907,0.191332908,0.191788135,0.191098496,0.192413073,0.192184467,0.191037244,0.192406859,0.19211765,0.192202423,0.192262376,0.191723058,0.193121696,0.193201895,0.192138719,0.193204786,0.193259548,0.193360281,0.193781406,0.192398734,0.193512861,0.194405361,0.19348375,0.194229056,0.193257301,0.193077449,0.194272522,0.19434074,0.194360134,0.19469064,0.194894584,0.194101793,0.193961986,0.194112291,0.195671767,0.195087579,0.195247867,0.195139524,0.195108107,0.195456934,0.195387908,0.195263263,0.195385994,0.195500392,0.195703308,0.196578538,0.196594563,0.195949102,0.195920388,0.195753538,0.195779174,0.196336728,0.196665179,0.197148468,0.197147803,0.197136324,0.197442481,0.197548269,0.197504583,0.197742397,0.198580159,0.198446589,0.197928709,0.197655687,0.197072071,0.196936672,0.197958262,0.19845437,0.199217144,0.199374093,0.199083516,0.19892926,0.198881789,0.198894675,0.198807961,0.199548639,0.199781395,0.199521472,0.199514733,0.199418826,0.199227417,0.199103551,0.199347919,0.199960096,0.200175917,0.200182628,0.200406088,0.200868414,0.200758586,0.200609197,0.201139176,0.201230169,0.200983346,0.200998978,0.201309637,0.201239696,0.201379116,0.201290278,0.200961273,0.20112906,0.200910823,0.201009936,0.201549667,0.201658191,0.201704727,0.201984756,0.202045543,0.201913854,0.201999536,0.202323374,0.202503642,0.202364487,0.202266523,0.202087223,0.201652869,0.20160962,0.201895151,0.202436365,0.202884483,0.203175907,0.202966123,0.202610104,0.202282427,0.202062377,0.202283357,0.20233047,0.202694189,0.203068425,0.203316762,0.203431038,0.203735145,0.204003806,0.204054149,0.204070722,0.204075128,0.203931399,0.203870651,0.204008172,0.203724845,0.203566798,0.203894528,0.203755741,0.203750011,0.20383422,0.204256442,0.204215251,0.204463332,0.204871796,0.204894229,0.20491503,0.204728666,0.204599313,0.20483008,0.205181494,0.2053029,0.205246758,0.205161786,0.2051639,0.205058677,0.205020197,0.205223182,0.20536783,0.205414951,0.205588654,0.205581649,0.205897991,0.205802784,0.205753887,0.205949142,0.206161102,0.206225035,0.206270018,0.206388857,0.206202999,0.205965603,0.205868592,0.205815736,0.205750542,0.205755674,0.20589422,0.20616398,0.206157098,0.205753792,0.205797019,0.205869729,0.205701636,0.205695435,0.205660235,0.205562739,0.205307113,0.205229639,0.205339815,0.205401761,0.205484509,0.205618159,0.205778577,0.20569259,0.205657271,0.205759373,0.206015477,0.205976213,0.206173032,0.206378119,0.206239648,0.20616305,0.206224525,0.206355008,0.206191435,0.206454338,0.206500898,0.206475181,0.206631323,0.206759854,0.206718967,0.206824773,0.206863466,0.206777625,0.20696281,0.207110196,0.207343231,0.207641481,0.20770092,0.207907783,0.20790932,0.20805635,0.20838601,0.208329106,0.208386409,0.208477319,0.208180208,0.208241852,0.208498224,0.208502743,0.208749405,0.208787572,0.208783067,0.20872229,0.208684541,0.208932735,0.20922255,0.209423973,0.209398237,0.209394226,0.209427038,0.2093994,0.209480803,0.209881609,0.209981672,0.210054681,0.210315248,0.210375956,0.21056772,0.210688937,0.210918904,0.211080457,0.211237197,0.211300472,0.21130711,0.211445437,0.211721412,0.211949215,0.212415787,0.212410461,0.212484401,0.212573942,0.212753928,0.212988266,0.213376472,0.213528803,0.213630564,0.213767234,0.214029125,0.214170847,0.214297078,0.214404624,0.214350755,0.214111637,0.214227722,0.214629183,0.214818455,0.215097492,0.215326692,0.215261615,0.21547729,0.215924888,0.216188775,0.216335508,0.216503636,0.216603834,0.216728462,0.216961894,0.217274094,0.217521138,0.217656466,0.217938098,0.218053241,0.218114318,0.218200384,0.218363058,0.218566657,0.218710166,0.218806478,0.219003857,0.219096489,0.219192116,0.219242142,0.219344725,0.219383047,0.219481919,0.219693957,0.219948782,0.22034209,0.220525905,0.220551403,0.220693292,0.220895976,0.220895187,0.221006356,0.221143804,0.221082864,0.220994604,0.22117997,0.221370665,0.22145408,0.221495545,0.221658507,0.221790931,0.221899833,0.222104136,0.222220328,0.222280895,0.222234217,0.222049608,0.222104315,0.222161227,0.222230377,0.222351839,0.222369368,0.222481256,0.222626717,0.222764935,0.222793209,0.222806211,0.222696193,0.222541101,0.222266523,0.22224136,0.222300782,0.222367058,0.222688187,0.222796271,0.222721243,0.222697855,0.222634414,0.222520584,0.222330409,0.2222564,0.222308799,0.222194516,0.221955579,0.221794896,0.221603715,0.221431265,0.221358491,0.221289472,0.221304821,0.221257144,0.221232113,0.221210085,0.221086755,0.220793359,0.220634543,0.220499883,0.220429933,0.22042093,0.220294658,0.220177366,0.220032645,0.219701881,0.21947315,0.219314186,0.219096999,0.218879558,0.218836666,0.218762776,0.218597232,0.218606087,0.218445352,0.218137286,0.217956772,0.21770262,0.217538238,0.217502624,0.217493864,0.217232968,0.216877413,0.216802199,0.21662471,0.216293197,0.216095879,0.215964851,0.21563477,0.215472065,0.215574654,0.215351845,0.215005663,0.214696295,0.214266408,0.213945259,0.213779146,0.213169871,0.21216292,0.211372779,0.21043223,0.209639084,0.209365491,0.208538053,0.2075277,0.206573406,0.205356351,0.204134338,0.202852076,0.201640218,0.200205318,0.198516657,0.196963411,0.195346481,0.193701182,0.191989193,0.190304005,0.188490535,0.186655647,0.184964904,0.183243636,0.181348962,0.179450873,0.177665098,0.175916873,0.174209777,0.172652596,0.17098856,0.169428481,0.167691817,0.166192489,0.164716556,0.163409809,0.162132876,0.160862567,0.159787283,0.158723614,0.157746908,0.156960343,0.156050989,0.155158314,0.154381514,0.15337818,0.152699618,0.152160302,0.151618663,0.151173279,0.150715089,0.150260055,0.149736379,0.149183116,0.148733174,0.148080518,0.147640632,0.147345437,0.146956855,0.146535237,0.146182937,0.146040394,0.145788175,0.145491071,0.145159118,0.144859277,0.144546392,0.144230792,0.143970864,0.143775078,0.143762172,0.143784671,0.143678666,0.143851964,0.143800172,0.143851591,0.143803347,0.143928166,0.144068819,0.144348202,0.144407299,0.144655193,0.144842523,0.14512007,0.145384512,0.145739641,0.146049994,0.146451396,0.146684267,0.146994001,0.147494332,0.147793335,0.148000237,0.148426954,0.148674573,0.149027226,0.149674376,0.150027126,0.150416676,0.150839083,0.15114307,0.151667598,0.152424157,0.1530213,0.153532536,0.154119607,0.154633723,0.155322187,0.156038506,0.156661252,0.157306935,0.157720403,0.158284707,0.158817425,0.159442128,0.160067397,0.160707326,0.161436869,0.162253525,0.162653279,0.163441053,0.164153487,0.1649703,0.165571175,0.16636764,0.167109797,0.167875362,0.168519182,0.169332209,0.169896503,0.170653737,0.171283176,0.172136599,0.173013969,0.173855809,0.174524231,0.175274049,0.175680151,0.176373336,0.177064638,0.17778892,0.178537391,0.179290605,0.179761442,0.180320685,0.181139145,0.182003917,0.182574543,0.183203645,0.183500186,0.184244037,0.184945672,0.18539277,0.186077244,0.186785022,0.187459553,0.188003206,0.188636093,0.18911917,0.189289616,0.189870037,0.190410096,0.191082157,0.191868099,0.192321749,0.192833096,0.193273866,0.194022319,0.194380931,0.195172349,0.195772215,0.196268617,0.196878362,0.1973243,0.197890938,0.198473722,0.199023207,0.199759088,0.200271945,0.20082159,0.201467905,0.201988243,0.202351758,0.202940418,0.203298011,0.203716978,0.204550144,0.205026632,0.20540116,0.205921485,0.206175506,0.206496187,0.206991156,0.207446165,0.207827935,0.208147137,0.208665313,0.209059171,0.20957247,0.209930039,0.210401787,0.210813698,0.211309298,0.211694823,0.211871868,0.212191791,0.212357396,0.212772845,0.213228458,0.213612659,0.213846539,0.21432664,0.214645339,0.215057381,0.21546968,0.215772121,0.216029276,0.21642058,0.216761366,0.217055192,0.217493642,0.217947312,0.218099241,0.218396497,0.218557216,0.219007132,0.219395883,0.219648166,0.219896999,0.220092279,0.220568201,0.220781481,0.220915724,0.221184827,0.221340323,0.221413672,0.222121633,0.222670794,0.222932269,0.223111822,0.223311571,0.223663769,0.224047029,0.224190015,0.22436965,0.224615482,0.224721031,0.224878564,0.22533501,0.225391984,0.225433334,0.225672833,0.225707534,0.22592101,0.226087669,0.226330796,0.226657769,0.22690459,0.227004732,0.227077895,0.227133558,0.227427898,0.227545199,0.227782184,0.228149893,0.228555093,0.228889258,0.228990078,0.229287234,0.229431325,0.229418514,0.229311062,0.229140771,0.229277661,0.229648588,0.229797878,0.229633534,0.229608708,0.229818961,0.229992147,0.230199108,0.230358761,0.23039627,0.230696496,0.231103924,0.231382675,0.231578817,0.231604923,0.231831298,0.231974985,0.23175003,0.231743762,0.231866839,0.232241879,0.232755253,0.232738572,0.232631464,0.232522336,0.232372939,0.232304145,0.232477909,0.232609595,0.232731699,0.232877439,0.232963357,0.23296002,0.232836899,0.232965498,0.232948857,0.233045854,0.233214945,0.233100552,0.233323667,0.233504371,0.233481318,0.233496056,0.23350256,0.233439173,0.233268851,0.233500265,0.233461704,0.233573025,0.233631852,0.233408526,0.233222668,0.23281218,0.232808016,0.232929084,0.233030198,0.233228535,0.233117843,0.23284732,0.232803939,0.233024599,0.232913695,0.232573557,0.232397169,0.232461865,0.23251383,0.232438652,0.232100156,0.231705066,0.231759884,0.231580454,0.231501318,0.23125683,0.230976789,0.230565257,0.230536908,0.230156842,0.229984412,0.229687097,0.229285682,0.229571117,0.229616041,0.229302746,0.229178337,0.228506883,0.228195957,0.228057147,0.227850334,0.227262062,0.227086307,0.226844236,0.226657236,0.226738699,0.225911602,0.224840415,0.22449166,0.224252249,0.224194121,0.224626669,0.224496421,0.223793264,0.223421561,0.2230767,0.222382912,0.221957928,0.221770334,0.221424055,0.221129268,0.220513923,0.220221528,0.219937691,0.219761052,0.219274087,0.219118296,0.218908744,0.218813554,0.218654292,0.218016404,0.217604967,0.217454977,0.21722627,0.21697872,0.216666964,0.21589043,0.215467186,0.2153381,0.215310648,0.21570173,0.215454952,0.215175565,0.214697894,0.214105286,0.213996199,0.214297264,0.214471256,0.214368335,0.214237081,0.214628295,0.214592793,0.214222798,0.214065844,0.213830841,0.213620505,0.214067879,0.214093116,0.214211934,0.214097421,0.213605039,0.213360937,0.213368448,0.213384644,0.213543154,0.213831088,0.21395466,0.213822381,0.213620479,0.213913118,0.213703118,0.213822899,0.214089454,0.213816185,0.214071282,0.214621521,0.214812085,0.214924318,0.214463863,0.21465349,0.213948624,0.21416826,0.215075826,0.215264692,0.215341304,0.215284656,0.21524986,0.214496031,0.213732502,0.213389777,0.213790938,0.214363809,0.214644785,0.215398962,0.215453989,0.215440677,0.215942339,0.21540081,0.215011766,0.214224851,0.213726174,0.213296207,0.212833884,0.21272555,0.212826176,0.211996342,0.211498824,0.211477102,0.210553846,0.210576108,0.210357174,0.209901654,0.210044129,0.209458381,0.209146847,0.207964062,0.207341359,0.207045039,0.206073759,0.205512879,0.205365233,0.204173241,0.203331685,0.203356778,0.201901526,0.200463063,0.199657733,0.198139988,0.196534199,0.194901129,0.193419884,0.191561502,0.189784172,0.188276161,0.186533737,0.184090735,0.182674082,0.180284028,0.17762169,0.174938562,0.172861738,0.169907629,0.167042224,0.164965507,0.161126084,0.157860658,0.155322098,0.152192504,0.14936267,0.146243953,0.143454357,0.140377275,0.137374845,0.134220851,0.130803775,0.127062134,0.123893358,0.121462746,0.118640777,0.116292603,0.114026357,0.111621478,0.109537619,0.107683435,0.105554639,0.103871488,0.101712751,0.099647799,0.097856956,0.095801098,0.094235855,0.093506278,0.092702493,0.092164256,0.091613786,0.09057066,0.089537746,0.088627364,0.087783568,0.08609652,0.084880413,0.083800929,0.083232836,0.082881168,0.08269681,0.082169462,0.081855421,0.081393582,0.080767829,0.080434294,0.080261568,0.079797916,0.079784187,0.07963753,0.079071971,0.078428586,0.077814135,0.076979398,0.076813173,0.07660151,0.076632908,0.076149615,0.07596568,0.075558267,0.074976328,0.075096487,0.075222574,0.075421094,0.075920425,0.075987114,0.075760712,0.07579641,0.076076546,0.076567981,0.076603936,0.077186973,0.07772482,0.07793153,0.078714909,0.079136461,0.079761745,0.080165162,0.080149845,0.080537166,0.08118936,0.081564918,0.081725534,0.082137619,0.082723264,0.083477705,0.084103029,0.084626749,0.085101923,0.085359621,0.085623222,0.085941983,0.086192315,0.086283643,0.08632469,0.08700985,0.087519545,0.087928684,0.088920222,0.089471718,0.089794794,0.090396879,0.090602063,0.091114316,0.092134444,0.092884278,0.093636516,0.094154871,0.094350282,0.094912521,0.095653278,0.096283658,0.09708235,0.098061927,0.098576805,0.099176243,0.100147604,0.101500426,0.102406289,0.103259402,0.104143256,0.104522329,0.105147338,0.105853597,0.106426045,0.107072498,0.107615052,0.108447949,0.109056372,0.109459492,0.110175657,0.110752668,0.110964727,0.111660068,0.112762172,0.112937562,0.113547477,0.114197807,0.114929819,0.115827161,0.116026277,0.116764041,0.117200614,0.117403354,0.118225146,0.119768049,0.120827355,0.122074759,0.122564592,0.12261799,0.122905487,0.123427905,0.123929944,0.124649786,0.125507438,0.12606985,0.126303277,0.12690693,0.127431562,0.127561237,0.128065077,0.128814792,0.129696706,0.130243396,0.130873389,0.131180349,0.131074708,0.130678232,0.13149439,0.132202692,0.132665359,0.132821407,0.133571272,0.133686535,0.134080754,0.135338284,0.13582945,0.13644847,0.136865564,0.137248877,0.137436102,0.137627148,0.138750566,0.139587586,0.140294112,0.141133828,0.141364136,0.141430177,0.141783308,0.141586509,0.141901545,0.141718575,0.142022993,0.142720162,0.144101406,0.14536265,0.145662326,0.145715273,0.146130791,0.146841727,0.147801067,0.148723268,0.148520509,0.147951898,0.148568443,0.149658711,0.15040995,0.15130751,0.15167994,0.151227059,0.15205262,0.152897851,0.152701345,0.153611111,0.15475883,0.154624158,0.155963615,0.156429793,0.155820551,0.156465874,0.157492718,0.156935839,0.15701828,0.157695506,0.157672191,0.158027055,0.159269582,0.15955993,0.160413413,0.160978142,0.161932281,0.16175251,0.162126115,0.161591424,0.161239759,0.162230335,0.162324738,0.162551447,0.16272401,0.163525034,0.164009499,0.164638827,0.164814677,0.164364711,0.164617215,0.164880782,0.164952545,0.167143757,0.168617374,0.168089699,0.168880338,0.167893019,0.166637727,0.167626953,0.167383154,0.169515144,0.17049712,0.170201441,0.170981451,0.171150255,0.170737222,0.170943379,0.169185267,0.169063988,0.169434231,0.170423425,0.171379349,0.170901917,0.170544541,0.170559756,0.172124244,0.173455748,0.174815408,0.174396285,0.174102194,0.175144447,0.175638536,0.175570418,0.176101659,0.174546957,0.175241041,0.173663453,0.174238819,0.171795253,0.173378686,0.173251365,0.174307354,0.172624709,0.175106579,0.174241283,0.174112801,0.174881409,0.174471958,0.173899891,0.173928652,0.173057175,0.172258795,0.173484357,0.172902286,0.17281384,0.173204619,0.173521558,0.173896906,0.174793816,0.174651494,0.173843841,0.175905092,0.176331468,0.176405509,0.176184993,0.175585614,0.174939487,0.176233739,0.174524907,0.175019677,0.17270973,0.172989674,0.171726139,0.17070776,0.173157863,0.173143713,0.172492513,0.172868117,0.172999196,0.173380521,0.174302182,0.174151912,0.174657627,0.175403917,0.173073544,0.171482421,0.170878882,0.170823569,0.170499805,0.170704671,0.17246951,0.17446048,0.17487356,0.176353179,0.174855164,0.173068315,0.17408703,0.171234897,0.171452634,0.172273828,0.173857045,0.173041907,0.173303984,0.173892808,0.173976515,0.175192462,0.174802088,0.177163406,0.177400076,0.176517376,0.177283539,0.175772967,0.175674394,0.176607099,0.177294135,0.176460881,0.174767949,0.173854107,0.172685241,0.173566877,0.173889853,0.174780333,0.175732328,0.177326776,0.1762505,0.177794993,0.178218555,0.177137778,0.17504487,0.174397814,0.173721753,0.173364815,0.174351854,0.173972372,0.172943584,0.173817139,0.173483727,0.173089231,0.172370162,0.170821094,0.172272237,0.172589723,0.172591656,0.170263164,0.170027236,0.171226338,0.171896847,0.172427491,0.172381674,0.170191482,0.168303567,0.167859023,0.169087293,0.169687481,0.170589911,0.168958561,0.167348983,0.167030684,0.168358,0.169381039,0.170194249,0.170865057,0.169512251,0.168086549,0.168990624,0.170213959,0.169050833,0.168023121,0.168170381,0.166663719,0.165935452,0.164864748,0.163490485,0.164109814,0.163904412,0.160136298,0.159454385,0.158802091,0.158359541,0.159464656,0.160721455,0.160896507,0.161427768,0.162701308,0.164102411,0.162722464,0.162749461,0.163430218,0.164693055,0.166013314,0.165821686,0.164587108,0.163088321,0.161801113,0.160103638,0.157860518,0.157202311,0.157414091,0.158048502,0.159671047,0.159094542,0.158048992,0.157988352,0.158256747,0.157627227,0.157733582,0.156739373,0.155333102,0.156183958,0.152899072,0.150013789,0.152401246,0.152166565,0.154316534,0.155853259,0.155514748,0.156297672,0.154354183,0.153556146,0.155057032,0.156030643,0.152635733,0.150576757,0.15113376,0.150800095,0.152889166,0.155394592,0.153764661,0.149144216,0.146799887,0.144801979,0.144055081,0.147190376,0.146014216,0.147138024,0.14836007,0.147103397,0.146310231,0.144733622,0.143655762,0.145524685,0.145410984,0.145143756,0.144218536,0.136203878,0.133531294,0.134442992,0.13491755,0.13978092,0.140473767,0.138874703,0.139511265,0.141232244,0.140934396,0.141630825,0.142542486,0.142066789,0.142807542,0.14442102,0.147170347,0.150550569,0.148744282,0.147820037,0.146036772,0.139453864,0.137625845,0.136900282,0.137694741,0.141769652,0.141233607,0.138366391,0.135843398,0.129581372,0.126981267,0.125834737,0.126313398,0.132294847,0.130854372,0.129742448,0.122399538,0.118737674,0.123478815,0.120301791,0.122849533,0.123425395,0.122909457,0.122260756,0.124646757,0.125504861,0.122043068,0.120249748,0.120047961,0.116201018,0.116686544,0.121077403,0.123604594,0.128507732,0.124675723,0.121586307,0.1190632,0.116365161,0.118709501,0.120311748,0.123451459,0.12348766,0.121082475,0.119514221,0.116541301,0.108560964,0.100563199,0.100451958,0.102691841,0.105669592,0.110927624,0.1148908,0.111750343,0.109334763,0.107979281,0.109353215,0.106623435,0.107819974,0.112578473,0.112074035,0.11520182,0.113693181,0.109493009,0.10882314,0.112286349,0.112794109,0.117348428,0.120673131,0.114089044,0.108127036,0.110956539,0.10789378,0.110651716,0.107982694,0.105025735,0.109589182,0.110163613,0.108610293,0.102869435,0.091192957,0.08711269,0.079877399,0.081821089,0.088732048,0.092282845,0.110266021,0.110360446,0.09590983,0.094560195,0.093411525,0.094159489,0.102531704,0.110061254,0.114420202,0.121154558,0.127894522,0.112566953,0.098385947,0.098647661,0.093926495,0.099993545,0.10922095,0.103106716,0.099983399,0.110242456,0.106195333,0.091942225,0.089118199,0.08234769,0.080245734,0.091675697,0.098936042,0.095033333,0.101005851,0.105534406
/data/asd/1/1549990992-00.asd,sp2_run8,216,40,36,0,40.1932,0,0.066309791,0.063904672,0.06737004,0.065830437,0.066227776,0.073282227,0.067102707,0.065372831,0.067863404,0.069572598,0.067679882,0.06459519,0.066559108,0.064133881,0.063741303,0.067352834,0.070192268,0.067893597,0.066514139,0.067024074,0.066683846,0.068926215,0.068410696,0.066327715,0.069276918,0.068721559,0.067581236,0.067451538,0.06763349,0.067465767,0.066971246,0.0679719,0.068405007,0.067504148,0.067399066,0.069918528,0.068623492,0.068062908,0.071822554,0.069724378,0.070153928,0.07088919,0.071063409,0.070641267,0.07145328,0.072144401,0.070650046,0.071587852,0.073109548,0.072661263,0.072570458,0.071967707,0.072853094,0.074353639,0.074819928,0.074328608,0.074411764,0.074955706,0.076840055,0.076866949,0.075448671,0.075424501,0.077326713,0.078028728,0.076863157,0.077056105,0.077377864,0.078242114,0.077756779,0.07780545,0.078937243,0.079872927,0.079462792,0.080145076,0.080726595,0.080618333,0.081564667,0.081241568,0.081622203,0.08241573,0.081849339,0.082228754,0.083522026,0.084127048,0.08457467,0.084516901,0.085468479,0.086556235,0.08601457,0.085644293,0.087101759,0.087417701,0.087366395,0.087672582,0.088378329,0.088690355,0.089068005,0.089634898,0.089216625,0.089812535,0.090507949,0.090575396,0.090638216,0.090831188,0.091468474,0.091730959,0.092088268,0.092446884,0.092440453,0.092436243,0.092605462,0.093139477,0.093545207,0.093303803,0.093545963,0.094230624,0.094182729,0.094685735,0.094795187,0.095101058,0.095423595,0.095894754,0.096379721,0.096511728,0.096726092,0.096976985,0.097246034,0.097502039,0.098278703,0.09830593,0.098352031,0.09849513,0.098945082,0.099422861,0.099441481,0.099711777,0.100033351,0.10027708,0.100542856,0.101202216,0.101814104,0.101948597,0.102386867,0.102741285,0.102848524,0.103183853,0.104050832,0.104305631,0.10435436,0.104739151,0.105152974,0.105593229,0.106110199,0.106353178,0.106458398,0.106904551,0.107508643,0.107654895,0.108087443,0.108634213,0.108699384,0.108968367,0.109496653,0.110198183,0.110651298,0.110570633,0.110807007,0.111807942,0.111978886,0.112361319,0.11244187,0.113016319,0.113408945,0.11368531,0.114199655,0.114217871,0.114539577,0.115115814,0.115551077,0.116008067,0.116218562,0.116563808,0.116879776,0.117317839,0.117769528,0.117763649,0.118307255,0.11891337,0.11898826,0.119446098,0.119563026,0.120117763,0.120452079,0.120868008,0.121185472,0.121552689,0.122031394,0.122221105,0.122455824,0.122750444,0.123256981,0.123496021,0.123589362,0.123866009,0.123979475,0.124353251,0.124525726,0.124570024,0.124944021,0.125227147,0.125446033,0.12589212,0.126427089,0.126852942,0.12713557,0.127580057,0.127858265,0.128143621,0.128364597,0.128861389,0.129319014,0.12925884,0.129394444,0.129694647,0.129770662,0.129830117,0.129693551,0.129633851,0.129557343,0.129449531,0.129682797,0.129902879,0.129766823,0.129688729,0.129821175,0.13016804,0.13026747,0.130421757,0.130616575,0.13071263,0.130880794,0.1308522,0.13094782,0.131090239,0.131263949,0.131369128,0.13156675,0.13170447,0.131595411,0.131646082,0.131776446,0.131872167,0.132044093,0.132035594,0.131951408,0.132195033,0.132191793,0.132115677,0.132083549,0.132190614,0.132250954,0.132228809,0.131995603,0.132183039,0.132443945,0.132186589,0.132322131,0.132458991,0.1324813,0.132604744,0.132553483,0.132550235,0.132707836,0.132733231,0.132855511,0.132954073,0.132902124,0.132843114,0.132817342,0.132882019,0.132878412,0.132967651,0.133037991,0.133152217,0.1331107,0.133304294,0.133341298,0.133235369,0.133255836,0.133180251,0.133295488,0.133303377,0.133366068,0.13334483,0.133353124,0.133349717,0.133249259,0.13322378,0.133372406,0.133237797,0.133226474,0.133330657,0.133416105,0.133295976,0.133121255,0.133237237,0.133343688,0.133207814,0.133080931,0.132992853,0.133061776,0.133065798,0.13295541,0.132832212,0.132807877,0.132908692,0.132872962,0.132723658,0.132799741,0.13313614,0.133034694,0.13303314,0.133131955,0.133174654,0.133262416,0.133362315,0.133408432,0.1335762,0.13381073,0.13381644,0.133927762,0.134067328,0.134091218,0.134382381,0.1345745,0.134750451,0.134972576,0.134916469,0.134980043,0.13516443,0.135268757,0.135419002,0.13541808,0.135791305,0.136000393,0.135783497,0.135979199,0.136417698,0.136481829,0.1365664,0.136767422,0.136842339,0.137039301,0.13710069,0.137084324,0.1372555,0.13730316,0.137707391,0.138040639,0.137880885,0.138125199,0.13838244,0.138487625,0.138668381,0.138791288,0.138764463,0.138962961,0.139124601,0.139166878,0.139451969,0.139596338,0.139713222,0.139984382,0.14018656,0.140265009,0.140274259,0.140310062,0.140510432,0.140557942,0.14067677,0.140974799,0.141135901,0.141446088,0.141527343,0.141683558,0.142103081,0.142051884,0.142126904,0.142335301,0.142382628,0.14254611,0.142776744,0.142941617,0.143178247,0.143203969,0.143414089,0.14379961,0.143813485,0.144069051,0.144171104,0.144203962,0.144511604,0.144730262,0.144700789,0.144900711,0.145194257,0.145383711,0.145497263,0.145496838,0.145683407,0.14599324,0.146025502,0.146344657,0.146205805,0.146101533,0.146652414,0.146762275,0.146780833,0.146962271,0.147117037,0.147414555,0.147547015,0.147592224,0.148052121,0.14807919,0.148010948,0.148232105,0.148477069,0.148749334,0.148939481,0.149044162,0.149225656,0.149296463,0.149615698,0.149603277,0.149934465,0.149982967,0.15022007,0.150156934,0.150244004,0.150525212,0.150643368,0.150787037,0.151164383,0.151191062,0.151267499,0.151275792,0.151463783,0.151933397,0.151839157,0.151763741,0.151967157,0.151836278,0.152191661,0.15263437,0.152447912,0.152489291,0.152483797,0.152866601,0.152998175,0.152949247,0.153081644,0.153183629,0.153041696,0.153359812,0.153620805,0.153699546,0.153671557,0.153658041,0.15349855,0.153902424,0.154110939,0.154175426,0.154336511,0.153807947,0.154005959,0.154767321,0.154303121,0.154722225,0.154440176,0.154589728,0.154910672,0.154636394,0.154842054,0.154959024,0.154681364,0.15520263,0.154743935,0.1552214,0.155175668,0.154796214,0.155251098,0.155355922,0.155115183,0.155591362,0.155903732,0.155310115,0.155386587,0.156000625,0.15484485,0.155257445,0.15533587,0.154548393,0.155594751,0.155856293,0.155532082,0.155694078,0.156217779,0.155754627,0.15617561,0.155456929,0.156424143,0.156205201,0.155226072,0.154468208,0.155498135,0.156351895,0.156250312,0.156040762,0.155858276,0.156202247,0.156061725,0.157334353,0.156679888,0.156183483,0.156626369,0.156526238,0.156833134,0.156086983,0.157081757,0.156049266,0.155841022,0.156797551,0.156717277,0.157319869,0.157350627,0.156949037,0.156630602,0.156589767,0.157770409,0.156810656,0.15688977,0.157006798,0.156985759,0.156826057,0.157170932,0.157284807,0.156870902,0.157173445,0.157412688,0.157182724,0.157445182,0.157041717,0.15772544,0.158008689,0.158015289,0.157905243,0.15790218,0.157823548,0.158173239,0.158098832,0.158510785,0.158082778,0.158345668,0.158625602,0.158465851,0.158562554,0.15851899,0.158493545,0.158719251,0.158764146,0.158864994,0.159175723,0.159123031,0.159123698,0.159425653,0.159120141,0.159310931,0.159453299,0.159596164,0.159694829,0.159934182,0.159623767,0.159948182,0.159842652,0.160032007,0.160333614,0.159906171,0.159724117,0.160416567,0.160250688,0.160361214,0.160431688,0.160194692,0.160627737,0.160367524,0.160623041,0.160561963,0.160446432,0.161181028,0.161351005,0.161060286,0.161107115,0.160923027,0.161366264,0.161397306,0.161420504,0.16167874,0.161538097,0.160955446,0.161642952,0.162034348,0.161913038,0.161878922,0.161501528,0.1622572,0.162215012,0.16138879,0.162412944,0.162964857,0.163064151,0.163549466,0.162727688,0.163221075,0.163577318,0.162756663,0.164019071,0.163913638,0.162674823,0.164510876,0.163759298,0.163181337,0.164461187,0.163814222,0.165100868,0.164943752,0.163632552,0.164865726,0.164009325,0.163333299,0.163992621,0.163571731,0.164621042,0.1651158,0.164411292,0.166385577,0.165633655,0.164395571,0.16561847,0.16545673,0.165828863,0.165576433,0.165632257,0.166245159,0.166194594,0.165659503,0.16530487,0.164725011,0.16479585,0.165162654,0.165406097,0.165942385,0.166218521,0.166103222,0.166197022,0.166396414,0.166554163,0.16683553,0.167019682,0.166804399,0.166801368,0.166665569,0.166231015,0.166391607,0.167015355,0.167258274,0.167796972,0.168022337,0.167752404,0.167885686,0.1682544,0.168490789,0.168961095,0.169086587,0.169410057,0.169376283,0.168924894,0.169034588,0.168779209,0.168386146,0.168409248,0.168510637,0.168722845,0.16940236,0.169498394,0.169797775,0.170107356,0.169867679,0.169853883,0.169714118,0.169609296,0.170008885,0.16996835,0.169842966,0.169992061,0.170095004,0.169925075,0.169973327,0.170699355,0.170752184,0.170567645,0.170455735,0.170512602,0.170313784,0.17014295,0.170313943,0.170171255,0.170234183,0.170570273,0.170773156,0.170966981,0.170897856,0.170990682,0.171119658,0.171264984,0.171370205,0.171575474,0.171859551,0.171981127,0.171895566,0.171673206,0.171614373,0.171533565,0.171670027,0.171924287,0.172071198,0.172094754,0.172472753,0.172720986,0.172718972,0.172627627,0.172892729,0.173105309,0.172909746,0.173066109,0.173017744,0.172553718,0.172481635,0.172906352,0.173123247,0.173121931,0.173107323,0.173021589,0.173078609,0.173292246,0.173373118,0.173570418,0.173878905,0.174095299,0.174018911,0.173964822,0.173952787,0.173881447,0.173872784,0.173886072,0.173892099,0.173915576,0.174110318,0.174116342,0.174165313,0.174278025,0.174401818,0.174382058,0.174446617,0.174493966,0.174462916,0.174447268,0.174704461,0.174984931,0.175048176,0.174985805,0.175137217,0.174911513,0.174903448,0.174812423,0.174434206,0.174523799,0.174567193,0.174516498,0.174546811,0.174629446,0.174506716,0.174251677,0.17448041,0.174728845,0.17469387,0.17460881,0.174650625,0.174542741,0.174395385,0.174327602,0.174286924,0.174032343,0.173755068,0.173779123,0.173894892,0.173964562,0.174061534,0.174256486,0.174419127,0.174385535,0.174474913,0.174590741,0.17460097,0.174499592,0.174544296,0.174577758,0.174401514,0.174295903,0.174389145,0.174749725,0.174843772,0.175259376,0.175428172,0.175492334,0.175553431,0.17547405,0.175314144,0.175186821,0.175175505,0.175255349,0.175462682,0.175645302,0.175634622,0.175809612,0.175924576,0.176114959,0.17612586,0.176079399,0.176406715,0.176419158,0.176702918,0.176961666,0.176979396,0.177060116,0.177175292,0.177163503,0.177191716,0.177204053,0.177305789,0.177411972,0.17753728,0.177838451,0.178025398,0.178283891,0.178227963,0.178239049,0.178478786,0.17849645,0.178625217,0.179144607,0.179236069,0.179062383,0.179286523,0.1793958,0.179570241,0.179848157,0.180151112,0.180215401,0.180390048,0.180463189,0.180712735,0.18070494,0.180916427,0.181111398,0.181204013,0.181215241,0.181346975,0.181340312,0.18136719,0.181548873,0.181964659,0.18213565,0.182471073,0.182627837,0.182660209,0.182787756,0.182930572,0.183112276,0.183384814,0.183457686,0.183466234,0.183728964,0.183951985,0.183973688,0.184015731,0.184022124,0.184216577,0.184464464,0.184728742,0.185131826,0.185220477,0.184994088,0.185066777,0.18531349,0.185518598,0.185730136,0.185855709,0.185986538,0.186082919,0.186497764,0.186714049,0.187010817,0.187098609,0.187117523,0.187497705,0.187737519,0.187965408,0.188027669,0.187911945,0.187902166,0.187828799,0.187847374,0.188042973,0.188234254,0.188374812,0.188560075,0.18879207,0.18894114,0.189202305,0.189252216,0.189228126,0.18932302,0.189330219,0.189246053,0.189486339,0.189647276,0.189772536,0.18998833,0.190162006,0.190272096,0.190300587,0.190396051,0.19040129,0.190252049,0.190141567,0.18999109,0.190023923,0.190204636,0.190257069,0.190248595,0.190209312,0.190266411,0.190366496,0.190593533,0.190658855,0.1906971,0.190549274,0.190586917,0.190742465,0.190781417,0.190991228,0.19101818,0.190869447,0.190809033,0.19058291,0.190546019,0.190559933,0.190487782,0.19052489,0.190559676,0.190632407,0.190558615,0.190352726,0.190187021,0.190020508,0.189862159,0.189863918,0.189756444,0.18950208,0.189342337,0.18916049,0.189123344,0.189005237,0.188938772,0.188715834,0.188361341,0.188218926,0.188090678,0.187987607,0.188076752,0.187960417,0.187625615,0.187447212,0.187212096,0.186987193,0.186968195,0.1868622,0.186592322,0.186384483,0.186339784,0.186244111,0.186206672,0.186133574,0.185807962,0.185605577,0.185431008,0.185390946,0.185152383,0.184945185,0.184862272,0.184613135,0.184386535,0.184310962,0.184186061,0.184014666,0.183716594,0.183238859,0.182859852,0.18242954,0.181995534,0.181522915,0.18116059,0.180770337,0.180251422,0.179780237,0.179150577,0.178492964,0.17773269,0.177011177,0.176007614,0.174812844,0.173702891,0.172437314,0.17122074,0.169972644,0.168887895,0.167428204,0.165738951,0.164163109,0.162358773,0.160806213,0.159443877,0.157756474,0.155967933,0.154076994,0.152018665,0.150250604,0.148540577,0.146717966,0.145047857,0.143396691,0.141655045,0.140166617,0.138655456,0.13727584,0.135889682,0.134544022,0.133065329,0.131823498,0.1306362,0.129414649,0.128424959,0.127384148,0.126214516,0.125315042,0.124446381,0.123676425,0.122973735,0.122194726,0.121562357,0.120993118,0.120362961,0.119723993,0.119220819,0.118682566,0.118298421,0.118243082,0.117876397,0.117256651,0.116836327,0.116296552,0.115914349,0.115773984,0.115473665,0.115194735,0.114965896,0.114671442,0.114419027,0.114455703,0.114217573,0.113809243,0.113600772,0.113439433,0.11338865,0.11347199,0.113370433,0.113335964,0.113282265,0.113346988,0.113621549,0.113719919,0.113851003,0.11397499,0.113640427,0.113870897,0.114223394,0.114469113,0.114789143,0.115121012,0.115201043,0.11556504,0.116088101,0.116337663,0.116565399,0.11673167,0.11670353,0.117016554,0.117479917,0.117779929,0.118128276,0.118453364,0.118794588,0.119236246,0.119923533,0.120454311,0.120897093,0.121440794,0.121896688,0.122432296,0.123159721,0.123812852,0.12417194,0.124674296,0.125213079,0.125659302,0.126560102,0.127179109,0.127757152,0.128314825,0.12872625,0.129326433,0.130040844,0.130427722,0.131123972,0.131796798,0.132578328,0.133266896,0.133970751,0.134647173,0.135338998,0.135782533,0.136632717,0.137478689,0.138239438,0.138906451,0.139633208,0.140108658,0.140842672,0.141602848,0.142343163,0.14295583,0.143609289,0.144074423,0.144770407,0.145581595,0.146263815,0.146741167,0.147278689,0.14783378,0.148578769,0.14925549,0.149877561,0.150131521,0.150857608,0.151573107,0.15206073,0.152931754,0.153595543,0.153991628,0.154487855,0.155086585,0.155629188,0.15620528,0.15689024,0.157349529,0.157971476,0.158628402,0.159088079,0.159762652,0.160204843,0.160797148,0.161131699,0.161815475,0.162394054,0.163085347,0.163687731,0.163916487,0.164395014,0.164924968,0.165437405,0.166248203,0.166830936,0.167379163,0.167887682,0.168422039,0.168845129,0.16938503,0.169726707,0.170091389,0.170749381,0.171237934,0.171725147,0.172198283,0.1724382,0.172721806,0.173045173,0.173525502,0.174120689,0.174488688,0.175067676,0.175456588,0.175836915,0.176219011,0.176878952,0.177288141,0.177771481,0.178140355,0.178235703,0.178569463,0.178910449,0.179345747,0.17976671,0.180064338,0.180152834,0.18053075,0.180751859,0.181120476,0.18151657,0.181882636,0.182280653,0.182694792,0.182995036,0.183212512,0.183316142,0.183705214,0.184057491,0.184385953,0.184723082,0.185127995,0.185243658,0.185510166,0.185868034,0.186091046,0.186635126,0.18683705,0.186784073,0.186956445,0.187093308,0.187111698,0.187617067,0.188118252,0.188580607,0.188784275,0.189104752,0.189347039,0.189387389,0.189421186,0.189523783,0.189718651,0.189905764,0.190177131,0.190708796,0.190900766,0.191218566,0.191612731,0.191889781,0.192056496,0.191988445,0.192179597,0.19229694,0.192486421,0.192767693,0.192911811,0.192865057,0.193178152,0.193443967,0.193610745,0.193791404,0.194100334,0.194235441,0.194285233,0.194544907,0.194766727,0.194974237,0.194959746,0.195005838,0.195220536,0.195285052,0.195465609,0.195571758,0.195688056,0.196244071,0.19638568,0.196250946,0.196354789,0.196299881,0.196641393,0.197400251,0.197666364,0.197670587,0.1976774,0.197648679,0.19782797,0.197935214,0.197966697,0.198068861,0.198294976,0.198338347,0.198280707,0.198201918,0.19824764,0.198339035,0.198461488,0.198928791,0.199049625,0.199008568,0.199018648,0.198728995,0.198782565,0.199095387,0.199208618,0.199280874,0.199139481,0.199057634,0.198955604,0.199053135,0.199146389,0.199049785,0.199119169,0.199167572,0.199211624,0.19929579,0.199495527,0.199383002,0.199428873,0.199418272,0.199273101,0.199198199,0.199062105,0.199002963,0.198683798,0.198608,0.198865601,0.198849651,0.199010843,0.199254168,0.199164638,0.19899131,0.198732042,0.198464469,0.198747779,0.198996348,0.19866338,0.198402318,0.198085365,0.198021268,0.19765582,0.197615729,0.197414688,0.197245554,0.197244917,0.197425133,0.19713698,0.196935252,0.196656545,0.196204485,0.196000372,0.195851103,0.195725116,0.195527441,0.194944028,0.194580396,0.194063839,0.193974416,0.19392375,0.193685581,0.193253667,0.192992127,0.192508619,0.192055587,0.191721548,0.191548787,0.190828475,0.190622845,0.190904808,0.190499235,0.190122156,0.189863352,0.189351223,0.188862721,0.188681908,0.188597569,0.188221322,0.188033332,0.187631743,0.18712589,0.186734001,0.186422929,0.18570892,0.185599758,0.185621654,0.185239306,0.184968093,0.184531555,0.184015683,0.184483932,0.184443092,0.183750877,0.18349818,0.182897067,0.182525904,0.182694602,0.182726509,0.182832319,0.182493832,0.18236758,0.181794607,0.181162983,0.181046118,0.180810741,0.180849489,0.18069808,0.180252429,0.18067694,0.180975044,0.180585458,0.180375278,0.180065122,0.179470459,0.179642413,0.179825516,0.180047105,0.179948765,0.17948296,0.179382097,0.179386692,0.179118109,0.178872896,0.178969168,0.178793461,0.178154801,0.178438851,0.180227474,0.180578165,0.181246456,0.181697294,0.181123186,0.181145462,0.181160375,0.181144419,0.181418857,0.181517121,0.181922596,0.182126622,0.182357542,0.18247761,0.182223749,0.181663137,0.180917398,0.180873791,0.180654081,0.180138754,0.180385884,0.180906588,0.181066772,0.181166753,0.181688218,0.18169035,0.181449538,0.182106384,0.181716579,0.181594661,0.180973476,0.180379022,0.180161096,0.180278917,0.180407162,0.180688175,0.180326613,0.180037201,0.180138888,0.179419977,0.179466627,0.179391497,0.179089759,0.17920867,0.178717406,0.178646763,0.177990151,0.177551214,0.176952787,0.175717772,0.174816588,0.17354466,0.172167759,0.171635893,0.171492572,0.169989651,0.168836466,0.167765982,0.165962033,0.164662529,0.16300496,0.161431258,0.159690364,0.15789153,0.156025995,0.154193865,0.151802045,0.150520639,0.148493397,0.145527555,0.142818565,0.141225979,0.138429293,0.135581121,0.133612138,0.130381678,0.127026757,0.124568318,0.121957124,0.119004755,0.115942325,0.113269082,0.110591771,0.108118745,0.105791392,0.103217568,0.100813686,0.098126228,0.096045286,0.093594055,0.090798991,0.088558463,0.086015165,0.084132457,0.082525309,0.080565937,0.079103477,0.077535533,0.075486696,0.073951543,0.072650848,0.0716376,0.070636902,0.069698476,0.06884558,0.067275941,0.06635652,0.065525538,0.06499828,0.064490435,0.063926482,0.063130457,0.06241548,0.062015725,0.061291228,0.060759134,0.060025075,0.059397763,0.059016679,0.058935591,0.058888032,0.05857256,0.058288786,0.057899198,0.057518115,0.05779238,0.057675374,0.057348448,0.057208964,0.05705107,0.056922524,0.056862451,0.056937701,0.056537432,0.056078439,0.05605036,0.055836971,0.055807428,0.056050018,0.055921473,0.055884854,0.055811762,0.055776537,0.056141597,0.056956416,0.057237374,0.057592502,0.058315431,0.058431613,0.058612418,0.058834845,0.05885073,0.058798544,0.059095043,0.059402121,0.059888802,0.060210598,0.060480926,0.060612133,0.060934084,0.061731919,0.062504205,0.062836446,0.06278473,0.062893927,0.063242995,0.063728073,0.063980681,0.064432963,0.064881372,0.065004708,0.065100821,0.065614571,0.06602802,0.066499978,0.067058877,0.067833701,0.068495284,0.069050459,0.069993771,0.070491149,0.070562545,0.070896666,0.071235463,0.071419707,0.072077568,0.072523246,0.073347538,0.074381998,0.075180937,0.075574701,0.076050088,0.076199613,0.076501823,0.076712417,0.077308931,0.077834634,0.078354291,0.07946701,0.08025638,0.081003535,0.081604574,0.082356422,0.083234873,0.08365382,0.084248181,0.084814444,0.084907268,0.085434583,0.086100992,0.08683285,0.087359662,0.087748362,0.088662059,0.089057541,0.089150326,0.089721189,0.090003778,0.090195499,0.090729119,0.091815957,0.092489588,0.092772278,0.093154236,0.093955679,0.094036589,0.094634793,0.095754119,0.095653158,0.096248253,0.096619404,0.096259964,0.096799488,0.097756677,0.09820951,0.09946245,0.100410331,0.100817808,0.101375279,0.102139111,0.102469533,0.102840556,0.103131765,0.104067849,0.104993791,0.105502988,0.105478003,0.106210179,0.106426692,0.106576833,0.107438981,0.107853309,0.108032064,0.108392178,0.109078541,0.109559985,0.109762601,0.110664346,0.111473717,0.111908673,0.11272528,0.113188052,0.113440767,0.113979562,0.114128437,0.115158305,0.115211272,0.115458181,0.1158315,0.116156715,0.116668166,0.117123997,0.117247845,0.117903589,0.117982998,0.118565805,0.118619766,0.118555444,0.118905905,0.119603503,0.120601838,0.121384363,0.122038165,0.122263615,0.121958417,0.122644344,0.122960206,0.122884308,0.12387553,0.124744898,0.124759914,0.125830002,0.126314065,0.126145726,0.126765572,0.12747919,0.127057491,0.127160159,0.127645235,0.127931859,0.128136206,0.128702331,0.128502347,0.128634001,0.128415706,0.128786787,0.1284508,0.129058464,0.129338549,0.129399061,0.130725375,0.13119102,0.131282462,0.131772343,0.133222692,0.133980823,0.135003504,0.135468043,0.135158349,0.135351244,0.13533981,0.135226301,0.136786452,0.13800241,0.137631107,0.138435852,0.13766012,0.136571975,0.137201669,0.136766964,0.138296085,0.13868412,0.138276335,0.13853679,0.138806566,0.139071355,0.139679696,0.139292979,0.139855932,0.140589129,0.141544559,0.14355618,0.143829166,0.142843044,0.142242675,0.14245948,0.140666545,0.140603641,0.139797278,0.139145858,0.139958709,0.140471836,0.141124482,0.141937544,0.141110356,0.141842923,0.140346647,0.140730671,0.138019371,0.140173192,0.140725644,0.141510307,0.140519856,0.142038206,0.141117287,0.141830492,0.142921393,0.1437284,0.143766803,0.143738785,0.143232229,0.142761369,0.144095859,0.144490396,0.144468873,0.144151689,0.143895365,0.14304495,0.142993169,0.142761477,0.141755312,0.142897196,0.142541213,0.143186496,0.142946505,0.142939773,0.142654105,0.143262437,0.141356346,0.142264129,0.141813796,0.142822872,0.143259107,0.142770677,0.144314342,0.143968227,0.142395008,0.141954167,0.140902217,0.140652956,0.141324344,0.141210641,0.142141179,0.143227456,0.142506916,0.141095553,0.141453015,0.143616881,0.143410073,0.143234787,0.143107539,0.141865203,0.139904874,0.140021716,0.138912749,0.138840205,0.140911021,0.141436356,0.14305999,0.144917175,0.146645843,0.145709534,0.145492322,0.144656978,0.143808968,0.144034724,0.143109055,0.144065259,0.144003854,0.143354466,0.143962146,0.142705785,0.144034807,0.145447704,0.146441897,0.146438044,0.145049615,0.146073737,0.146688712,0.147427381,0.146845369,0.144370058,0.142604801,0.143181735,0.143801383,0.144865836,0.144559078,0.143830027,0.141941832,0.141970818,0.144414853,0.144977844,0.14536117,0.14467761,0.142288818,0.142562343,0.142792355,0.14230454,0.141919272,0.140074771,0.139093252,0.139028929,0.139535781,0.138398118,0.139507464,0.140396707,0.139448393,0.13940874,0.139096431,0.138336157,0.139257802,0.139288811,0.140015644,0.139639049,0.140007691,0.138896572,0.137548868,0.137376612,0.136827549,0.135858621,0.136058192,0.137238719,0.136719425,0.13734013,0.138728092,0.140146389,0.139948393,0.139390505,0.139672677,0.139116701,0.138707562,0.137997557,0.136591215,0.135519105,0.13461036,0.131038635,0.129655188,0.128832151,0.128708041,0.129771753,0.130647743,0.131134136,0.131255716,0.131108274,0.130473411,0.128186709,0.126567457,0.126745529,0.127254088,0.127479627,0.128728126,0.128989988,0.12897578,0.130730826,0.13295439,0.133274592,0.133177499,0.132810445,0.129651512,0.127190651,0.124661823,0.123064729,0.122557855,0.123470794,0.12456216,0.123902449,0.123121758,0.123063124,0.12335485,0.122927319,0.123038841,0.122799276,0.120563172,0.11896499,0.117307256,0.117063017,0.1191589,0.118414674,0.117870781,0.120539222,0.121519953,0.121597161,0.122602584,0.121673871,0.12087614,0.120663184,0.120323015,0.119575334,0.116816891,0.116857915,0.117382569,0.116462126,0.115290201,0.11472523,0.114776228,0.116414356,0.12240651,0.122557908,0.118342553,0.11470466,0.10934468,0.107960472,0.109053813,0.109600048,0.109449612,0.108067124,0.104319835,0.104134343,0.107696446,0.107840099,0.108805761,0.109969726,0.110472598,0.10929371,0.108640032,0.108894732,0.108046127,0.107016795,0.107020601,0.105115915,0.097362703,0.095495649,0.096998762,0.098501062,0.105642214,0.108037804,0.107450595,0.108589377,0.108198156,0.10570535,0.099921025,0.098848454,0.100265811,0.099136353,0.099748493,0.098374906,0.092699497,0.090130401,0.0915316,0.091995057,0.093193619,0.09056943,0.087009885,0.086899569,0.085272098,0.086749213,0.085533158,0.087242757,0.087497198,0.085957445,0.087403005,0.085941125,0.084984929,0.084792565,0.088425691,0.092650983,0.094943078,0.099316318,0.098299194,0.095999277,0.096871817,0.092703692,0.096767822,0.098042376,0.092458366,0.088543972,0.07884246,0.070841057,0.067678094,0.066925392,0.074949285,0.077783474,0.077819043,0.078677502,0.071035958,0.068943882,0.073225287,0.071607641,0.073916511,0.078661827,0.076922704,0.076826143,0.083167091,0.08581696,0.086434766,0.089738202,0.083111286,0.07686373,0.073706627,0.074406096,0.07660977,0.079776158,0.078697273,0.082069224,0.087861839,0.095736236,0.09096941,0.086356805,0.080269483,0.069585729,0.073571651,0.073428478,0.070660814,0.07113131,0.067207009,0.067827667,0.074102491,0.078514499,0.082503859,0.086227509,0.093825224,0.094120386,0.08768943,0.081602041,0.073218268,0.068173335,0.067142137,0.068010809,0.070516986,0.077922808,0.08529354,0.085617124,0.079818093,0.072881599,0.064945331,0.068633117,0.076300193,0.071607881,0.072428635,0.065015004,0.057219639,0.070522874,0.08284634,0.096369117,0.112296509,0.110321068,0.111447491,0.101182469
/data/asd/1/1549991008-00.asd,sp2_run8,216,20,36,0,20.1364,0,0.049491798,0.048484304,0.047928204,0.048211482,0.056249623,0.064003059,0.060443745,0.05595035,0.056557037,0.058758179,0.053873631,0.052392218,0.057124218,0.052537161,0.055310861,0.058492376,0.054956983,0.057234051,0.054379178,0.052233729,0.058011413,0.056182525,0.055802349,0.0571535,0.058503319,0.057266718,0.055750121,0.055654962,0.057981593,0.057670179,0.056972127,0.05843563,0.058296088,0.058205434,0.058333966,0.061500125,0.060561859,0.058205443,0.060255051,0.060177142,0.059530841,0.060095842,0.062180486,0.06136154,0.061399636,0.061512303,0.060475375,0.06041807,0.061851965,0.063581952,0.06103273,0.061394163,0.06329482,0.062784421,0.062807908,0.065061427,0.065515351,0.062098884,0.064554749,0.065149073,0.063233215,0.065193069,0.066054096,0.066002726,0.065976114,0.066164693,0.065895338,0.066435325,0.065881936,0.066941473,0.067740195,0.067924182,0.069352672,0.069614855,0.069269682,0.069342314,0.070440412,0.069689026,0.0699359,0.071495671,0.071768789,0.071948248,0.072339646,0.072731503,0.073047141,0.072974599,0.073347402,0.073550185,0.073698329,0.074276033,0.075420465,0.076074131,0.076009285,0.075902613,0.076577128,0.076592373,0.076799193,0.077576077,0.07721051,0.077870109,0.078757486,0.078637204,0.078361735,0.078434043,0.079357853,0.079715468,0.080349645,0.080534205,0.080232438,0.080696156,0.080778567,0.080756715,0.081141184,0.081452577,0.081887045,0.082422417,0.082444897,0.082812764,0.082940959,0.082886164,0.083475111,0.08368203,0.083904977,0.084705109,0.084620629,0.084824461,0.085261635,0.085089085,0.085821957,0.086099508,0.085993509,0.085882608,0.086418557,0.087018848,0.087103789,0.08751349,0.087735694,0.088003379,0.088376968,0.088468321,0.08884689,0.089646276,0.089768304,0.090208079,0.090334297,0.090276483,0.091044249,0.091292105,0.091550332,0.091708591,0.09247503,0.092887179,0.093022876,0.093582599,0.093523405,0.093878861,0.094930405,0.095022779,0.095459409,0.096009285,0.095955359,0.096283892,0.096699885,0.096941512,0.097640425,0.09779877,0.09794983,0.098510773,0.098621075,0.099141526,0.099479251,0.099846091,0.099989856,0.100133942,0.100692554,0.101043059,0.101411117,0.101949811,0.102370363,0.102796166,0.102916038,0.1031933,0.103306622,0.10362865,0.104105618,0.104378815,0.104805919,0.105288425,0.105471373,0.106059955,0.106281955,0.106659839,0.106721375,0.107201252,0.107610748,0.108058482,0.108327542,0.1084141,0.108709059,0.109020007,0.109614534,0.10988126,0.109950224,0.110252358,0.110357387,0.110761159,0.110958068,0.11127155,0.111440519,0.111613668,0.111918873,0.112289052,0.112650092,0.112864861,0.113075119,0.113446261,0.113624384,0.113800372,0.114060913,0.11441673,0.114737613,0.114839356,0.114720142,0.114855186,0.114834623,0.114859918,0.114980915,0.115038574,0.114970081,0.114996245,0.115323251,0.115595019,0.115553607,0.115774059,0.115884115,0.116029011,0.116051537,0.116166272,0.116391194,0.116545675,0.116751908,0.11679421,0.116876814,0.116950241,0.11692073,0.117046464,0.11738789,0.117410925,0.117258975,0.117284237,0.117369138,0.117427644,0.117528959,0.117486878,0.117401452,0.11767545,0.117632737,0.11741869,0.117479527,0.117605644,0.117652374,0.117682254,0.117495344,0.117533928,0.117777294,0.117696405,0.117761643,0.117827431,0.117875626,0.117832453,0.117810805,0.117850329,0.117872459,0.118002397,0.118048724,0.117990562,0.117972853,0.117861318,0.117915329,0.118143024,0.118124108,0.118101844,0.118096954,0.118288872,0.118215948,0.118241164,0.118176282,0.118219399,0.118252651,0.118230797,0.118283424,0.118414577,0.118270631,0.118090013,0.11824971,0.118354919,0.118355391,0.118294163,0.118372948,0.118337029,0.118362508,0.118309696,0.11835069,0.118245526,0.118103075,0.118098539,0.118056812,0.117894565,0.118019299,0.117967916,0.117969787,0.117943987,0.117964812,0.117906838,0.117785494,0.117767243,0.117843804,0.117775703,0.117721157,0.117903562,0.117897282,0.11787401,0.117955901,0.118112564,0.118168819,0.118231616,0.118323723,0.11847993,0.118633484,0.118655695,0.118776723,0.118774721,0.118870833,0.119163649,0.119187625,0.119364715,0.119563673,0.11943274,0.11961437,0.119715053,0.119752668,0.119965735,0.119946549,0.120207594,0.120400425,0.120309191,0.120543141,0.120871068,0.120730772,0.120882591,0.120958002,0.121078683,0.121454757,0.121378147,0.121241057,0.121498658,0.121664405,0.121866202,0.122152226,0.122127596,0.12227544,0.122392883,0.122463719,0.122697118,0.122773315,0.122810719,0.122997194,0.123136567,0.123252525,0.12354935,0.123614714,0.123827552,0.12402754,0.124048827,0.12408298,0.124189349,0.124243275,0.124466763,0.124539684,0.12460726,0.124796466,0.124790357,0.125128389,0.125254075,0.125370639,0.125689174,0.125699162,0.125745399,0.125873568,0.125848462,0.126116633,0.126336188,0.126313956,0.126447158,0.126655525,0.126962261,0.127283617,0.12739196,0.127461081,0.127454255,0.127612065,0.12774447,0.127828796,0.127898147,0.128341714,0.128549195,0.128651446,0.128806465,0.128712633,0.128812446,0.129058771,0.128980961,0.129301888,0.129251295,0.129207515,0.129686411,0.129733347,0.129785499,0.129942264,0.129943459,0.130241361,0.130471924,0.130500317,0.130868825,0.130888644,0.130877509,0.131179957,0.131303878,0.131508841,0.131726801,0.131705084,0.131886221,0.132014519,0.132292886,0.13227301,0.132519651,0.132511723,0.132648072,0.13265712,0.132778957,0.133038275,0.133197014,0.133295805,0.133595751,0.133592164,0.13370838,0.13381859,0.133920394,0.134088953,0.134096722,0.134141902,0.134370137,0.134212286,0.134533663,0.134934168,0.134738942,0.13467443,0.13472922,0.135039539,0.135110796,0.1353528,0.135424922,0.135365791,0.135131168,0.135332423,0.135628296,0.135715192,0.13564564,0.135700032,0.135531699,0.135915117,0.136301697,0.1362809,0.136305797,0.135862674,0.136001053,0.136577295,0.136137827,0.136620643,0.136357445,0.136445677,0.136728248,0.136567982,0.136661574,0.136708352,0.136477724,0.13696507,0.136524752,0.136872412,0.136904527,0.136676693,0.136927163,0.136836161,0.136634482,0.137010391,0.137323982,0.13689307,0.137015802,0.137630003,0.136446756,0.136636919,0.136753297,0.136179067,0.137170892,0.137251921,0.13694294,0.137211048,0.13764209,0.13715438,0.137498219,0.136771073,0.137620035,0.137344666,0.13655108,0.135979863,0.136844896,0.137669425,0.137554209,0.137339225,0.137307289,0.13753142,0.137323108,0.138496732,0.137994684,0.137346347,0.137742358,0.137601658,0.137679443,0.137540899,0.138413558,0.137229035,0.136940689,0.137967496,0.137839337,0.138320525,0.138346513,0.137788038,0.137631078,0.137769616,0.138425558,0.137837598,0.138025094,0.137895783,0.13792928,0.137977018,0.138108215,0.137738151,0.13777385,0.138115871,0.138314462,0.13818448,0.138262178,0.137892483,0.138405593,0.138481688,0.138446756,0.138327641,0.138231876,0.138246763,0.138761474,0.138697227,0.139034688,0.138887553,0.139028348,0.139100941,0.139014988,0.138848098,0.139048504,0.139067399,0.138981176,0.139038489,0.139130985,0.139489392,0.139288712,0.139297899,0.139639427,0.139483794,0.13977209,0.139740415,0.139702108,0.139539946,0.139619333,0.139777297,0.140042807,0.139730691,0.139688599,0.139679314,0.13962764,0.139957302,0.139828467,0.140278383,0.140786439,0.140653263,0.14007327,0.140453939,0.140216435,0.140759753,0.140847679,0.140095879,0.140581865,0.140465227,0.140171334,0.140593075,0.140189333,0.140332868,0.140727304,0.140761562,0.140769831,0.140671169,0.140835357,0.14080154,0.140784074,0.141081251,0.141208533,0.140908946,0.141582921,0.141551818,0.141327998,0.142709331,0.142396126,0.141535441,0.142235115,0.141577474,0.142179242,0.14255847,0.141360116,0.142464101,0.142385577,0.141366272,0.14226695,0.14252279,0.14314911,0.143019106,0.14252562,0.143598675,0.143733568,0.142993623,0.143832137,0.142708675,0.14270583,0.144043647,0.143072379,0.143326434,0.143774071,0.143314795,0.143555748,0.143840104,0.143552146,0.143874759,0.143471627,0.144145668,0.144070847,0.144178525,0.144158665,0.144167303,0.144329375,0.144393575,0.143964419,0.143920243,0.144222775,0.144279201,0.143853262,0.144042273,0.144539646,0.144720323,0.145191442,0.145191209,0.144664149,0.144739763,0.144653283,0.14456857,0.144751447,0.145040857,0.145126922,0.145651184,0.145744452,0.145507564,0.145434094,0.145039098,0.14495594,0.145194124,0.145422106,0.145978308,0.146245356,0.14624068,0.146410762,0.147008502,0.146818912,0.146348555,0.145626739,0.14561116,0.145404302,0.145454102,0.146389779,0.146601995,0.14656497,0.146656285,0.147414037,0.147670958,0.147172742,0.147156661,0.147392656,0.147366863,0.147611608,0.148192375,0.148502267,0.148144727,0.148285614,0.149098999,0.149139562,0.14900631,0.148997699,0.14887413,0.148770001,0.148845067,0.149195794,0.14922011,0.149056602,0.148956067,0.14860227,0.148342914,0.148559915,0.148823303,0.149258305,0.149623379,0.150090668,0.150146484,0.149972449,0.150074231,0.149966141,0.149735218,0.149801491,0.149908916,0.15001415,0.150132526,0.150408509,0.150539528,0.150492794,0.150664819,0.15065753,0.150616056,0.150600322,0.150620902,0.150488621,0.150341079,0.150537664,0.150589482,0.150688308,0.150974838,0.151010382,0.151062035,0.151234809,0.151447089,0.151368632,0.151266777,0.151538798,0.151693698,0.151704339,0.151543246,0.151581525,0.151548641,0.151151976,0.151207287,0.151553751,0.151488561,0.151537248,0.151728988,0.151741089,0.151675144,0.151686117,0.151701678,0.151837685,0.15183645,0.15177098,0.151752657,0.151918678,0.1518735,0.151801144,0.151777618,0.152026708,0.152038837,0.152256166,0.152353246,0.15225312,0.152322153,0.152289952,0.15215983,0.152035015,0.152057346,0.152130979,0.152481102,0.152511445,0.152492058,0.152458958,0.152278705,0.152213307,0.15219852,0.15202092,0.151755176,0.15159433,0.151389167,0.151255349,0.151459657,0.151527479,0.151535518,0.151680459,0.151681308,0.151487377,0.151476914,0.151395022,0.151367662,0.151626021,0.151803766,0.151931853,0.152142995,0.152304454,0.152440214,0.152555622,0.152544006,0.152363878,0.152351334,0.152400879,0.152547906,0.152576836,0.152632426,0.152821193,0.152866416,0.152862382,0.15318356,0.153372179,0.153477239,0.153660595,0.153948362,0.154134714,0.154172743,0.154033986,0.154059352,0.154000153,0.154059521,0.154349506,0.154324888,0.154339361,0.154510657,0.154663173,0.154694572,0.154697293,0.15475026,0.154822975,0.154892826,0.155198059,0.155510649,0.155468425,0.155619067,0.155684037,0.155744887,0.155917507,0.155926023,0.156039602,0.156096352,0.156135659,0.156210916,0.156249458,0.156284305,0.156588528,0.156852927,0.157090138,0.157330685,0.157542332,0.157590312,0.157648011,0.157515445,0.15767818,0.157761737,0.157923791,0.158179979,0.158443062,0.1583998,0.158511601,0.158566079,0.158686868,0.158737874,0.158876348,0.158897072,0.158903879,0.15903188,0.159493636,0.159617055,0.159539037,0.159659061,0.159825575,0.159953879,0.160231279,0.160453999,0.160518176,0.160627254,0.160983265,0.161103888,0.161195446,0.161092107,0.161221515,0.16113043,0.161400509,0.162008402,0.1623131,0.162810658,0.163058567,0.1627888,0.162800915,0.163022492,0.163082061,0.163361853,0.163530159,0.16367573,0.163710865,0.164081921,0.164530474,0.164698901,0.164676037,0.164781777,0.164627247,0.164745082,0.165168299,0.165317034,0.165283613,0.165515364,0.165889153,0.166067334,0.166237231,0.166356354,0.166306612,0.166366007,0.166659584,0.16683593,0.166828832,0.16686693,0.166918441,0.166898568,0.167019484,0.167395222,0.167481527,0.167460484,0.167599077,0.167710179,0.167821102,0.168073675,0.168080634,0.16764595,0.167710246,0.167975929,0.168114998,0.168487597,0.168566499,0.168515416,0.168568843,0.1686749,0.168621441,0.168459959,0.168266605,0.168267151,0.1680714,0.168073824,0.168385563,0.168399396,0.168250793,0.168247723,0.168196898,0.168219655,0.168486773,0.168403275,0.168213609,0.168111302,0.167922367,0.16774185,0.167551717,0.167379585,0.167153245,0.167009239,0.167054648,0.166958209,0.166948738,0.166821055,0.166721979,0.166493478,0.166263336,0.165951692,0.165690279,0.165400028,0.165236016,0.16517678,0.165029804,0.164892084,0.164766476,0.164542135,0.16437676,0.164362667,0.164142047,0.163945636,0.163705457,0.163162731,0.162819062,0.162641327,0.16247914,0.162554287,0.162463538,0.161989392,0.161787855,0.16180476,0.161730557,0.161480046,0.161228546,0.161199096,0.160913619,0.160718494,0.160928352,0.160684168,0.160039693,0.159728523,0.159350477,0.159138222,0.159260683,0.159040947,0.158709058,0.158421003,0.158019636,0.157531496,0.157059536,0.156436891,0.155650518,0.154900497,0.154246162,0.153346121,0.152473338,0.151460442,0.150155376,0.148895898,0.147577877,0.146159463,0.144893141,0.143700887,0.142233398,0.140711707,0.139167243,0.137361264,0.135733669,0.134185799,0.132482392,0.130778973,0.129190818,0.127546847,0.125821107,0.124179363,0.122600606,0.121020538,0.11964801,0.118422166,0.117076676,0.115411792,0.11406696,0.112641143,0.111449413,0.110568282,0.109577229,0.108719491,0.107836917,0.106949928,0.10621679,0.10540933,0.104613205,0.103918834,0.103083768,0.102448272,0.101903279,0.10138327,0.100926608,0.100463659,0.100000578,0.099569904,0.099179936,0.098873096,0.098503096,0.09827679,0.098202669,0.097973101,0.097779378,0.097500358,0.097155337,0.096878259,0.096513133,0.096285816,0.09624241,0.096049073,0.095988485,0.095801212,0.095410777,0.095302614,0.095131099,0.095019852,0.095238169,0.095276372,0.095355457,0.095509227,0.095663594,0.095774929,0.09602469,0.096145883,0.096339292,0.096478336,0.096628681,0.096712767,0.096922022,0.09712798,0.097361156,0.097420728,0.097613926,0.097907596,0.098196992,0.098608015,0.098968207,0.099169717,0.099445991,0.099752423,0.100056216,0.100568265,0.100959338,0.101335786,0.10176755,0.102201207,0.102626533,0.103034761,0.103514841,0.10402562,0.104608168,0.10513586,0.105701352,0.106326727,0.106771728,0.10737327,0.107933297,0.108553577,0.109128096,0.109740427,0.110365797,0.110973137,0.111294974,0.111911852,0.112439667,0.113179524,0.113877892,0.114563252,0.115255914,0.115845793,0.116210914,0.116909878,0.117515934,0.118211979,0.118888883,0.119692233,0.120453226,0.121222437,0.121931261,0.122599387,0.12302255,0.123610089,0.124148844,0.124773269,0.125516467,0.126084367,0.126406993,0.126847136,0.127249392,0.128009626,0.128892175,0.129610866,0.130178515,0.130983097,0.131606588,0.132037868,0.132627566,0.133187396,0.133520245,0.133966077,0.134578261,0.13511312,0.135632439,0.136232335,0.136657242,0.13723431,0.137893622,0.138308363,0.138775287,0.139256004,0.140023981,0.140408926,0.14107452,0.141612622,0.141950227,0.14246192,0.143060816,0.143586358,0.143997832,0.144451199,0.145040681,0.145538639,0.14619273,0.146832682,0.147319692,0.147636798,0.148162348,0.148463215,0.148928946,0.149857723,0.15032029,0.150658258,0.15111897,0.151210704,0.151525253,0.152017889,0.152465648,0.152926738,0.153252763,0.153648659,0.153966758,0.154283153,0.154574595,0.154991069,0.155305609,0.155601415,0.155959676,0.156186778,0.156467536,0.156656333,0.157097049,0.157418694,0.157825975,0.158362864,0.158843064,0.159055659,0.159389687,0.159662543,0.159902903,0.160149665,0.160449851,0.160690233,0.160930888,0.161202339,0.161616418,0.161973026,0.162241234,0.16227678,0.162677034,0.16303489,0.163295565,0.163713419,0.163863586,0.163937631,0.164131784,0.164416549,0.164627525,0.164818264,0.164877766,0.165160142,0.165553913,0.165910133,0.166087188,0.166239007,0.166512204,0.166795045,0.166958336,0.167214274,0.167448258,0.167609481,0.167738262,0.167911664,0.1680253,0.168179929,0.168524339,0.169005966,0.169266476,0.169236171,0.169410715,0.169397405,0.169594243,0.16996902,0.17010555,0.170092403,0.170464317,0.170789697,0.17103039,0.171442019,0.171726115,0.171517937,0.17151584,0.171705608,0.171989776,0.172423969,0.172472389,0.172412513,0.172689232,0.173075389,0.173240611,0.173316813,0.173373646,0.173440903,0.173559994,0.173700469,0.173875252,0.173966005,0.174158809,0.174432584,0.174608654,0.174605897,0.17468862,0.175091329,0.17532566,0.17540368,0.175480741,0.175459673,0.175678556,0.175769207,0.175799041,0.175924166,0.175939864,0.175990063,0.176115484,0.176258238,0.176497053,0.176921526,0.177054019,0.17694824,0.176840717,0.176630412,0.176604986,0.176561094,0.176588583,0.176753813,0.176723247,0.176984445,0.176992118,0.176822189,0.176997823,0.177027239,0.177022428,0.176938403,0.17671255,0.176398389,0.176496181,0.176599635,0.176616134,0.176757203,0.176703525,0.176675571,0.176600242,0.176669866,0.176825944,0.176732517,0.176546559,0.176399125,0.176285672,0.176174099,0.176093951,0.175910525,0.175763609,0.175611231,0.175196606,0.174936375,0.174999466,0.175118687,0.17508239,0.175092844,0.174977171,0.17473536,0.174181616,0.174175717,0.173998173,0.17388409,0.173934364,0.173496796,0.172893289,0.172788123,0.172757049,0.172724574,0.17285849,0.172563592,0.171625108,0.171356198,0.170853384,0.170596126,0.1706563,0.17052831,0.170144896,0.169845911,0.169158109,0.168743468,0.168487783,0.168187572,0.168197514,0.168035692,0.167430621,0.167042632,0.166850411,0.166516588,0.166381253,0.166351394,0.165964413,0.165577236,0.165043339,0.164697932,0.164402135,0.164081638,0.163609479,0.163786238,0.16375045,0.163375209,0.163095949,0.162211899,0.161446295,0.161773822,0.161662171,0.161268322,0.161172827,0.160960747,0.160594446,0.160500391,0.16032635,0.159984959,0.159688811,0.159886448,0.159345445,0.159101144,0.159133288,0.158810671,0.158511555,0.157982057,0.157700393,0.157624745,0.157468664,0.15745524,0.157438904,0.157819235,0.157933523,0.158041332,0.157791325,0.157687795,0.15768838,0.157396846,0.157206748,0.157140326,0.157090198,0.15723368,0.157348424,0.157254145,0.157322929,0.157305559,0.15766884,0.157520241,0.157803219,0.157851236,0.156971235,0.156923458,0.157055928,0.157317814,0.157499744,0.157632116,0.158039542,0.157953779,0.158068512,0.158213241,0.158250839,0.158319596,0.157996301,0.157798797,0.157258346,0.156882922,0.15682169,0.157119702,0.157724375,0.158054381,0.158355815,0.158191959,0.157871648,0.158505635,0.158354769,0.158147787,0.157736785,0.157992389,0.15799405,0.157749616,0.15781115,0.158144525,0.157798182,0.157243653,0.157004119,0.156189206,0.155997239,0.155503237,0.15465742,0.154546169,0.153951082,0.15369497,0.153020088,0.153192236,0.152824928,0.151850507,0.151315326,0.150925095,0.149966648,0.149624808,0.149490411,0.148110304,0.146599824,0.145302543,0.143707631,0.142558357,0.141097595,0.139900785,0.138853348,0.137384971,0.135906189,0.134174155,0.131781559,0.129710482,0.127256263,0.125056686,0.123091854,0.121497312,0.118934962,0.116087861,0.114214607,0.111106634,0.108417593,0.106411789,0.104294087,0.102023456,0.099163854,0.096366247,0.093346571,0.090844521,0.088403969,0.085862494,0.083534231,0.08148418,0.079519142,0.077099012,0.075265397,0.073539115,0.071524041,0.069603188,0.067971405,0.066547174,0.065219304,0.063669849,0.062355906,0.061205698,0.05955895,0.058460861,0.057675893,0.05688319,0.056560507,0.055828628,0.055130351,0.054529833,0.05412796,0.053620985,0.053002833,0.052619345,0.052241313,0.052009509,0.051126134,0.050656693,0.050722422,0.050607595,0.050289707,0.050217915,0.050254592,0.049422524,0.048504669,0.048331763,0.048004249,0.047766794,0.047839146,0.047605049,0.047017798,0.046594982,0.046327367,0.045927647,0.045631687,0.045585743,0.045666842,0.045351852,0.045423875,0.046097108,0.046605202,0.047540153,0.048089163,0.047645198,0.047377505,0.047340062,0.047167989,0.046632058,0.047011181,0.047334265,0.047024315,0.04742345,0.047995437,0.048195418,0.048391421,0.048706406,0.048951178,0.048919062,0.049155886,0.049619391,0.04962593,0.049520139,0.049784489,0.050253762,0.050640383,0.051167587,0.051634538,0.051979303,0.051975816,0.052217331,0.052652655,0.052935259,0.053530786,0.054262607,0.054464565,0.055324879,0.056259494,0.056503758,0.057006549,0.056748292,0.056484902,0.055431936,0.055476046,0.056015875,0.056620939,0.057851926,0.058856332,0.059719898,0.060042207,0.060370576,0.061151198,0.061635638,0.062373014,0.062959358,0.063653133,0.064018655,0.063677198,0.064143691,0.064639335,0.065343667,0.066656107,0.067855271,0.068494853,0.068916898,0.069233377,0.069452588,0.069479395,0.069600871,0.069742971,0.069392088,0.069813793,0.070648197,0.071288932,0.071769514,0.072678179,0.073297928,0.07357609,0.074112454,0.074696374,0.075312764,0.076344128,0.076986209,0.077572587,0.078226731,0.078731176,0.078857938,0.078968915,0.079256282,0.079511164,0.079787422,0.080627336,0.081756059,0.082345901,0.082606579,0.083131887,0.083598038,0.083511476,0.083418516,0.08369926,0.083578954,0.083760648,0.084484629,0.085108783,0.085264552,0.085592928,0.086618523,0.087674773,0.0885928,0.089624737,0.090535975,0.091173996,0.091172679,0.090598583,0.090555626,0.090406138,0.090616131,0.091679932,0.092338429,0.093176911,0.093981181,0.094308569,0.094806841,0.095275326,0.094832889,0.094808746,0.095226461,0.095330677,0.096241089,0.096314499,0.096600101,0.097031426,0.097371551,0.098139966,0.09875164,0.099078018,0.099569898,0.099958465,0.100450132,0.100192379,0.100076989,0.099925163,0.100647485,0.102358431,0.103329785,0.104569929,0.104979917,0.104095145,0.104532824,0.105162429,0.104739407,0.104696528,0.105630907,0.105239139,0.105305572,0.1057048,0.106228054,0.106872841,0.107714016,0.107832412,0.108440747,0.109053103,0.109561473,0.109810807,0.109371033,0.109151754,0.10970946,0.11041744,0.110649241,0.110855255,0.111215398,0.110337091,0.110182732,0.11135884,0.111896322,0.11262044,0.113362442,0.114856931,0.115771505,0.116792541,0.117233945,0.117202388,0.117372113,0.117122745,0.11683082,0.117708417,0.117743875,0.117387591,0.118289759,0.117954124,0.118657143,0.119319135,0.117809518,0.118771913,0.118349825,0.118074234,0.119627649,0.120213082,0.120688767,0.121106903,0.119753181,0.11968419,0.119570826,0.120508061,0.122012442,0.121598274,0.120693245,0.120675531,0.121325656,0.121103917,0.121447406,0.120792387,0.120338376,0.120835381,0.121233511,0.12148274,0.122536906,0.122593253,0.124010766,0.124819599,0.12591274,0.123911234,0.125069721,0.124413425,0.124570187,0.123270876,0.12462555,0.123679412,0.123172543,0.123793955,0.124001881,0.123802284,0.124277669,0.123844156,0.122889748,0.123935495,0.124460519,0.124493999,0.124137764,0.124460781,0.124651864,0.125302251,0.126106932,0.12582912,0.127321189,0.126955321,0.127146465,0.126208473,0.124865178,0.123787557,0.123481515,0.121451526,0.122381251,0.122761876,0.123831336,0.124866042,0.125067814,0.126533848,0.126593131,0.126639338,0.126450053,0.125180616,0.124592985,0.123920593,0.123444925,0.124241194,0.125119686,0.124558369,0.123519669,0.122915414,0.123438204,0.123132683,0.123246364,0.124006709,0.124817628,0.124551036,0.125557272,0.124979626,0.125272779,0.126199282,0.123766964,0.124148222,0.124580245,0.125538761,0.12587954,0.125814801,0.124478306,0.123656826,0.12361242,0.122627023,0.123380476,0.123351648,0.123116322,0.123786253,0.123246705,0.123846331,0.124650124,0.125285641,0.124000345,0.122288395,0.122042366,0.121057418,0.123213256,0.124418092,0.125001706,0.126043505,0.1270422,0.125939053,0.126528942,0.125456016,0.12465695,0.123425468,0.12326402,0.124520081,0.125007736,0.126005037,0.125790595,0.124591408,0.125045974,0.123904474,0.123383959,0.123136612,0.122380088,0.124195889,0.125068461,0.125958833,0.125005972,0.124529263,0.12540362,0.126093775,0.126936527,0.127327994,0.126547283,0.126283561,0.124051067,0.123051369,0.1215251,0.119831191,0.119094218,0.118746367,0.118424108,0.119311952,0.118948019,0.119645504,0.120988607,0.12099693,0.122495218,0.123189763,0.123209964,0.121327401,0.117200505,0.116153046,0.115068255,0.114694016,0.115284134,0.115365732,0.115622653,0.116839194,0.117728726,0.118355299,0.120012502,0.120142125,0.117465175,0.116703923,0.115291431,0.11486054,0.115629501,0.116681597,0.116525199,0.116546818,0.116843794,0.11821648,0.117237763,0.115999594,0.114535001,0.113374319,0.113397829,0.115520695,0.116082331,0.114018319,0.113487492,0.111389749,0.108587029,0.107036497,0.107103148,0.106549895,0.106787906,0.107829603,0.107156054,0.105725151,0.104756689,0.1059248,0.105835239,0.106109476,0.109673726,0.111684936,0.111564901,0.111433711,0.110167552,0.106818748,0.104850409,0.105717778,0.108459724,0.110934962,0.110999081,0.108920764,0.105635196,0.10328101,0.100974651,0.099013807,0.098961303,0.097372727,0.097292442,0.099539146,0.09920535,0.09716901,0.095331597,0.094481734,0.094827076,0.095218095,0.096003241,0.096245243,0.096087752,0.098735222,0.099939168,0.101332605,0.102461944,0.099645433,0.097936387,0.097992741,0.096337247,0.095843324,0.093997389,0.08991954,0.08817378,0.087192256,0.086339414,0.088429338,0.088385113,0.087729607,0.086816862,0.083130421,0.082278039,0.081923001,0.082016599,0.084885379,0.086755429,0.090118803,0.091787463,0.092178552,0.09435803,0.097275105,0.097231727,0.094660687,0.092879612,0.088684005,0.086614472,0.086531264,0.084556579,0.084817758,0.082647686,0.07707633,0.081409326,0.080878782,0.080298957,0.079990329,0.080727257,0.079152479,0.081938207,0.085150287,0.087530334,0.087103371,0.087778876,0.089905739,0.086565864,0.0824553,0.081226294,0.082133348,0.08241997,0.085773924,0.082158322,0.077016959,0.074821405,0.070869076,0.073999032,0.07408172,0.076073275,0.080648559,0.077989866,0.077980595,0.077263144,0.076549956,0.078265783,0.078850038,0.077699617,0.074625235,0.068688337,0.063373154,0.065647144,0.060291808,0.055959266,0.057601954,0.050122254,0.052389372,0.057656683,0.060800657,0.064293836,0.063365652,0.066748948,0.072063455,0.077252838,0.075785364,0.074636619,0.069059754,0.0666312,0.066048194,0.064336682,0.065549872,0.066665118,0.064549346,0.066478373,0.061705207,0.056158898,0.057955974,0.052083212,0.046901812,0.042563195,0.029490886,0.02767172,0.036036172,0.038999151,0.045878868,0.04939135,0.045505016,0.04703023,0.052243271,0.059167907,0.073419791,0.082207827,0.082721959,0.07894868,0.069382921,0.060232365,0.059929544,0.05402154,0.048473309,0.049934142,0.040479663,0.030127894,0.024135961,0.013118981,0.015282214,0.038958316,0.061201005,0.074434814,0.093749703,0.089390161,0.078934213,0.079340095,0.071643125,0.083920392
/data/asd/1/1549991020-00.asd,sp2_run8,36,0,36,0,-0.00767781,0,0.05254101,0.051654636,0.054245455,0.056607932,0.062397558,0.064229912,0.059224277,0.056017449,0.056080033,0.05649752,0.054771903,0.051688933,0.051946643,0.05218406,0.052546566,0.053437377,0.051917783,0.055876104,0.05485676,0.05260966,0.054214226,0.053403749,0.052687726,0.052449104,0.053829193,0.055334761,0.055004392,0.05561627,0.057229779,0.056695331,0.055543884,0.055698147,0.056228616,0.055858444,0.054790426,0.057579781,0.057177826,0.056526434,0.060213704,0.05930402,0.058146423,0.057941476,0.058479263,0.058239304,0.059453976,0.059682469,0.056788672,0.05800965,0.059707283,0.059763859,0.059314368,0.059082467,0.058450207,0.058362587,0.060370271,0.061360293,0.060751606,0.060627217,0.062400642,0.062373967,0.061931508,0.062402091,0.062859502,0.062715622,0.062320929,0.062428902,0.064123923,0.065534802,0.064616259,0.065231308,0.065256149,0.064248348,0.065244626,0.066614554,0.067564736,0.067268694,0.066523454,0.066914338,0.068316085,0.068754937,0.06925759,0.068716793,0.068463331,0.068841875,0.06924034,0.069812677,0.070555558,0.070603033,0.070500261,0.071061578,0.072571721,0.072553693,0.072420432,0.072908334,0.073480671,0.073443226,0.073813887,0.07405682,0.0740289,0.074777821,0.075290488,0.074917055,0.075306602,0.075866836,0.076425341,0.076528712,0.0767891,0.076826652,0.076506215,0.077246537,0.077808602,0.078108625,0.078279332,0.078565251,0.078843875,0.079347067,0.07894895,0.079351585,0.079641811,0.079658406,0.079902758,0.080226269,0.080409135,0.080584013,0.080841134,0.081374436,0.081928219,0.081975131,0.082399494,0.082346998,0.082232984,0.082557535,0.083167978,0.083660049,0.083675826,0.084097322,0.084302705,0.084536177,0.0847013,0.085013779,0.085488357,0.085968415,0.086083034,0.08625767,0.086524742,0.086950533,0.087711416,0.087680152,0.087850869,0.08813942,0.088448213,0.088905771,0.089660001,0.089904315,0.090055007,0.090604286,0.09093099,0.091157251,0.09158479,0.09187329,0.092198806,0.092498394,0.092870347,0.093411119,0.093603509,0.094030179,0.094559639,0.094987209,0.094973874,0.095439659,0.095605786,0.096082113,0.096418083,0.096577024,0.096975022,0.097539588,0.097562605,0.097750726,0.098426628,0.098801631,0.098921706,0.09947354,0.099588038,0.099811822,0.100242848,0.100589095,0.100955317,0.101401314,0.101521317,0.101982494,0.102142733,0.102656947,0.102856434,0.102861162,0.103328415,0.103969018,0.104157823,0.104210079,0.104591925,0.10502972,0.1053494,0.105666551,0.105930853,0.106132536,0.106305596,0.106877244,0.10735111,0.107564511,0.107690945,0.10790555,0.108218731,0.108388449,0.108707307,0.108980608,0.109164023,0.109497527,0.109622531,0.10960455,0.109658533,0.109980856,0.110270495,0.110178251,0.110256108,0.110437221,0.110443225,0.110570407,0.110577036,0.110644362,0.110648545,0.11080794,0.111108541,0.111469225,0.111808451,0.111975834,0.11211698,0.112376292,0.112390848,0.112484553,0.112715905,0.112903867,0.112902119,0.112849278,0.112957391,0.112978189,0.113014442,0.113091853,0.113320191,0.113238463,0.113168528,0.113176644,0.113187934,0.113308095,0.113351001,0.113230304,0.113242671,0.11322277,0.113368142,0.113553748,0.113278437,0.113521133,0.113674074,0.113481125,0.113409165,0.113501107,0.113672224,0.113518231,0.113642418,0.113741836,0.1137626,0.113795309,0.113742864,0.113732923,0.113752614,0.113776187,0.113856557,0.113896387,0.113842464,0.113776744,0.113839075,0.113993514,0.113822972,0.113889669,0.113953432,0.114052012,0.113951336,0.113981082,0.113972364,0.114029583,0.114092426,0.114090499,0.114279287,0.114365701,0.114225109,0.114048594,0.114142836,0.114284098,0.1142749,0.114242654,0.114285258,0.114228033,0.114188308,0.114180513,0.114340954,0.114246448,0.114072618,0.114109631,0.114083847,0.1139956,0.114018697,0.11393872,0.11394208,0.113948019,0.113980929,0.113759465,0.113645572,0.113764562,0.113800918,0.113787017,0.113685608,0.113756571,0.113783914,0.113954464,0.114106328,0.11402034,0.113994327,0.11403723,0.114027866,0.114269987,0.114654531,0.114693299,0.114656864,0.114623929,0.114612294,0.114912969,0.11515518,0.115120332,0.115356999,0.115446705,0.115448832,0.115634725,0.115714419,0.115770127,0.115791367,0.116023171,0.116262783,0.116306211,0.11635732,0.116642401,0.11665973,0.116791933,0.117000502,0.117060037,0.117100346,0.117362391,0.117325693,0.117440186,0.117477337,0.117631157,0.117868516,0.117883181,0.118149204,0.118348989,0.118335365,0.118481905,0.11865395,0.118655433,0.118768328,0.118925741,0.118951124,0.119169846,0.119282299,0.119498517,0.119717155,0.119799962,0.119839339,0.119981077,0.120036486,0.120197551,0.120217998,0.12022121,0.120451373,0.120488772,0.120689505,0.120800514,0.120882463,0.121188843,0.121209116,0.121312728,0.121534243,0.121611967,0.121828543,0.121979685,0.121970677,0.122073961,0.122188988,0.122401043,0.122734827,0.122790245,0.122898989,0.122997924,0.123133453,0.123230668,0.123446709,0.12352745,0.123755217,0.123958109,0.124013143,0.124111866,0.124100176,0.124215538,0.124469813,0.124516165,0.124715735,0.124566088,0.124516402,0.124934327,0.124964727,0.125069455,0.125375158,0.125347739,0.125570682,0.12576203,0.125811581,0.126153368,0.126128481,0.126109318,0.126507355,0.126679064,0.12678493,0.126913943,0.126879371,0.127057007,0.127277963,0.127614571,0.127552491,0.127664736,0.127633371,0.127884182,0.127894428,0.127832899,0.127955564,0.128168342,0.12827977,0.128597078,0.128599093,0.128691574,0.128704609,0.128834073,0.129232222,0.129240095,0.129127309,0.129255307,0.129076796,0.129422113,0.129808103,0.12963545,0.12980475,0.12984944,0.129988736,0.129933472,0.130033756,0.1301398,0.130153373,0.129870089,0.130076008,0.13043132,0.130570586,0.130594556,0.130418688,0.130240772,0.130750901,0.130806626,0.130771853,0.130909124,0.13046674,0.130599621,0.13119317,0.130749913,0.131151746,0.13084848,0.130902561,0.131158658,0.131065836,0.131140458,0.131159541,0.13084644,0.131269129,0.1310082,0.13128941,0.131074613,0.130997424,0.13126607,0.13124213,0.131170079,0.131414608,0.131592276,0.131099288,0.131232778,0.131924794,0.130957171,0.131126123,0.131119539,0.13056805,0.131441586,0.13135743,0.131194659,0.131445985,0.131828531,0.13130512,0.131542595,0.13093794,0.131872843,0.131557581,0.130657113,0.130039731,0.130854506,0.131714122,0.131436667,0.131176428,0.131187877,0.131335086,0.131267697,0.132292804,0.131686148,0.131261882,0.131506885,0.1312275,0.131418481,0.130988243,0.131794613,0.130876008,0.130701578,0.131464058,0.131271191,0.131823099,0.13211943,0.131458905,0.131007168,0.131150362,0.131889779,0.131337586,0.13157444,0.131450889,0.131564423,0.131256257,0.131410082,0.13165186,0.13131566,0.131277269,0.13147667,0.13138154,0.131413208,0.130917424,0.131519803,0.131619682,0.131569859,0.131582753,0.131645739,0.131440396,0.131946741,0.131854634,0.131997264,0.131982238,0.131823102,0.131851308,0.132111674,0.131823237,0.131743691,0.131656542,0.131827011,0.132174825,0.132250866,0.132365116,0.132008153,0.131777135,0.132394284,0.132451778,0.132437682,0.132263108,0.132190619,0.131889806,0.132001353,0.13188155,0.132109831,0.132003295,0.132471205,0.132151496,0.132122993,0.13266206,0.132615472,0.13245069,0.132607103,0.132432226,0.132475529,0.132761199,0.132476189,0.132856321,0.132691459,0.132047706,0.13254904,0.132696812,0.132705952,0.132862465,0.132437738,0.132496966,0.132443452,0.132489627,0.132749636,0.132900554,0.132604723,0.133110559,0.132931806,0.13262313,0.133260868,0.132924998,0.133177922,0.132879801,0.132518528,0.133865271,0.13372849,0.132987576,0.133848605,0.133010394,0.133061919,0.133566284,0.132451915,0.134425097,0.134826943,0.132801729,0.133576141,0.133492885,0.133666156,0.134303264,0.133300473,0.134482373,0.13498309,0.133896932,0.1348398,0.133772962,0.133419193,0.135143871,0.133992262,0.13492485,0.135424128,0.133327507,0.134433304,0.134729868,0.133797093,0.13417265,0.134379866,0.13550911,0.135461647,0.135465029,0.135573425,0.13555108,0.135545063,0.135500146,0.135477417,0.135663234,0.135901897,0.136187868,0.136840828,0.136914827,0.136525117,0.136358217,0.136160881,0.136150223,0.136769209,0.137040707,0.13713346,0.136996395,0.137234846,0.13785717,0.137842685,0.13780751,0.137730127,0.137153366,0.137135443,0.137705264,0.137891512,0.138036807,0.138307282,0.13875386,0.13883332,0.139313322,0.139423683,0.138980284,0.138996811,0.138783663,0.138648431,0.138871326,0.13974564,0.139754268,0.139158745,0.13906772,0.13914364,0.139322469,0.139807076,0.14050382,0.140868417,0.14095527,0.140802153,0.140566802,0.140223253,0.140120125,0.139970455,0.14028462,0.140355327,0.140294643,0.140281827,0.140569911,0.140820357,0.141052314,0.141314481,0.14154353,0.141357905,0.140917084,0.140986714,0.141028102,0.141022263,0.141393303,0.141758742,0.141889624,0.141987654,0.141966146,0.141708948,0.141487274,0.141523594,0.141373067,0.141659129,0.141920039,0.141956837,0.142226479,0.142441975,0.142134372,0.141949915,0.141846786,0.142019192,0.142313483,0.142316138,0.14233425,0.142406757,0.142251108,0.142034193,0.142117081,0.142191338,0.142129656,0.142193581,0.142462116,0.142659729,0.142821263,0.142908804,0.142720565,0.142485517,0.142528625,0.142617915,0.142870093,0.143275397,0.143892297,0.143973296,0.144138135,0.144279523,0.143962123,0.144092559,0.14411547,0.143936579,0.14403159,0.144015961,0.14380325,0.143925386,0.144007934,0.143950262,0.143910158,0.144007721,0.143943923,0.144130301,0.144462766,0.144594635,0.14464038,0.144732872,0.14456921,0.144709706,0.144559994,0.14439474,0.144652654,0.144654425,0.14474903,0.14478573,0.144519996,0.144408062,0.14432753,0.144344358,0.14452577,0.144630314,0.144630448,0.144575001,0.144318453,0.144222773,0.1441071,0.143906951,0.143772686,0.143692579,0.143690248,0.143694769,0.143688255,0.14349009,0.143404229,0.143216702,0.143246189,0.143407479,0.14342568,0.1435848,0.143833014,0.144062936,0.144177541,0.144373966,0.144378755,0.144092696,0.144037283,0.143917661,0.143808001,0.143744126,0.14384357,0.144007363,0.144419504,0.144640227,0.144712426,0.144718782,0.144847508,0.145039691,0.145458633,0.145573019,0.145463804,0.145576729,0.145570754,0.145359564,0.145622135,0.145454862,0.145166408,0.145355482,0.145436167,0.145737936,0.145975058,0.146247085,0.146472503,0.146508782,0.146511118,0.146672199,0.146688861,0.146601306,0.146820404,0.146914004,0.146918198,0.147145619,0.147124342,0.147056914,0.147356502,0.147511082,0.147412882,0.147496444,0.147717625,0.147801712,0.148057026,0.148275536,0.14823971,0.148366416,0.148317722,0.148511177,0.148818255,0.149103126,0.149442557,0.149701433,0.149766654,0.14977799,0.149844233,0.149985498,0.150082438,0.150340843,0.150447123,0.150502101,0.150778971,0.151173529,0.151361673,0.151716409,0.151774074,0.151599825,0.151683089,0.151850575,0.151959534,0.15216431,0.152218384,0.152240042,0.152449136,0.15262634,0.152797401,0.152873211,0.152844721,0.152903826,0.152989059,0.153253768,0.153619623,0.153826768,0.154105231,0.154291962,0.154443844,0.154679791,0.154881384,0.154967281,0.155001334,0.155049363,0.155245002,0.155287603,0.155365898,0.155508837,0.155304244,0.155545377,0.155800466,0.156153262,0.156264891,0.156315369,0.156384969,0.156405098,0.156479902,0.15676811,0.156922917,0.156916834,0.156966821,0.156934054,0.157063237,0.157374934,0.157448612,0.157443828,0.157604313,0.15770642,0.157930464,0.158192542,0.158333774,0.15839289,0.158162538,0.158347607,0.158733998,0.158841336,0.15901019,0.15908858,0.158831018,0.158786251,0.158843153,0.158956248,0.159156469,0.159241679,0.159261129,0.159290765,0.159377706,0.15948041,0.159612938,0.159686523,0.159728824,0.159625921,0.159442698,0.15944767,0.159398968,0.159329375,0.159292924,0.159337333,0.159356872,0.159254037,0.159226259,0.159342661,0.159235793,0.159050732,0.158948186,0.158686389,0.158580665,0.158503825,0.158454932,0.158540658,0.158492546,0.15840477,0.158306743,0.158143814,0.158014105,0.157921462,0.157712917,0.157574748,0.157352942,0.157159537,0.156981955,0.156859318,0.156818412,0.156619405,0.156369647,0.156234475,0.156062294,0.155840616,0.155776876,0.15556658,0.155051647,0.154905678,0.154936844,0.154825365,0.155002578,0.154926469,0.154546675,0.154418859,0.154247847,0.154078064,0.153963738,0.153893855,0.153631622,0.153141555,0.15302765,0.152951932,0.152735912,0.152645482,0.152503095,0.152248471,0.152049518,0.151877995,0.151595717,0.151194863,0.150839745,0.150484585,0.150215034,0.15020264,0.149633568,0.148624854,0.147881922,0.146938723,0.14612027,0.145784218,0.144978232,0.143887234,0.142881222,0.141658835,0.140470651,0.139207913,0.1380178,0.136623495,0.135005648,0.133636889,0.132310484,0.130945216,0.129677773,0.128201097,0.126490494,0.12484914,0.123250968,0.121675453,0.119970655,0.118269514,0.116618341,0.115063778,0.113600245,0.112180742,0.110625168,0.109237225,0.107655634,0.106389684,0.105327161,0.104284188,0.103364656,0.102320762,0.101277616,0.100273397,0.09916713,0.098422787,0.097745244,0.097259949,0.096668659,0.096075423,0.095455401,0.09462462,0.094120811,0.093800667,0.09337542,0.092984853,0.092614981,0.092297707,0.091959903,0.091565027,0.091264442,0.090830327,0.090617993,0.090596636,0.090466694,0.090396973,0.090265855,0.090019878,0.08978756,0.089620497,0.089400111,0.089287981,0.089159935,0.089061418,0.089049248,0.088961899,0.088847583,0.08890206,0.088851152,0.088816699,0.088975625,0.089058016,0.089107202,0.089301313,0.089340576,0.089565025,0.089770165,0.089973642,0.09014252,0.090339371,0.090432307,0.090670886,0.090815416,0.091017985,0.091351749,0.091565355,0.09165527,0.091976435,0.092358152,0.092661534,0.093076569,0.093428724,0.093779799,0.094216124,0.094811216,0.095326474,0.095860542,0.096308053,0.096491759,0.096932882,0.097533545,0.098133566,0.098748241,0.099293765,0.099759842,0.100109041,0.100611967,0.101111357,0.101651496,0.102204193,0.102759788,0.103358802,0.103941263,0.104325604,0.104936018,0.105509232,0.106118075,0.106633124,0.107229177,0.107765806,0.108471995,0.109214538,0.109965775,0.110678537,0.11132521,0.111665823,0.112293558,0.112952307,0.113607228,0.114167468,0.114865166,0.115420294,0.116040326,0.116657832,0.117333838,0.1179092,0.118570394,0.119193957,0.11971336,0.120217092,0.120897703,0.121369125,0.121949959,0.122534329,0.123235538,0.123728783,0.124197048,0.124839655,0.125426781,0.126003232,0.126502576,0.126925221,0.127406287,0.127863828,0.128469362,0.129010326,0.129592397,0.130170673,0.130576744,0.130976507,0.131360359,0.131999913,0.132313606,0.132810165,0.133266438,0.133651677,0.134210987,0.134914177,0.135533924,0.136079856,0.136629976,0.137332023,0.137837596,0.138364469,0.13895587,0.139380371,0.139573054,0.14005355,0.140450048,0.14072226,0.141252958,0.141672792,0.141887331,0.142437884,0.143144838,0.143536608,0.144013194,0.144393774,0.144597382,0.144930013,0.145463614,0.145856471,0.146414009,0.146736059,0.147004772,0.1473019,0.147628386,0.148083748,0.148619194,0.148929113,0.149149091,0.149543748,0.149697513,0.150013051,0.150534641,0.150870869,0.150829908,0.151093326,0.151308697,0.151626005,0.152130734,0.152553861,0.152896305,0.153094802,0.153229336,0.153567465,0.153729861,0.154025225,0.15427836,0.154775082,0.155163257,0.155479357,0.155867358,0.156000646,0.156090378,0.156264321,0.156323492,0.156562531,0.157048109,0.157120759,0.157370568,0.157787634,0.158049093,0.158259792,0.158658046,0.158985161,0.159145844,0.159264592,0.159446548,0.159657406,0.159814271,0.159974071,0.160349153,0.160392293,0.160336516,0.160574324,0.160714303,0.160950111,0.161205805,0.161463884,0.161581967,0.161835303,0.162153158,0.162295734,0.162546696,0.162698773,0.162397481,0.162475003,0.16266411,0.16297245,0.163441252,0.163533262,0.16340878,0.163550889,0.163837756,0.163866742,0.164010206,0.164314006,0.164544889,0.164797488,0.165054565,0.165118353,0.165210992,0.165330087,0.165451648,0.165480887,0.16541754,0.165576125,0.165624227,0.165915133,0.166442126,0.166618796,0.166927062,0.167156748,0.166877608,0.166925687,0.16722242,0.167435797,0.167480993,0.167486035,0.167438011,0.167399196,0.167650453,0.167659528,0.167614666,0.167700109,0.167788028,0.167892384,0.167997407,0.168150268,0.168337504,0.168413118,0.168370461,0.168239728,0.168260668,0.168200865,0.168304869,0.168386215,0.168363774,0.16838628,0.168541922,0.16844308,0.16803888,0.168247232,0.168283455,0.168262173,0.168376465,0.168160214,0.167927201,0.168073318,0.168400501,0.168159018,0.168009224,0.168089851,0.167954614,0.168251016,0.168515589,0.16843872,0.168280104,0.167945852,0.167668066,0.167686321,0.167646188,0.167634859,0.167567349,0.16777218,0.1678218,0.167330319,0.16708888,0.166472595,0.166166514,0.166050563,0.166079249,0.16601911,0.16587088,0.165552035,0.165016895,0.164515661,0.164371489,0.164178969,0.164069992,0.163978405,0.16380327,0.163450267,0.163338315,0.16328437,0.163073429,0.162588668,0.162226506,0.161614074,0.161116502,0.160773738,0.160748678,0.16051291,0.160292021,0.160322498,0.160212114,0.159864364,0.15940872,0.159139252,0.158655485,0.158347838,0.15840541,0.157972566,0.157556946,0.1570415,0.156737693,0.15678579,0.156568057,0.155893947,0.155582745,0.155386575,0.155253947,0.155338729,0.154972228,0.154330554,0.154214442,0.153975695,0.153423789,0.15315496,0.152789901,0.152436918,0.152319016,0.152285167,0.152106799,0.151823674,0.152050358,0.151534353,0.151074291,0.151171303,0.150828905,0.150677207,0.150680383,0.150376392,0.150160746,0.149920682,0.149803809,0.149617951,0.149665294,0.149746492,0.149946216,0.149897979,0.150046114,0.149977661,0.149214999,0.148923781,0.148961964,0.148804884,0.148673908,0.148881337,0.149248944,0.149211267,0.149031152,0.148815144,0.148663876,0.149227208,0.149431678,0.149071848,0.14924289,0.149606392,0.149535802,0.149647569,0.149879503,0.150002769,0.149472836,0.149328795,0.148780922,0.148813246,0.149606474,0.149690027,0.149923548,0.150302895,0.150033072,0.149546898,0.149752961,0.150092221,0.150222128,0.150350667,0.150236209,0.150221493,0.150837805,0.150410807,0.149979744,0.149410849,0.148994338,0.148754265,0.148949286,0.148885309,0.148671571,0.147867517,0.147190414,0.147111468,0.146549182,0.147111683,0.146983247,0.146382718,0.146447808,0.145896969,0.145632827,0.144897205,0.144909384,0.144833286,0.144092861,0.143293719,0.142322185,0.14089167,0.139021879,0.138653497,0.137836775,0.13725307,0.136682014,0.135854535,0.134445236,0.132731096,0.131541162,0.130416015,0.129033,0.127940543,0.126448096,0.124254392,0.122708181,0.120336431,0.117960321,0.115543047,0.11328285,0.110775368,0.108617527,0.10687762,0.10409608,0.101940164,0.099823664,0.097254189,0.095247367,0.092904035,0.090542243,0.088329516,0.085915208,0.082725783,0.080042065,0.077691084,0.075160312,0.07322074,0.071696978,0.069860558,0.067770606,0.06593769,0.064188131,0.062262424,0.060642773,0.059290083,0.05768506,0.055890435,0.054991007,0.054471882,0.053958917,0.053542252,0.053056011,0.052394559,0.051223307,0.050210659,0.049383387,0.048694391,0.048060631,0.047638286,0.047686324,0.047274398,0.047278225,0.046890968,0.045908245,0.04568866,0.045078948,0.044604429,0.044107833,0.044511278,0.044306732,0.044340182,0.044774015,0.044713115,0.04441655,0.044215455,0.043964774,0.043302932,0.042881121,0.042517893,0.042062407,0.041526691,0.041711595,0.042149774,0.042331751,0.042760638,0.042933736,0.042586945,0.042344709,0.042212125,0.041758625,0.041765773,0.041763902,0.041949132,0.041680237,0.041907928,0.042146057,0.042505482,0.043187785,0.043653786,0.044286488,0.044464509,0.044362219,0.044645432,0.044941748,0.045101831,0.045214995,0.045843046,0.046443326,0.04687736,0.047476743,0.047733105,0.047373211,0.047226078,0.047393552,0.047841642,0.048007549,0.048214873,0.048423973,0.048550714,0.048821873,0.049623476,0.0501297,0.050412036,0.050973569,0.051289741,0.05190568,0.052559924,0.053653227,0.054133214,0.054373282,0.05463234,0.054626148,0.054839743,0.0552449,0.055420542,0.055651228,0.056367839,0.05662905,0.056895583,0.057190161,0.05709627,0.057417123,0.058030044,0.058777221,0.059677475,0.060464073,0.061157313,0.061522872,0.061942176,0.062385849,0.062486547,0.062637358,0.062945204,0.063325643,0.063919164,0.065014205,0.06583725,0.066472736,0.067317417,0.067977633,0.068592122,0.069233286,0.069386472,0.069463309,0.069704127,0.069864802,0.070373934,0.070499388,0.070394669,0.070677054,0.070483107,0.070844421,0.072097048,0.072935334,0.073577537,0.075134896,0.075531847,0.075838722,0.076089773,0.075736112,0.076021529,0.076401717,0.076594945,0.077531079,0.078093973,0.078158073,0.078686483,0.07951473,0.08013116,0.080316917,0.080672608,0.081421978,0.081447293,0.081871,0.082673709,0.083183255,0.083001835,0.083166142,0.083458966,0.083746158,0.084490835,0.084889809,0.085426443,0.085914379,0.086390538,0.087144572,0.087400596,0.087561564,0.087877085,0.087400913,0.087518677,0.088196324,0.088453375,0.089583115,0.089811601,0.090264771,0.090824336,0.091330265,0.092202532,0.09258652,0.092233185,0.092622604,0.093010215,0.093637068,0.094404349,0.094322629,0.094155575,0.09421335,0.094106042,0.094188219,0.093691701,0.093864784,0.094772568,0.095770459,0.097181624,0.097342095,0.097709502,0.097730979,0.097181209,0.097885534,0.098265618,0.098405994,0.099202146,0.100294863,0.100551473,0.101500948,0.102206138,0.102156132,0.102677395,0.103885526,0.10398922,0.104482172,0.104859992,0.104631213,0.103962727,0.10440283,0.104524658,0.104701172,0.106006479,0.106390496,0.106815101,0.107198633,0.107978413,0.108273524,0.108414069,0.108376134,0.107532485,0.107356233,0.107147616,0.107608235,0.109005514,0.110455166,0.111146342,0.112108537,0.111678902,0.111194426,0.111576302,0.110309668,0.11114158,0.110931474,0.110260387,0.110311319,0.1105914,0.111215673,0.111987333,0.112382703,0.113039246,0.113392507,0.114143471,0.11545126,0.114853694,0.114189799,0.114200572,0.114976746,0.11489434,0.115703489,0.115921649,0.115870066,0.117059812,0.117364051,0.116729849,0.116948584,0.11578303,0.11595722,0.114754134,0.115141673,0.113040779,0.11451048,0.114889719,0.115725307,0.114813798,0.116280146,0.115980679,0.11576485,0.116441726,0.116800661,0.116533619,0.116365202,0.115884028,0.11504823,0.116255348,0.11749559,0.117676611,0.117138022,0.117154764,0.116563764,0.116618707,0.116913705,0.116196065,0.116838571,0.116135087,0.116434241,0.115818987,0.116358714,0.116617848,0.117986245,0.117175624,0.117720122,0.115927157,0.116487769,0.116696958,0.115973623,0.116861506,0.116385731,0.114045563,0.114077259,0.115869069,0.116226065,0.117112391,0.11696508,0.115726621,0.115686332,0.113992726,0.113175827,0.113558475,0.114576944,0.115427995,0.115594701,0.116024128,0.116779056,0.115297644,0.11557953,0.11465906,0.113847944,0.115288149,0.115921013,0.116964008,0.117568875,0.118672051,0.117507145,0.11735863,0.116912009,0.117136035,0.119176655,0.119096595,0.121328039,0.121517168,0.119929342,0.119600712,0.117551904,0.11709406,0.116583933,0.116086584,0.115422399,0.113476454,0.113644899,0.113907049,0.114857921,0.115988617,0.11685492,0.117052795,0.117894526,0.117019671,0.11761632,0.116684192,0.115636247,0.114408311,0.113968565,0.113767029,0.11418025,0.115663309,0.115871204,0.115817638,0.117061819,0.117698251,0.117595676,0.117421282,0.115908228,0.114797106,0.11435249,0.114081532,0.112934832,0.113631153,0.114066976,0.11335625,0.112502654,0.111622101,0.111201469,0.111864437,0.112454673,0.113264573,0.111941851,0.111266353,0.110743941,0.110368164,0.110741314,0.111258733,0.111218257,0.111621978,0.11271485,0.111023108,0.108548867,0.108334148,0.107736643,0.106830244,0.106565011,0.108010878,0.109406291,0.110473312,0.112292466,0.112915358,0.113059025,0.113846063,0.113528466,0.113556378,0.113202012,0.112530432,0.111369714,0.110463429,0.107613997,0.106356511,0.10609179,0.106075442,0.105330276,0.107688861,0.109046181,0.10879986,0.108014997,0.105531881,0.103049791,0.102754071,0.102840589,0.105129392,0.105595412,0.104343019,0.104051673,0.102002649,0.101262452,0.102197888,0.10366601,0.10411201,0.10431953,0.104377767,0.103441208,0.102288479,0.102740508,0.102877487,0.100481163,0.100173328,0.10064964,0.101170107,0.103599369,0.104158913,0.105286922,0.105512394,0.102847777,0.102105541,0.10198236,0.099189065,0.097487854,0.09563141,0.093467735,0.096064505,0.097914779,0.099227919,0.100622484,0.099607895,0.098097789,0.09665722,0.094983593,0.092328683,0.090899834,0.092458415,0.093042896,0.095069141,0.09724894,0.098518874,0.09794325,0.099222589,0.098408614,0.093577305,0.091993166,0.088798257,0.086156528,0.085479053,0.084919662,0.087072355,0.087384289,0.086398904,0.085908043,0.084627927,0.084086019,0.084934998,0.087036297,0.089582403,0.091114974,0.093389052,0.09411324,0.092489453,0.090796682,0.088316283,0.086351926,0.086790055,0.085572515,0.08268378,0.08289829,0.082370078,0.083095743,0.086084263,0.08540933,0.08337662,0.081478101,0.079469149,0.08111462,0.086440832,0.088295279,0.091593578,0.08733678,0.084165967,0.078683803,0.072544204,0.074811821,0.076258872,0.079788557,0.085600554,0.088982842,0.091383042,0.096571143,0.098182182,0.091326631,0.087548022,0.084892721,0.083125974,0.083008633,0.083095231,0.078082086,0.07103572,0.072604055,0.072674464,0.069600505,0.071908476,0.06686269,0.062395157,0.064644506,0.064657846,0.069126061,0.075286862,0.074682909,0.077618218,0.075948581,0.068817355,0.067250995,0.063866648,0.063316424,0.065707401,0.067019362,0.072079161,0.068947691,0.067254901,0.068923186,0.068065642,0.069678066,0.067975699,0.059390494,0.047438822,0.049513282,0.057718922,0.06716635,0.080298784,0.081750072,0.06928917,0.067348057,0.0660347,0.061625686,0.064602729,0.059279353,0.047944931,0.047013982,0.040799409,0.046403625,0.065831083,0.077244912,0.092453953,0.099269879,0.091868291,0.087771095,0.08071258,0.074682007,0.069111936,0.064380823,0.06536645,0.063217103,0.054167218,0.057380121,0.053148506,0.057086992,0.06792218,0.077117321,0.084652476,0.088624023,0.081056046,0.071125895,0.059272762,0.045822899,0.038161834,0.037443476,0.057782384,0.077337425,0.092052578,0.110826458,0.102855804,0.085782393,0.080745077,0.062333267,0.050887709,0.066961685
/data/asd/1/1549991029-00.asd,sp2_run8,36,0,36,0,-0.00767781,0,0.035786004,0.033846041,0.048016821,0.048076308,0.047962645,0.058390379,0.055438726,0.052027651,0.050429696,0.056064788,0.050153716,0.04789792,0.051895828,0.049922221,0.050172229,0.047670993,0.044256285,0.046168885,0.047973832,0.04997764,0.050764701,0.050938577,0.051773244,0.051602195,0.05418663,0.053706136,0.051011334,0.052607912,0.05338243,0.052373349,0.05225769,0.056084792,0.054187575,0.05356824,0.054471488,0.054858726,0.053109701,0.052714613,0.056358982,0.056018848,0.056086273,0.056606123,0.057739022,0.057863415,0.057572071,0.057899679,0.056772996,0.05569926,0.0582328,0.060255871,0.057601,0.056642258,0.057511014,0.058344683,0.059527366,0.060412996,0.060133261,0.059746942,0.060879033,0.060284465,0.059635117,0.060378087,0.06202359,0.062131056,0.060774725,0.061601547,0.062923371,0.064161397,0.063501691,0.063625423,0.064011811,0.063781751,0.064210328,0.064941769,0.065947134,0.065798121,0.066227952,0.066283049,0.066938031,0.067595854,0.066944112,0.066908485,0.067927821,0.0682381,0.068026384,0.068462807,0.070062319,0.070871063,0.070638079,0.070426556,0.070999481,0.071524449,0.07170887,0.072213977,0.072798787,0.072725108,0.073098744,0.073612401,0.073116085,0.073834518,0.074634126,0.074636607,0.07527545,0.075435976,0.075645274,0.075635921,0.076132325,0.076513329,0.076495813,0.076923615,0.07714301,0.077258503,0.077357044,0.077587888,0.07790044,0.078491935,0.078545766,0.078837355,0.079080029,0.079192927,0.079269901,0.07965465,0.080065332,0.080534084,0.08044739,0.080973773,0.081548924,0.081099242,0.081637686,0.082146463,0.082370935,0.082355726,0.082842921,0.083243601,0.083286119,0.083589588,0.083917431,0.084540086,0.08460835,0.084750299,0.085271901,0.08553116,0.085185732,0.085638114,0.086118444,0.085953661,0.087089042,0.087429063,0.087586581,0.087970342,0.088340179,0.088324512,0.088393993,0.089359689,0.089599104,0.089871457,0.090526121,0.090727393,0.090933054,0.091244528,0.091606721,0.092115486,0.092492111,0.092914446,0.092898478,0.093247555,0.093971857,0.094378191,0.094519222,0.094955832,0.095049257,0.095506615,0.095823689,0.095993728,0.096582165,0.09705205,0.097076559,0.097349236,0.098023158,0.098389367,0.098579113,0.098998849,0.099238735,0.09947761,0.099944107,0.100164505,0.100431803,0.100844017,0.101221982,0.101977345,0.101882736,0.102198681,0.10269224,0.102783693,0.103165886,0.10373476,0.103971247,0.104045581,0.104360662,0.104811291,0.105146337,0.105385644,0.105713193,0.106108561,0.106139494,0.106569786,0.106874011,0.107104854,0.10739645,0.107656542,0.107964845,0.108229413,0.108629514,0.108869772,0.108843323,0.10903017,0.109225403,0.109428841,0.109489925,0.109810811,0.110067336,0.109998191,0.110163807,0.110212698,0.110103646,0.110362159,0.110419,0.110459801,0.110474919,0.110667477,0.111047229,0.11132849,0.111429542,0.111665735,0.111882017,0.112149091,0.112189165,0.112222952,0.112395566,0.112563689,0.112664927,0.112718981,0.112763854,0.112700875,0.112841616,0.112854384,0.112959871,0.113017291,0.112918711,0.11294091,0.112981761,0.113092671,0.113162984,0.113070628,0.113062653,0.113143013,0.113223275,0.113367741,0.113228653,0.113346744,0.113386056,0.113172024,0.113242152,0.113396119,0.11345112,0.113210492,0.113361478,0.113450269,0.113518344,0.113596273,0.113617117,0.113514584,0.113482534,0.113675088,0.113708325,0.11363796,0.113585925,0.113645354,0.113713246,0.113700235,0.113766901,0.113850627,0.113823345,0.113863047,0.113866254,0.113913674,0.113812135,0.113854562,0.113898627,0.11388795,0.11390805,0.113951524,0.113997559,0.114021333,0.114115972,0.114062538,0.113994598,0.113921682,0.11396149,0.11395824,0.114038662,0.114017575,0.114013108,0.113914956,0.113770618,0.113901431,0.113922784,0.113761198,0.113810495,0.113819327,0.113716739,0.113681162,0.113777269,0.113656122,0.113579597,0.113639284,0.113597769,0.113563149,0.11349497,0.113652033,0.113690185,0.113688144,0.113791032,0.113785131,0.113797561,0.113925063,0.113961941,0.114095173,0.114385187,0.114396592,0.114498903,0.114455085,0.114402937,0.114679722,0.114864431,0.114981199,0.115251604,0.115284958,0.115268352,0.11545916,0.11552993,0.115620922,0.115858696,0.116011839,0.116011448,0.115968201,0.116113371,0.116346687,0.116280256,0.116649737,0.116825562,0.116828387,0.117044782,0.117098886,0.116982666,0.11718685,0.117381715,0.117557579,0.117696949,0.117633888,0.117920184,0.118112702,0.118122709,0.11833226,0.118424659,0.118421805,0.118579095,0.118771579,0.118861494,0.119085116,0.119041004,0.119297263,0.119472093,0.119449536,0.11950868,0.119677685,0.11977906,0.119917687,0.119953594,0.120067187,0.120297098,0.120259636,0.12053988,0.12065141,0.120740486,0.121044025,0.121080688,0.12115539,0.121305612,0.121418977,0.121598107,0.121684099,0.121628113,0.12188575,0.122094595,0.122263065,0.122503991,0.122610048,0.122807915,0.122930719,0.122904647,0.123069202,0.123299106,0.123339579,0.123618757,0.123762542,0.123815515,0.123911792,0.123814892,0.123977678,0.124291835,0.124240299,0.124517488,0.124416926,0.124341522,0.124689313,0.124828525,0.124901895,0.125014374,0.125098559,0.125376544,0.125569019,0.125636119,0.125948339,0.125933518,0.125893985,0.126230241,0.126328447,0.126485237,0.12667936,0.126742628,0.126968745,0.127087622,0.127274746,0.127237683,0.127440014,0.127446042,0.127615356,0.127576855,0.127594581,0.127811516,0.127946522,0.127933298,0.128317511,0.1284943,0.128500258,0.128484915,0.128569785,0.128873167,0.128858499,0.128821506,0.128972129,0.128797267,0.129120407,0.129658182,0.129532471,0.129426786,0.12945526,0.129658406,0.129632374,0.129753312,0.129800669,0.129778266,0.129611708,0.129813881,0.13017441,0.130309688,0.130184062,0.130076541,0.129909255,0.13032682,0.130446001,0.130500577,0.130644723,0.130275923,0.130435646,0.130891985,0.130404212,0.130854259,0.130489469,0.130551898,0.130881039,0.130673607,0.130790174,0.130809082,0.130525818,0.130934063,0.130503847,0.130887399,0.130901059,0.130689792,0.130935658,0.130902401,0.13082778,0.13101351,0.13126199,0.130823895,0.130764659,0.131414351,0.130452286,0.130657382,0.130787152,0.130198936,0.13096464,0.130977847,0.1308476,0.131119222,0.131422481,0.130908295,0.131261715,0.130538257,0.131342866,0.131133854,0.130254621,0.129654288,0.130463506,0.131163461,0.130992319,0.130798371,0.130751968,0.130960082,0.13093455,0.132047916,0.131360443,0.130821463,0.131089929,0.130869967,0.13094243,0.130736013,0.131591963,0.130511016,0.130249186,0.131012355,0.130870767,0.131317068,0.131310784,0.130762289,0.130585036,0.130763103,0.131321474,0.130773955,0.131042155,0.130963675,0.130916579,0.13075688,0.130815659,0.130798659,0.130631054,0.130864904,0.13112532,0.130778788,0.130743413,0.130495603,0.131127737,0.130901534,0.130956279,0.131025154,0.131047159,0.13055255,0.131026385,0.131070618,0.131478958,0.131084704,0.131184919,0.131375332,0.131302723,0.13116477,0.131194574,0.131240664,0.131408671,0.131310906,0.131396321,0.131627488,0.131398804,0.131552857,0.131740943,0.13129592,0.13112834,0.131537633,0.131658727,0.131507098,0.131682197,0.131177951,0.131350429,0.131296349,0.131298311,0.131215531,0.131308567,0.131876303,0.1317167,0.13182839,0.132135255,0.132419172,0.132127374,0.132000168,0.131305143,0.131749973,0.131986959,0.131276755,0.131945637,0.132259428,0.131469213,0.131566588,0.131268678,0.131455177,0.131838937,0.131669864,0.132021027,0.1321094,0.131421543,0.131504626,0.131407572,0.131455853,0.132374623,0.131762084,0.132352507,0.132898895,0.131532266,0.132669973,0.133018529,0.132342883,0.132862504,0.13236549,0.13231405,0.132195043,0.131866802,0.132803934,0.13261777,0.131349752,0.132601036,0.132393961,0.132481612,0.133286066,0.131851399,0.132645592,0.132717777,0.131010671,0.133052549,0.131964064,0.131668516,0.133356114,0.13209097,0.132556937,0.133281562,0.132177243,0.133173998,0.133544839,0.132485853,0.132540841,0.132753279,0.133411129,0.133149695,0.13343673,0.133620564,0.133964462,0.135074276,0.135119867,0.134486031,0.134506945,0.134633967,0.134844465,0.13560853,0.135858386,0.135427382,0.135433247,0.135634039,0.135869908,0.136474995,0.137568203,0.137080589,0.13697528,0.137136156,0.137103187,0.137094222,0.137802155,0.137875915,0.137440639,0.137346312,0.137559556,0.137452659,0.137183467,0.137095576,0.137274813,0.137484997,0.137422658,0.137430098,0.137243711,0.13671246,0.136653024,0.137412024,0.137640354,0.13774839,0.138041107,0.138566643,0.138682453,0.139010422,0.139398636,0.139044954,0.1387254,0.138662473,0.138759939,0.138926335,0.139047936,0.139316995,0.139580449,0.139498372,0.139217166,0.139169113,0.138959714,0.138833183,0.138928805,0.13921101,0.139432591,0.139655178,0.139828467,0.140314885,0.140550947,0.140647635,0.140721386,0.14047641,0.140407588,0.140328406,0.140368389,0.140652059,0.140859353,0.140857604,0.141127408,0.141193918,0.141299235,0.141690436,0.141544526,0.141377918,0.141482486,0.141461978,0.141520913,0.141896073,0.142020935,0.141980139,0.142083889,0.142089229,0.142109908,0.142184811,0.142290699,0.142304525,0.142459657,0.142782023,0.142828825,0.14300348,0.143228919,0.143292631,0.143263686,0.143246051,0.143342106,0.143206163,0.143098856,0.142865555,0.142814777,0.142599361,0.142669615,0.142872636,0.1432827,0.14349828,0.143552404,0.143710113,0.143605278,0.143611579,0.143611541,0.143700632,0.143740683,0.143715,0.143864992,0.143891894,0.143782295,0.143664882,0.1436576,0.143530613,0.143538255,0.143556277,0.143455172,0.143444828,0.143305349,0.143353378,0.143295319,0.143261034,0.14331584,0.143287586,0.143615512,0.143899377,0.143896172,0.143952186,0.143802745,0.143721237,0.143509846,0.143777941,0.14396766,0.143814383,0.143631762,0.143451811,0.143255355,0.143171193,0.143231268,0.14325311,0.143173249,0.143243781,0.143348341,0.143238146,0.143184988,0.143146572,0.14317613,0.143198696,0.143185031,0.14347308,0.143563788,0.143491933,0.143491691,0.143704672,0.14380617,0.143882442,0.144118265,0.144155111,0.144007061,0.143799325,0.143911519,0.143947817,0.144143559,0.144459789,0.144872503,0.144910435,0.145035894,0.145037459,0.1447456,0.144635094,0.144706953,0.144864442,0.145162986,0.145278286,0.145515503,0.14550644,0.145439099,0.145719792,0.145863157,0.146224646,0.146398543,0.146452817,0.14652071,0.146311621,0.146282836,0.14659784,0.146739992,0.146993785,0.146980926,0.146927424,0.147103338,0.147056131,0.147097268,0.14728504,0.147295327,0.147422036,0.147801254,0.147884215,0.147894753,0.147947674,0.148082605,0.148270303,0.148572585,0.1487295,0.148465662,0.148475468,0.148574933,0.148616289,0.148491331,0.148675636,0.149203852,0.149328354,0.149307904,0.149600719,0.149548255,0.149459516,0.149508303,0.150052221,0.150240679,0.150237924,0.15033941,0.150518341,0.150667641,0.151158842,0.15136069,0.151306207,0.15141645,0.151596269,0.151640526,0.151811755,0.152024857,0.152041902,0.152068144,0.152260791,0.152385637,0.152474592,0.152458763,0.152611604,0.152733816,0.152915348,0.153353622,0.153486442,0.153444523,0.153598715,0.153561011,0.153677715,0.15416265,0.154322988,0.154486324,0.154557649,0.154488069,0.15462638,0.154711472,0.15495009,0.155205464,0.155410701,0.155632494,0.155905404,0.156030048,0.156003841,0.156051687,0.156009894,0.156165151,0.156486757,0.156727864,0.157030139,0.157213592,0.157375786,0.157422348,0.157485283,0.157591642,0.157642481,0.157713146,0.157733688,0.157856947,0.157943872,0.158029735,0.158241732,0.158524622,0.158659028,0.158926342,0.159004919,0.158818675,0.158800207,0.158841368,0.158928343,0.159123398,0.159260659,0.15931375,0.159317394,0.159411968,0.1594375,0.159459956,0.159406199,0.159316825,0.159248241,0.159093911,0.158991241,0.158969018,0.159051389,0.159090832,0.15917573,0.159245515,0.159224961,0.159271613,0.159496735,0.159389434,0.159130163,0.158978361,0.158721351,0.158493608,0.15833203,0.158186712,0.157932259,0.157813499,0.157948598,0.157899722,0.15795075,0.157845394,0.157593666,0.157319349,0.157158415,0.156985048,0.15688684,0.156935654,0.156813111,0.156575556,0.156377082,0.156225824,0.156044324,0.155891035,0.155669624,0.155293231,0.155083522,0.154948332,0.154871723,0.154759509,0.15460182,0.154462096,0.154339223,0.154341044,0.154259334,0.153983278,0.153812984,0.15368416,0.153613606,0.15335095,0.153170462,0.152986012,0.152547504,0.152166791,0.151888295,0.151723089,0.151624939,0.151380652,0.151145886,0.150889132,0.150579039,0.150202827,0.149868364,0.14957723,0.149129109,0.1486301,0.148156829,0.147573737,0.146962385,0.146213029,0.145426652,0.144503874,0.143488125,0.142458059,0.14138695,0.140198804,0.138936356,0.137535603,0.136257879,0.135001713,0.133563618,0.13210088,0.130573572,0.128758847,0.127188007,0.125696078,0.12407721,0.122587416,0.121057641,0.119350084,0.117695745,0.116151881,0.114597369,0.113145738,0.11172622,0.110112751,0.108795015,0.107570204,0.106327606,0.105258248,0.104145818,0.102784486,0.101695731,0.100854239,0.100011928,0.099383419,0.098799041,0.098143588,0.097424874,0.096810544,0.096094277,0.095451549,0.094797127,0.094225264,0.093634844,0.093209953,0.092880282,0.092577699,0.092530394,0.092258926,0.091847776,0.091524434,0.091032307,0.090709153,0.090495996,0.090256453,0.09015214,0.089955932,0.089625757,0.089394457,0.089188948,0.089012953,0.088923219,0.088839194,0.088801698,0.088854388,0.088874719,0.088824756,0.088958191,0.088907129,0.08878338,0.088811107,0.088851535,0.088774694,0.088990243,0.089158459,0.089341229,0.089542659,0.089704731,0.089780329,0.089998468,0.090299897,0.090538589,0.090675011,0.090857074,0.091097747,0.09131162,0.09154233,0.09188418,0.092177275,0.092522054,0.093046313,0.093398498,0.093889448,0.094222911,0.094382331,0.094733296,0.095103209,0.095509835,0.096061369,0.096543674,0.096914659,0.097473341,0.098022686,0.098547756,0.09919611,0.099627887,0.100044366,0.100502805,0.101047158,0.101620247,0.102335879,0.103037168,0.103629559,0.103966985,0.104618158,0.105181008,0.105830651,0.106446479,0.107042359,0.107521161,0.108103301,0.108620752,0.109247155,0.109726284,0.110392536,0.11096461,0.11171579,0.11258558,0.113302356,0.113721268,0.114418274,0.11506457,0.115684177,0.116288799,0.116943339,0.117497414,0.118074108,0.11864684,0.119165884,0.11965431,0.120333616,0.12093531,0.121473259,0.121750845,0.122407765,0.122967505,0.123456483,0.124272135,0.124964739,0.12563654,0.126178135,0.126613068,0.127115148,0.127589628,0.128216122,0.128847289,0.129472181,0.129952789,0.130336953,0.130886034,0.131313241,0.131939554,0.132275022,0.132688447,0.133210196,0.133981506,0.134585535,0.135022719,0.135488245,0.135757799,0.136174487,0.137035094,0.137584602,0.138231384,0.138764441,0.139233289,0.13942343,0.139903513,0.140265977,0.140628181,0.141292152,0.141780171,0.142199576,0.142728197,0.143218654,0.143473212,0.143653665,0.144056303,0.144415854,0.144748134,0.145399458,0.145722469,0.145904673,0.146249032,0.146755019,0.147145423,0.147751419,0.14808923,0.148100283,0.148408955,0.148694074,0.149039759,0.149340292,0.14967882,0.149792089,0.150222253,0.150806556,0.151166586,0.151411206,0.151655899,0.151810053,0.152110125,0.152490581,0.152663619,0.15269376,0.153030108,0.153240611,0.153534625,0.153923446,0.154344035,0.154475694,0.154714773,0.155042691,0.155249883,0.155648582,0.155821385,0.155884365,0.156071164,0.156289253,0.156309452,0.156661974,0.157102254,0.157478171,0.157687533,0.158024246,0.158218856,0.158131563,0.158116759,0.158168846,0.158349508,0.158624702,0.158860736,0.159333081,0.159453969,0.159497308,0.159732316,0.159859311,0.160092578,0.160319115,0.16057443,0.160757628,0.161035597,0.161326304,0.161494102,0.161627331,0.16196974,0.162145987,0.16241744,0.162899228,0.163236403,0.163324187,0.163331504,0.163305199,0.163446955,0.163648171,0.163676733,0.163736825,0.164010964,0.164327209,0.164550223,0.164679174,0.164770978,0.164987618,0.165164368,0.165168134,0.165314102,0.165439106,0.165805239,0.166389969,0.16662411,0.166637952,0.166664856,0.166662164,0.166860378,0.16714034,0.167189307,0.167134459,0.167378231,0.167553,0.167527259,0.167697066,0.167690144,0.167573186,0.167550702,0.167691121,0.167839908,0.168013717,0.168118765,0.168033386,0.168090614,0.168207169,0.168250231,0.168200659,0.168324795,0.16832333,0.168270216,0.168557505,0.168420011,0.168016393,0.16785949,0.167771846,0.167839835,0.167933328,0.168161388,0.168207378,0.168367532,0.168580253,0.168642541,0.168519865,0.168173281,0.168001172,0.16791635,0.168092924,0.168436934,0.168302761,0.168029271,0.167968192,0.167734947,0.167507214,0.167315218,0.16691847,0.167057814,0.167265054,0.166754742,0.166468966,0.166182654,0.166188696,0.166364121,0.166410725,0.166232007,0.165961884,0.165627804,0.165469239,0.164890369,0.164625342,0.164132269,0.1637437,0.164029973,0.164186873,0.164290473,0.164296697,0.163887471,0.163634938,0.163401306,0.163211496,0.162654389,0.162362553,0.161988845,0.161663407,0.161429087,0.161153537,0.160715208,0.160625951,0.160506182,0.160216767,0.16003643,0.15977034,0.159331269,0.158758733,0.158457332,0.15790979,0.157272849,0.157674837,0.157752699,0.157537289,0.157493053,0.157072853,0.156629977,0.156599211,0.156250258,0.155846233,0.155521773,0.15550279,0.1552091,0.154846629,0.154898551,0.15426438,0.153981501,0.153679235,0.153277283,0.152881254,0.152528625,0.152229672,0.152058511,0.152126496,0.15179742,0.151482055,0.151238363,0.151103711,0.15113522,0.151023571,0.151119545,0.150848605,0.150674485,0.151148901,0.150933483,0.150300868,0.149927113,0.149770034,0.149180347,0.149163429,0.1490562,0.149033953,0.149429097,0.149444872,0.149532787,0.149589955,0.149255614,0.149309247,0.149202007,0.148877122,0.149127017,0.149107176,0.149395406,0.149212099,0.149266671,0.149365029,0.148858514,0.14902899,0.149464081,0.149921089,0.150311226,0.150661013,0.150933316,0.150708616,0.150660916,0.150050129,0.150002418,0.150511095,0.150354716,0.150435459,0.150782372,0.150135411,0.148899352,0.148930212,0.149086969,0.149044371,0.149516114,0.149500486,0.149468611,0.14993346,0.149457147,0.148867409,0.148616194,0.148714943,0.148840257,0.149826892,0.150153081,0.150008479,0.149391398,0.14830601,0.148212619,0.147569781,0.147612514,0.147360834,0.147251289,0.147266174,0.14649889,0.146160684,0.145361407,0.144741556,0.144228115,0.143220805,0.142561874,0.142145443,0.141086457,0.140442875,0.140029237,0.13840258,0.136874294,0.135415587,0.134121723,0.133609486,0.13260179,0.131662353,0.131213629,0.12976126,0.127422783,0.125481194,0.122852424,0.120785215,0.118663763,0.116646082,0.114559563,0.112488524,0.109960982,0.107195879,0.10561849,0.103430672,0.101110783,0.099453008,0.097450867,0.095070632,0.092746148,0.090101786,0.087378174,0.08500594,0.082244654,0.079805016,0.077866776,0.076128162,0.074341598,0.072497564,0.071068914,0.069336236,0.06714398,0.065112203,0.063228388,0.061147516,0.059591496,0.058080331,0.056811723,0.055647943,0.054565584,0.053743562,0.053093011,0.052367043,0.051485628,0.050410689,0.049736828,0.04907012,0.048543028,0.048421342,0.048236494,0.047738207,0.047470051,0.047389333,0.046433925,0.045724124,0.045119141,0.044341672,0.043936849,0.043879697,0.044388233,0.04469782,0.044631708,0.044749315,0.044383731,0.043446753,0.043092502,0.042966246,0.042320518,0.042034472,0.041989952,0.041903883,0.041938406,0.042330011,0.04258111,0.042621377,0.042409756,0.042466259,0.042809826,0.043041729,0.043120208,0.042954152,0.042693987,0.042785576,0.043097594,0.043295981,0.043559047,0.044095325,0.044456708,0.044424075,0.044705777,0.045093384,0.045153076,0.045810438,0.046119257,0.046029094,0.046330832,0.046857912,0.04691168,0.04756783,0.047938205,0.047766566,0.04793634,0.047727343,0.047582943,0.047727621,0.048136149,0.048207323,0.048162776,0.048386037,0.048761323,0.048987419,0.049635703,0.050854931,0.05104645,0.051130832,0.051488803,0.05098052,0.051001149,0.051488647,0.051816281,0.052093734,0.052545339,0.053115408,0.053919554,0.05425906,0.05414781,0.054324166,0.054477453,0.054875576,0.055949565,0.056717126,0.057309721,0.058033772,0.058746955,0.059395747,0.060010718,0.060680902,0.060611674,0.060886522,0.061353633,0.061535372,0.06232737,0.063026879,0.063541171,0.064117124,0.064764397,0.065496884,0.066243513,0.066854736,0.067385714,0.068148107,0.068471705,0.068722723,0.069407794,0.069722907,0.069813235,0.070053731,0.070411395,0.070829857,0.071706631,0.072261302,0.072397602,0.072626133,0.072987356,0.072900447,0.073014711,0.074146957,0.075002101,0.075481877,0.07584151,0.075845501,0.076185994,0.076445985,0.076391949,0.076892716,0.077397993,0.077268124,0.077628012,0.078946013,0.07906864,0.07934657,0.080200591,0.080513491,0.081261975,0.081628856,0.081404897,0.082021714,0.082706593,0.082899155,0.083507688,0.083737878,0.083715102,0.083940373,0.084485851,0.085013811,0.085442269,0.086264376,0.087005089,0.087634686,0.088155608,0.088197035,0.088315338,0.088237917,0.088258992,0.089379134,0.089400818,0.089630538,0.089950091,0.090101222,0.090389843,0.090288223,0.090048718,0.090382091,0.090503355,0.091477366,0.093075822,0.093544368,0.094290331,0.094900664,0.095049632,0.09531974,0.095386119,0.095190676,0.094273499,0.09464336,0.095213284,0.095174459,0.095700741,0.097092407,0.097876522,0.098674332,0.099279578,0.099608328,0.100218907,0.10080399,0.100641836,0.100648271,0.101381381,0.101977764,0.102498513,0.104007191,0.104308082,0.104376933,0.104558694,0.105050473,0.104445179,0.104419931,0.104417753,0.104292601,0.104832664,0.105212804,0.106059894,0.10661186,0.107765484,0.108405161,0.108931581,0.109243504,0.109132375,0.109241007,0.109024537,0.109243631,0.109463923,0.1093835,0.109366256,0.109955839,0.109602861,0.110614819,0.111246115,0.109597912,0.11053071,0.110234031,0.110114029,0.111714926,0.112484295,0.113301005,0.113935602,0.113098053,0.113043316,0.11249233,0.112895749,0.113315461,0.112428042,0.112339971,0.112516651,0.113702532,0.114633016,0.115518937,0.115364154,0.11503934,0.115294017,0.11539382,0.114669739,0.114991543,0.113921053,0.11504243,0.115989135,0.117324989,0.116839264,0.118570906,0.117314172,0.116956427,0.115129129,0.116081242,0.115761693,0.116246194,0.117053162,0.117112534,0.117015539,0.117205561,0.116767583,0.116209682,0.117302003,0.117534923,0.117455525,0.117260567,0.117278061,0.116868332,0.117103314,0.117231738,0.116647959,0.117651991,0.117649005,0.118504358,0.11800589,0.117938791,0.118116714,0.119043123,0.118573833,0.119465932,0.11884714,0.119204406,0.11817329,0.117260349,0.118016351,0.117546032,0.116608002,0.116703957,0.117014964,0.117079231,0.117328319,0.117232038,0.117636839,0.118079945,0.116739892,0.116153961,0.115340748,0.11541719,0.116135169,0.116187499,0.117070109,0.118636012,0.117506406,0.117104902,0.115749747,0.114531014,0.115109183,0.114170458,0.114551218,0.114430961,0.115610425,0.11584387,0.116130422,0.116779339,0.117003167,0.117591821,0.117180529,0.118492883,0.119009871,0.119725638,0.120138879,0.118905112,0.1181004,0.116578684,0.1150533,0.113378623,0.112635127,0.112641588,0.112547634,0.113911523,0.113660852,0.114502818,0.115431993,0.117636983,0.120084072,0.122244557,0.12315141,0.122596116,0.119773402,0.118924019,0.118642905,0.118341346,0.119065402,0.118271599,0.116056749,0.116097577,0.115237529,0.115250826,0.116316056,0.115837898,0.117785683,0.118741009,0.118989261,0.118510934,0.118444326,0.117431499,0.115220866,0.113005024,0.110953226,0.110101471,0.110298721,0.110475429,0.113507978,0.114303843,0.115814135,0.117714963,0.116722844,0.115576048,0.115576002,0.114703402,0.114627424,0.115926324,0.114529284,0.112407012,0.111633102,0.110068438,0.108327913,0.106976294,0.107427134,0.108156206,0.109056158,0.11099344,0.111294566,0.112215289,0.112188422,0.108852396,0.106899562,0.10361027,0.102690847,0.103382486,0.103994799,0.105996365,0.107105083,0.107623653,0.108526199,0.107278311,0.105954516,0.105408472,0.103939388,0.102264004,0.102045939,0.102050581,0.102413999,0.105578993,0.108156457,0.106903866,0.107655215,0.107413532,0.105149239,0.104907137,0.103645124,0.102566793,0.102410022,0.102152466,0.102999275,0.104739483,0.105291931,0.106189359,0.105864096,0.101542739,0.098286738,0.09864125,0.097992098,0.096921964,0.097071526,0.096086109,0.094350706,0.094104154,0.094156909,0.094722771,0.096072916,0.096455879,0.095596464,0.095503155,0.095149588,0.093495306,0.093676011,0.092782559,0.091586539,0.092963802,0.092842692,0.09295771,0.093229737,0.092326438,0.093707445,0.094312723,0.093884387,0.092976839,0.089437229,0.087446499,0.087581067,0.087169681,0.085820288,0.085267911,0.083111099,0.082416288,0.084222711,0.084734945,0.084994564,0.084974161,0.085061033,0.083914159,0.083141173,0.081600174,0.078174519,0.078147637,0.079823631,0.080899508,0.083222888,0.083081466,0.08228754,0.080583114,0.077216045,0.077301218,0.079561842,0.079412539,0.078549059,0.079065827,0.078177478,0.078431355,0.077995849,0.079473132,0.084411376,0.085919738,0.088239672,0.089340131,0.084935112,0.081873557,0.081473134,0.072452219,0.071726718,0.073286293,0.070427493,0.075319461,0.074991482,0.071808557,0.071008698,0.07358725,0.075127053,0.075535519,0.077493353,0.0762922,0.075661863,0.073616102,0.071831664,0.070600015,0.066284345,0.062995327,0.062770336,0.059758438,0.061290506,0.059752196,0.060257413,0.063099154,0.062152818,0.070457895,0.072282001,0.068839396,0.068648705,0.061241176,0.060950115,0.061347698,0.058847365,0.060479385,0.062062697,0.068134945,0.075958622,0.078576182,0.081254139,0.077806405,0.071975622,0.070871987,0.064766887,0.060538288,0.06082458,0.061215989,0.06909661,0.07383193,0.069906897,0.074064182,0.070773816,0.06642799,0.069422601,0.064175612,0.059719215,0.064021071,0.062562436,0.060507894,0.054558379,0.046364491,0.041184979,0.041196517,0.043525221,0.047858055,0.051199601,0.057519024,0.070901935,0.075278243,0.079372279,0.077123272,0.06558877,0.063035,0.05549538,0.055033184,0.062975427,0.067989849,0.080584101,0.091610616,0.092233838,0.088593849,0.082473963,0.06991747,0.066313963,0.067590999,0.062577051,0.055862718,0.049775723,0.04444464,0.038983657,0.051249738,0.056632762,0.054365703,0.070341329,0.066543651,0.061085453,0.057567497,0.049844257,0.054609209
/data/asd/1/1549991043-00.asd,sp2_run8,36,20,36,0,20.0349,0,0.050610086,0.048575903,0.049748284,0.052215822,0.053664681,0.055393909,0.057516734,0.0606768,0.060698789,0.059802372,0.051000706,0.04889473,0.05541455,0.051459142,0.054055015,0.053558631,0.047339805,0.053192047,0.056263652,0.056128032,0.054739541,0.054105132,0.052155631,0.050932606,0.057628254,0.057434168,0.057289967,0.05943122,0.057370692,0.056571051,0.055803807,0.056393855,0.055427318,0.056757314,0.058050395,0.059307938,0.057339178,0.057558351,0.060885282,0.058823078,0.05816099,0.058383633,0.057739022,0.058755492,0.059442781,0.059998608,0.058870887,0.05981671,0.061551019,0.061070377,0.060430505,0.059930508,0.05984247,0.060266748,0.061705831,0.062675403,0.063037498,0.061968073,0.062857702,0.063684052,0.063142513,0.064081563,0.065033118,0.065253851,0.064345826,0.063571409,0.065257063,0.066469442,0.065310824,0.06631679,0.066598163,0.067315392,0.067876469,0.069142468,0.069285821,0.067774453,0.069049581,0.068568794,0.068922433,0.070650461,0.07062404,0.070167028,0.070560498,0.071773322,0.071817699,0.071728485,0.072543849,0.072934339,0.072404745,0.072173246,0.073528582,0.074172083,0.074681961,0.075275144,0.075981264,0.075222235,0.075288624,0.076536266,0.075985863,0.076698567,0.077431112,0.076951203,0.077309442,0.077757516,0.078332098,0.078066554,0.078667721,0.079193029,0.07888799,0.079554707,0.079605333,0.079855434,0.080486424,0.080712849,0.08055037,0.080780697,0.081451784,0.081547892,0.08148589,0.081642075,0.081772215,0.081907011,0.082154159,0.082672804,0.082877201,0.083273511,0.083845855,0.083922177,0.084437545,0.084236118,0.084119934,0.084406273,0.085030837,0.085351191,0.08527676,0.086004976,0.086285727,0.08615036,0.086713751,0.087130373,0.087395127,0.087809846,0.088149462,0.08859206,0.088667437,0.088677372,0.08915867,0.089452425,0.089771037,0.090027838,0.090818192,0.0911766,0.091014342,0.091590983,0.091695194,0.091983272,0.092731282,0.093067605,0.093641837,0.093997371,0.094005808,0.094196712,0.094557407,0.095014236,0.095201589,0.09550612,0.096113174,0.096717922,0.096648311,0.096970209,0.097045703,0.097569624,0.097986353,0.098322822,0.098827706,0.099249577,0.099383787,0.099485779,0.099743712,0.100519125,0.100848619,0.101001555,0.101265468,0.101662986,0.102029597,0.102129195,0.102457353,0.102963696,0.103198302,0.103744476,0.103716085,0.104194909,0.104583129,0.104616153,0.105018934,0.105569003,0.105556776,0.105746134,0.106248253,0.106561456,0.106765375,0.107074714,0.107379662,0.107736356,0.108002959,0.108504474,0.108735248,0.108960279,0.109310328,0.109603194,0.109843441,0.110132355,0.110441183,0.110616641,0.110722703,0.11088263,0.110899491,0.110956668,0.110891717,0.111228168,0.111461548,0.111329306,0.111446193,0.11162169,0.111616988,0.111912094,0.111956042,0.111974631,0.112057723,0.112216412,0.112620855,0.112908857,0.113019703,0.113186035,0.113259384,0.113478292,0.113542956,0.113687864,0.113824467,0.113836588,0.114077326,0.114187599,0.114156568,0.114047533,0.114211311,0.114257132,0.114415552,0.114456438,0.114370859,0.114364394,0.114423514,0.1144016,0.114461514,0.114378341,0.114301153,0.114441804,0.114581304,0.114610667,0.114334949,0.114525675,0.114681293,0.114514779,0.114461869,0.114502161,0.114664371,0.114705567,0.114661622,0.11470084,0.11475033,0.114719579,0.114766869,0.114834024,0.114840812,0.114809862,0.11487876,0.114991309,0.114912662,0.114866327,0.114935999,0.114903119,0.114801589,0.114939616,0.115066945,0.11512798,0.115075492,0.115100786,0.114999915,0.114991347,0.11505062,0.114993262,0.115065436,0.115030818,0.115005613,0.11500072,0.115010166,0.11512029,0.11508704,0.114995652,0.115106754,0.114987438,0.114920725,0.115031987,0.115094216,0.114956254,0.114823853,0.114864785,0.114964876,0.114831931,0.11472585,0.11475898,0.114718331,0.1146709,0.114790421,0.11462676,0.114513412,0.114587671,0.114694794,0.114552185,0.114400379,0.114565425,0.114581119,0.114618257,0.114718781,0.114760119,0.114796856,0.114938973,0.114966986,0.115074678,0.115339079,0.11544113,0.115552794,0.115433309,0.115433191,0.115738735,0.115725759,0.11587529,0.116157702,0.116129228,0.116160624,0.11643601,0.11651935,0.116504534,0.116533924,0.116858084,0.117112678,0.116965502,0.117028312,0.117272926,0.117246767,0.117436965,0.117613274,0.117661178,0.117827622,0.117834505,0.117918107,0.118247902,0.118299678,0.118434417,0.118659534,0.118561708,0.118786979,0.118929663,0.118911562,0.119174644,0.119356927,0.119359878,0.119431883,0.119487415,0.119645469,0.119984565,0.119979817,0.120162075,0.120436041,0.120504381,0.120509463,0.12055363,0.120551174,0.120726329,0.120887844,0.121027846,0.121166649,0.121207225,0.121616031,0.121581725,0.121602984,0.121984629,0.121976549,0.122101564,0.122302992,0.122241,0.122516876,0.12263741,0.122556474,0.122809268,0.122870626,0.123062077,0.123460195,0.123517496,0.123700925,0.123746298,0.123764977,0.123984943,0.12419888,0.124226222,0.124542439,0.124704852,0.124763556,0.124881203,0.124908722,0.124999509,0.125207282,0.125265271,0.125607164,0.125497863,0.125349319,0.125853586,0.12597657,0.126024235,0.126201426,0.126236722,0.126448345,0.126614092,0.126686509,0.127037476,0.127104947,0.127099514,0.127359213,0.127520056,0.127718466,0.127816502,0.127784564,0.128046386,0.12822625,0.128408608,0.128552859,0.128748552,0.128616366,0.128848432,0.128796667,0.128855256,0.129109616,0.129159668,0.129334227,0.129662825,0.129627785,0.129847991,0.129924435,0.129929447,0.130198195,0.130309771,0.130334622,0.13050456,0.130269083,0.130559656,0.130950477,0.130816488,0.130944485,0.130966586,0.131191276,0.131223979,0.131170869,0.13127186,0.131347099,0.131166873,0.131351884,0.131568946,0.131710367,0.131810377,0.131636872,0.131386755,0.131813115,0.132013806,0.132079586,0.132266687,0.131828118,0.131973719,0.132581457,0.132061284,0.132369092,0.132398614,0.132505884,0.132561409,0.132376594,0.132527674,0.13270123,0.132411753,0.132836317,0.13251321,0.132893225,0.132770058,0.132620004,0.1328903,0.132779308,0.132599319,0.133057002,0.133371241,0.132800139,0.132839074,0.133422481,0.132445518,0.132820521,0.132835289,0.132071241,0.132899795,0.133140445,0.133139175,0.133251796,0.133518768,0.133083084,0.133474031,0.132762261,0.133569604,0.133312927,0.132605621,0.132035427,0.13270298,0.133373781,0.133368944,0.133180247,0.133094251,0.133206206,0.133199546,0.134421801,0.133691696,0.133259363,0.133676516,0.133518542,0.13366177,0.133286002,0.134156553,0.133148334,0.132908176,0.133747791,0.133677977,0.134236408,0.13419165,0.133748186,0.13345431,0.133588998,0.134545452,0.133608732,0.133619216,0.133661151,0.133633402,0.133497125,0.133736625,0.133773748,0.133483771,0.133557023,0.133745106,0.133673924,0.133922405,0.133435112,0.133818644,0.133887503,0.134354502,0.134356679,0.134100381,0.134097304,0.134724198,0.134639577,0.134713242,0.134044837,0.134263384,0.134624938,0.134732412,0.134642565,0.134508336,0.134541,0.134834718,0.134821827,0.134682954,0.134884117,0.135040237,0.135006049,0.135363148,0.135061807,0.135016455,0.13524221,0.13540001,0.135170605,0.135219875,0.135021305,0.135353,0.135225366,0.135077152,0.134951104,0.13522363,0.135915417,0.135998329,0.135503018,0.135922825,0.136160774,0.135725597,0.135738216,0.135430757,0.136209696,0.135941361,0.135606573,0.136420546,0.136710837,0.136734141,0.13642063,0.136185038,0.136772293,0.136331387,0.136146696,0.13628043,0.13614896,0.136416641,0.136652464,0.136218272,0.136361272,0.137530267,0.136961815,0.136784883,0.136677093,0.136837753,0.138080969,0.137771588,0.137039649,0.137780116,0.137609616,0.138102385,0.138025129,0.137081534,0.138215455,0.138420572,0.137630375,0.138394777,0.137933265,0.137696196,0.138679344,0.13770741,0.138114744,0.138288558,0.137664557,0.138732157,0.138307458,0.138281831,0.13933945,0.138540651,0.138324535,0.138688664,0.13825758,0.139362079,0.139264192,0.138113125,0.139157709,0.138816683,0.139328921,0.13922248,0.139433713,0.139302563,0.139255333,0.139057037,0.139334298,0.139899202,0.139968798,0.140212651,0.14021344,0.139785118,0.139920779,0.140806324,0.141016271,0.140693419,0.140647433,0.14065342,0.140871366,0.141541494,0.141919065,0.141965899,0.141635246,0.141669664,0.141791098,0.141685275,0.141597676,0.141550208,0.14125465,0.141417277,0.142413322,0.142875886,0.14348341,0.143664442,0.143038592,0.142459957,0.142454533,0.14250414,0.142269724,0.142695104,0.142900236,0.142810148,0.142598083,0.142467668,0.142495836,0.142821327,0.142673713,0.142599155,0.142767791,0.142589123,0.142680961,0.143444944,0.143833741,0.143859838,0.14414737,0.144227541,0.14437456,0.144289613,0.144057421,0.143951964,0.143772714,0.143782497,0.144110648,0.144380929,0.144235232,0.143787062,0.143921738,0.144190434,0.144241518,0.144784699,0.145301154,0.145104885,0.145085141,0.145024839,0.145283622,0.14551063,0.145678052,0.145822581,0.145970541,0.14603407,0.145987363,0.14610463,0.146003719,0.145898317,0.145994277,0.146016365,0.146409659,0.146883354,0.146851765,0.146757387,0.146712301,0.146695219,0.146455664,0.146303979,0.146294156,0.146360872,0.146307034,0.146425263,0.146740974,0.146853444,0.146991386,0.147084044,0.14694468,0.146846777,0.147083406,0.147021927,0.146981033,0.146880474,0.147223513,0.147247268,0.147206048,0.147538878,0.14753783,0.147593758,0.147703464,0.147819754,0.147905722,0.147832729,0.147858225,0.147903133,0.147985165,0.148137618,0.148115985,0.148056452,0.148021931,0.148074966,0.148042922,0.147971863,0.14794449,0.148028964,0.147937243,0.148098226,0.148226891,0.148297315,0.148219939,0.148171769,0.148365861,0.148380617,0.148397693,0.148344978,0.148066939,0.147842321,0.14764472,0.147635414,0.147670618,0.14776484,0.147706108,0.147677112,0.147641259,0.147464558,0.147231657,0.147084454,0.147135525,0.147153018,0.147105725,0.147191686,0.14726303,0.147375062,0.14749767,0.147627558,0.147574265,0.147592927,0.147511533,0.147419393,0.147558853,0.147880948,0.148199988,0.148159706,0.148259056,0.148380866,0.148118411,0.148128736,0.148749334,0.148877068,0.148636209,0.148856873,0.149082542,0.148956229,0.149096917,0.149223768,0.149147803,0.14902246,0.149149978,0.149417085,0.149425371,0.149386992,0.149871191,0.150055242,0.149986169,0.150096136,0.150108106,0.150061132,0.150170736,0.150343677,0.150440672,0.150284226,0.150249549,0.150471747,0.150546676,0.150589973,0.150826443,0.150997926,0.151234665,0.151472903,0.15151753,0.151504712,0.151686692,0.151817628,0.151920807,0.151997463,0.152092889,0.15207684,0.152098625,0.152221487,0.152150247,0.152332766,0.152376047,0.152594498,0.153143572,0.153421654,0.153435238,0.153791918,0.153772128,0.153508016,0.153630639,0.153798786,0.153982953,0.154216509,0.154342347,0.154506798,0.154715602,0.15501341,0.15507339,0.155051445,0.15504159,0.155044824,0.15511995,0.155231997,0.155449931,0.155626207,0.15584364,0.156130169,0.156329016,0.156630296,0.156610624,0.156482902,0.156580374,0.156656874,0.156594997,0.156764937,0.157023809,0.157249355,0.157602322,0.157779307,0.157973823,0.158258827,0.158356982,0.158434849,0.158632644,0.158701037,0.158875676,0.159023132,0.15932835,0.159621159,0.159650811,0.159752571,0.159895817,0.159945877,0.160054887,0.160219681,0.160286218,0.160241332,0.160367263,0.160605716,0.160785597,0.16097648,0.16118631,0.161297497,0.161503508,0.162044794,0.162192359,0.162053369,0.162100095,0.161904941,0.161826649,0.162046412,0.162311931,0.162415995,0.162548113,0.162644273,0.162582726,0.162627359,0.162704059,0.162800239,0.16285208,0.162874329,0.162861298,0.163016268,0.163216144,0.163394187,0.163606575,0.163622918,0.163637696,0.163678018,0.163601056,0.16358705,0.163735442,0.163645599,0.163357508,0.163215454,0.163080503,0.162799158,0.162853367,0.16320603,0.163315444,0.163467336,0.163453125,0.163259902,0.163141932,0.163076814,0.162914557,0.162715315,0.162573859,0.162216289,0.162132374,0.162499169,0.162512549,0.162508735,0.162424071,0.16227737,0.162089671,0.16186021,0.161759079,0.161492808,0.160976793,0.16077459,0.160730269,0.160670083,0.160822236,0.160637944,0.160248758,0.160037495,0.159733128,0.159459283,0.159249693,0.159104667,0.158994915,0.158917522,0.159058137,0.158923039,0.158646458,0.158434574,0.158294569,0.158150006,0.157974634,0.157742064,0.157284206,0.157128748,0.156847906,0.156583983,0.156475978,0.156406565,0.156165855,0.155895091,0.155820211,0.155746583,0.155609523,0.155552656,0.155282305,0.154828255,0.154484372,0.154173526,0.153826773,0.153602909,0.153029243,0.152083363,0.151411497,0.150901288,0.150208081,0.149772756,0.148953873,0.147784241,0.14678568,0.145856144,0.144690549,0.143423435,0.142098197,0.1407215,0.139064375,0.137692686,0.136539134,0.135038022,0.133343766,0.131756563,0.129883905,0.128245981,0.126965168,0.125488301,0.123919023,0.122287283,0.120597699,0.119089416,0.117740189,0.116390877,0.11505808,0.113714391,0.112135749,0.110771517,0.109307096,0.108142954,0.107147251,0.106140896,0.105374501,0.104568272,0.103782303,0.103099727,0.102321374,0.101558398,0.100914556,0.100117023,0.099510736,0.099000055,0.098509065,0.098059223,0.097624864,0.097222142,0.096820196,0.096401676,0.096078048,0.095741733,0.09547682,0.095209128,0.095008629,0.094889622,0.094683452,0.094629215,0.094445137,0.09409349,0.0937854,0.093496439,0.093244859,0.093025565,0.092866975,0.092832385,0.092857211,0.092777513,0.092694615,0.092811804,0.092814063,0.09275998,0.093009414,0.093084035,0.093062367,0.093294131,0.093355787,0.093595274,0.093888499,0.094105912,0.09428702,0.094478561,0.094595315,0.094788988,0.094823476,0.09499965,0.095364827,0.095553515,0.095724565,0.095941187,0.09587456,0.096153972,0.096699021,0.097129573,0.097852114,0.098347642,0.098630707,0.099104109,0.099583685,0.100050757,0.100554744,0.101056128,0.101567543,0.102107894,0.102488971,0.102931614,0.103471457,0.103837364,0.104465765,0.104964638,0.105419609,0.105993528,0.106657451,0.107321293,0.107951665,0.108346344,0.10898103,0.109520416,0.110195366,0.110873082,0.111493775,0.111986215,0.112634715,0.113184573,0.113879323,0.114507819,0.115200347,0.115753784,0.116469964,0.117245811,0.117948247,0.118433052,0.119095738,0.119662458,0.120266764,0.120883937,0.121482571,0.121894157,0.122498492,0.122989614,0.123574515,0.124437848,0.125191524,0.125681403,0.126226377,0.126434899,0.127124418,0.127951298,0.128464992,0.129196692,0.129771076,0.129959542,0.130378931,0.130980162,0.131488463,0.132112367,0.132769622,0.133188436,0.133822737,0.134653482,0.135086237,0.135447059,0.135793136,0.136250874,0.136502222,0.137121847,0.137630335,0.138045895,0.138614917,0.139281701,0.13986595,0.140466891,0.140936176,0.141330995,0.141732895,0.142240998,0.142721399,0.14335588,0.144074025,0.144634586,0.145073222,0.145375484,0.145780915,0.146120492,0.146491368,0.146917797,0.147096941,0.147404174,0.147891923,0.148397788,0.149006856,0.149371351,0.149795191,0.150174448,0.150481615,0.15088198,0.151614983,0.152015995,0.152492258,0.152842407,0.152902861,0.153128375,0.153308884,0.153668265,0.153977152,0.154279845,0.154609664,0.154958247,0.155111788,0.155362629,0.155506482,0.15578538,0.156130778,0.156565686,0.157158419,0.157440182,0.157634372,0.157913147,0.157814636,0.157997059,0.158211957,0.158622784,0.158951717,0.159227196,0.159492484,0.159658792,0.160054763,0.160213545,0.160250822,0.160450006,0.160622742,0.160726754,0.161353018,0.161810355,0.162093726,0.16221008,0.162113318,0.162321072,0.162600582,0.162753814,0.163065067,0.163339471,0.163381547,0.163631019,0.164215938,0.164401249,0.164666512,0.164945555,0.16498425,0.165178782,0.165249736,0.165493273,0.165774634,0.166014296,0.166134046,0.16631503,0.16653756,0.166869439,0.167142912,0.167345311,0.167369884,0.167667255,0.167962807,0.16803699,0.168303981,0.168463067,0.16847513,0.168315199,0.168120313,0.16829555,0.168541585,0.168865051,0.169356801,0.169548154,0.169875303,0.170069411,0.170054435,0.170128635,0.170038948,0.170304957,0.170679053,0.170900144,0.17120197,0.171213532,0.171230052,0.171356826,0.171305397,0.171368525,0.171571372,0.171865489,0.172090602,0.172202434,0.172421592,0.172427652,0.172377278,0.172398996,0.172373954,0.172474374,0.172714361,0.172770385,0.172505018,0.172703319,0.173151976,0.173307777,0.173482838,0.173408899,0.172986163,0.172908312,0.173189227,0.172989472,0.172871059,0.172893673,0.172789979,0.173073528,0.173314817,0.173345947,0.173276547,0.173153571,0.172990198,0.173066451,0.173019289,0.172883315,0.172909772,0.172699291,0.17272754,0.172856282,0.17277787,0.17244448,0.172125909,0.172059307,0.17174023,0.171596852,0.171678154,0.171810803,0.171934574,0.171885438,0.171758908,0.171709092,0.171776893,0.171619497,0.171469243,0.171020167,0.170618569,0.169904603,0.169877926,0.169945885,0.170075739,0.170547842,0.170251589,0.169646515,0.169374569,0.168778622,0.168460795,0.168255755,0.168058618,0.167988273,0.16766404,0.166925175,0.166455737,0.165544687,0.165314411,0.165661998,0.165706339,0.165370877,0.165274528,0.164759633,0.164469808,0.164513475,0.164002444,0.163541919,0.163285553,0.162993292,0.162499865,0.162120831,0.161921506,0.161539124,0.161555006,0.161453188,0.161113425,0.161106087,0.16107383,0.160524265,0.160273791,0.160005234,0.159866451,0.159665133,0.159417777,0.15906406,0.158301609,0.157994823,0.15767872,0.157431015,0.157298573,0.157053457,0.156827796,0.156680395,0.15667898,0.156415005,0.156327916,0.155826159,0.155358802,0.155047375,0.154945193,0.155078471,0.154870064,0.154498284,0.154639315,0.154810686,0.154796168,0.154820444,0.154932413,0.154378585,0.154351772,0.15418212,0.154128503,0.154502382,0.154316069,0.154188765,0.154463813,0.15440927,0.154338753,0.15461664,0.154043885,0.15414857,0.154233023,0.154504853,0.154499536,0.154805189,0.155086096,0.155105819,0.155216156,0.155273957,0.154975754,0.154686528,0.153651628,0.153538959,0.153285712,0.153263309,0.153327799,0.153536813,0.15403207,0.154089761,0.154479387,0.155148588,0.154838792,0.154352636,0.154484316,0.154282407,0.154260736,0.154964746,0.154641784,0.153886259,0.153732567,0.153221479,0.152520709,0.152041213,0.153059453,0.153015288,0.152225882,0.15201293,0.151757511,0.150825545,0.150403678,0.151057592,0.150580633,0.150737378,0.150657202,0.150286423,0.150283722,0.149769995,0.149504663,0.148502767,0.148146028,0.147875743,0.147323053,0.146635494,0.145853202,0.144615667,0.143341622,0.14288779,0.141507246,0.14052797,0.139803234,0.138860524,0.137689136,0.136095898,0.134649374,0.132462675,0.130796529,0.129826939,0.128239006,0.126003057,0.124717685,0.122776391,0.120216329,0.11784192,0.115906882,0.113314249,0.110355651,0.108526149,0.10580425,0.103606639,0.101697813,0.099586049,0.097195654,0.094318141,0.091628149,0.088971199,0.086473907,0.083893012,0.081305393,0.078828584,0.076353763,0.074645792,0.072876979,0.071258891,0.070105248,0.068360017,0.066049451,0.064261897,0.062660202,0.061391038,0.05998527,0.05914069,0.058686262,0.057471257,0.056109581,0.055674,0.054837212,0.053870916,0.053375825,0.052680088,0.051884493,0.051069693,0.050465595,0.049776575,0.049487403,0.048957454,0.048872822,0.048672653,0.04793431,0.047273496,0.047051967,0.046706399,0.046126983,0.046032275,0.04624858,0.04613303,0.046171275,0.046044398,0.045878985,0.045562522,0.045229974,0.045198399,0.044889683,0.044682791,0.044404667,0.04409203,0.044059433,0.044458865,0.044572335,0.04464341,0.044645873,0.044554991,0.044467175,0.044440853,0.044513681,0.044376299,0.044352743,0.044416553,0.044697146,0.044485418,0.044267291,0.044379378,0.044541198,0.045020171,0.045878661,0.046415233,0.046662186,0.047040574,0.047230447,0.04746237,0.047736137,0.047987543,0.048080181,0.048436239,0.048704803,0.049092928,0.049496151,0.049978711,0.050483802,0.05101919,0.051401395,0.051953262,0.052049798,0.051877879,0.051755525,0.051460164,0.051440979,0.051720028,0.051996559,0.052449705,0.05289759,0.053164039,0.053497999,0.053830774,0.05378408,0.054017658,0.054504086,0.055161462,0.055453441,0.0558244,0.056548621,0.057212171,0.05782076,0.058854067,0.059505065,0.059676045,0.060080053,0.060352647,0.060881389,0.061371551,0.062297323,0.062892816,0.06355136,0.064515841,0.065202914,0.065915219,0.066512871,0.066564326,0.065881434,0.066014558,0.066076091,0.066512383,0.067373275,0.068261031,0.068884826,0.069870535,0.070745569,0.071483898,0.071547035,0.071054276,0.071029956,0.070670071,0.071168884,0.072997796,0.073637073,0.07388793,0.074333135,0.074361019,0.074399978,0.075465505,0.076591081,0.077144618,0.077813312,0.078177303,0.077980239,0.078299858,0.078552507,0.078524452,0.078762608,0.079247166,0.079588476,0.080065043,0.080882574,0.081718009,0.082359973,0.08268006,0.083776195,0.084563819,0.085051485,0.085300366,0.08559581,0.085040441,0.08486478,0.084725133,0.084614927,0.084907186,0.08522092,0.085788302,0.086381879,0.08663456,0.08763676,0.087948877,0.088466277,0.08910847,0.089416582,0.089565094,0.089944842,0.089905628,0.090327417,0.090377649,0.090728412,0.091348964,0.092441067,0.093174835,0.093522176,0.093827935,0.09414566,0.094641657,0.095522202,0.096400255,0.0964701,0.096565081,0.097122139,0.097613079,0.09816871,0.099000952,0.099431618,0.099683506,0.100403018,0.101132701,0.100828965,0.10067397,0.100597684,0.099990807,0.100137775,0.100332415,0.100531448,0.100986976,0.101597205,0.101562672,0.101870599,0.102577765,0.103599606,0.104092439,0.104503671,0.104509444,0.104536248,0.104745316,0.105081386,0.104722174,0.105428643,0.105383156,0.105359232,0.106545859,0.106931653,0.106765351,0.107080459,0.108279011,0.108886523,0.109515764,0.110073296,0.110419345,0.110706944,0.111003908,0.110686418,0.111549476,0.11168218,0.111455137,0.112567199,0.111921003,0.11138315,0.1117666,0.110484579,0.111501685,0.111891522,0.111659653,0.112476791,0.11284169,0.113115678,0.113486387,0.112638723,0.112807789,0.113103854,0.11374283,0.115073102,0.115000825,0.114493886,0.114740478,0.115522344,0.115563797,0.115945076,0.115243527,0.114448548,0.114205578,0.114222105,0.113994629,0.114550211,0.114384861,0.115470985,0.115110745,0.116316158,0.115637425,0.117694816,0.11883192,0.119970656,0.118582206,0.119840316,0.118167976,0.117296318,0.117318081,0.116659217,0.116180485,0.11658009,0.116184382,0.115908989,0.117083695,0.117583854,0.117634924,0.117475592,0.117626056,0.117244402,0.117615547,0.118579807,0.118084382,0.118692266,0.118534059,0.11876096,0.117961671,0.118398105,0.118715703,0.119374887,0.118663444,0.119415574,0.118524109,0.118925129,0.118270616,0.117261847,0.118198048,0.117483902,0.11588587,0.115485775,0.115042887,0.11489652,0.115095143,0.115443631,0.116954536,0.118260908,0.118017421,0.118286048,0.118461594,0.119508234,0.120162372,0.119811012,0.120535527,0.120803631,0.11963626,0.120797378,0.119322568,0.117418682,0.118031988,0.116647274,0.116770429,0.117434849,0.117875679,0.11545018,0.114743661,0.114260333,0.113980136,0.115587978,0.115405307,0.116317218,0.116995198,0.117622658,0.118762143,0.11922637,0.119872391,0.11994134,0.120404357,0.11961818,0.118994098,0.119845493,0.119530907,0.119920335,0.117869023,0.11499645,0.1139965,0.11444509,0.115186065,0.116490682,0.117071992,0.116513888,0.115290505,0.115099282,0.115559737,0.115673476,0.115848067,0.1154894,0.114809483,0.115788377,0.11610245,0.11637722,0.11721686,0.116026794,0.116329379,0.116289874,0.11530436,0.113069121,0.113667009,0.114444885,0.114610473,0.115156432,0.115628495,0.114731642,0.114999971,0.11526923,0.116652529,0.117287219,0.116829812,0.115776217,0.115587879,0.11429622,0.114573063,0.115003276,0.114490435,0.112176453,0.111522565,0.112111319,0.11329196,0.1165781,0.116286292,0.114726315,0.114188936,0.112050822,0.111024797,0.109499107,0.109003084,0.110433229,0.111192647,0.110915489,0.11116736,0.111406173,0.111708889,0.111914383,0.112359566,0.111621216,0.110905843,0.11005199,0.109875453,0.106759365,0.10586072,0.107411948,0.107675345,0.108561157,0.108565894,0.10606275,0.10492264,0.105172078,0.105899163,0.105096958,0.102386496,0.101262651,0.100134351,0.101305264,0.104592546,0.105305214,0.104613825,0.103899942,0.101183402,0.098884066,0.09901993,0.100169169,0.102477911,0.102850524,0.101492431,0.100127371,0.098376439,0.097542399,0.09599885,0.095604644,0.096425137,0.093960239,0.093885918,0.097173702,0.09646611,0.09607945,0.097245091,0.096027501,0.096338032,0.098759366,0.100764334,0.10097933,0.10130314,0.102600762,0.10215972,0.102770502,0.106148255,0.104419378,0.102097765,0.102024256,0.100618502,0.100075406,0.10069696,0.099843421,0.099271019,0.099181094,0.098804026,0.098830337,0.096975704,0.095561646,0.096544658,0.095337871,0.092875466,0.091325405,0.088286595,0.088134967,0.091535931,0.091208635,0.089438411,0.089240098,0.087722754,0.087848943,0.089657183,0.090146696,0.08980188,0.089005258,0.088578692,0.089210099,0.090130014,0.089136301,0.087172525,0.087679264,0.088023504,0.089042566,0.090443801,0.090255085,0.088485783,0.0872644,0.086220936,0.087514347,0.089997043,0.08852704,0.088895696,0.080106467,0.075796467,0.076533099,0.076721012,0.082931503,0.084484252,0.087560055,0.086574762,0.082079779,0.082157053,0.07778451,0.078123597,0.081002638,0.080650252,0.082588292,0.082039893,0.076050391,0.073668063,0.07389836,0.07358435,0.07694627,0.081594783,0.081814322,0.081273368,0.081204847,0.08397552,0.083880519,0.081261127,0.077604197,0.07048151,0.061610198,0.059989307,0.065515984,0.070216507,0.073351289,0.072951569,0.067307951,0.061807202,0.059986553,0.063506883,0.069700063,0.075255536,0.076568618,0.079101113,0.080170988,0.075571364,0.07156446,0.063836248,0.057784184,0.052772264,0.060748747,0.066277626,0.065534627,0.068702851,0.062012487,0.055143962,0.060580436,0.051198261,0.045334214,0.054434671,0.058568502,0.059128525,0.069131323,0.067078824,0.05604261,0.057851859,0.056722811,0.046248265,0.048812963,0.060819318,0.058463339,0.063785735,0.065697513,0.057555734,0.054254003,0.051445876,0.048642332,0.042630391,0.053275419,0.063956553,0.067551671,0.064147633,0.053050621,0.053091739,0.052712864,0.051423846,0.049038861,0.043134041,0.046959401,0.056138397,0.061074203,0.053713793,0.038961072,0.028455851,0.034868235,0.044641333,0.058625522,0.080986062,0.076306108
/data/asd/1/1549991055-00.asd,sp2_run8,36,40,36,0,40.1788,0,0.050341528,0.048581835,0.049332235,0.045749347,0.048418966,0.058964318,0.054051308,0.050125869,0.052035087,0.053421321,0.047547343,0.049648437,0.057548712,0.055610154,0.055107388,0.05353664,0.051907541,0.05523689,0.058494065,0.059464381,0.055621557,0.057077575,0.057075206,0.053575687,0.055891715,0.057480021,0.056888231,0.056600116,0.058009728,0.056444372,0.055435176,0.058801116,0.060910399,0.059083496,0.057811138,0.06315815,0.060414295,0.058657502,0.063254326,0.061049517,0.060010989,0.060466657,0.062180486,0.062123057,0.062630816,0.063808892,0.063316945,0.064209036,0.064122186,0.062411625,0.062230793,0.062333526,0.06260508,0.063469229,0.064821361,0.066103418,0.066675691,0.065227037,0.065402051,0.06569397,0.06492891,0.066466341,0.067442231,0.06742366,0.067002396,0.067201077,0.067418956,0.068461512,0.067891981,0.068849964,0.069471048,0.069879562,0.069936036,0.070474486,0.071415566,0.071985697,0.071740855,0.072071757,0.073317018,0.073470807,0.072454977,0.072516146,0.073680233,0.074292256,0.074574563,0.074734847,0.075080128,0.075859663,0.07531237,0.075490932,0.077419401,0.077300623,0.077342932,0.077531841,0.078179502,0.078077352,0.078402044,0.07924046,0.078805972,0.079424139,0.08034501,0.080436765,0.080624794,0.081134564,0.081770936,0.081442369,0.081825271,0.082310852,0.082091105,0.082421031,0.082759061,0.083123799,0.083566728,0.083696702,0.084057793,0.084742172,0.084466847,0.084831348,0.085213211,0.085605278,0.085429352,0.085332323,0.085619555,0.08619391,0.08648471,0.087028949,0.087179772,0.087064027,0.087865596,0.088057935,0.087881771,0.087869002,0.088709005,0.08938128,0.089013137,0.089414289,0.089742346,0.089874695,0.090391858,0.090782129,0.091207418,0.091478835,0.091548344,0.091896923,0.092181536,0.092318597,0.093418478,0.093715953,0.093621854,0.09398742,0.094521245,0.094791246,0.095009134,0.095694551,0.095799456,0.096152334,0.096801865,0.097118805,0.097467438,0.097659561,0.097851391,0.09843969,0.098856158,0.099223767,0.099600224,0.099733574,0.099997887,0.100786005,0.100796956,0.101334902,0.101683711,0.101879448,0.102190442,0.102473002,0.102977115,0.103491029,0.10355129,0.103593816,0.104419595,0.104957992,0.105244332,0.10567601,0.105719724,0.105896379,0.10626396,0.106405983,0.107009463,0.10761344,0.107839912,0.108495213,0.108542077,0.108870545,0.108940856,0.109113695,0.109500224,0.110078814,0.110529378,0.110615908,0.110884859,0.111272081,0.111570816,0.111923591,0.112218251,0.11250521,0.112650802,0.11320101,0.113547654,0.113756146,0.114163421,0.114474919,0.11463129,0.114926279,0.115340196,0.115546236,0.115492745,0.115686773,0.115764695,0.115753565,0.115777085,0.116026749,0.116136678,0.115931237,0.116011367,0.11629657,0.116535707,0.116924358,0.117084544,0.117320838,0.117579663,0.117758778,0.11801467,0.118184546,0.11827621,0.118551624,0.118607654,0.118720715,0.11887478,0.119017695,0.119153963,0.119294982,0.119287366,0.119241472,0.119267839,0.119223038,0.119280174,0.119305041,0.119497926,0.119608524,0.119361766,0.11929223,0.119488131,0.119570533,0.119637425,0.119624481,0.119705089,0.119844735,0.119778961,0.119681554,0.119612406,0.119781673,0.119850696,0.119719337,0.119665971,0.119788099,0.119957944,0.119817025,0.119852561,0.119914222,0.119970227,0.120014763,0.119891586,0.119859691,0.120168603,0.120207303,0.120239069,0.120142033,0.119907409,0.11989223,0.120040645,0.120112182,0.120142479,0.120177647,0.120242673,0.120408584,0.120236308,0.120345946,0.120346985,0.120248249,0.120275003,0.12021658,0.120282843,0.120341856,0.120458687,0.120440822,0.120343997,0.120388261,0.120361316,0.120270047,0.120381879,0.120346457,0.120273979,0.120221372,0.120284449,0.120292439,0.120194783,0.12015498,0.120204426,0.12003763,0.119964054,0.119963265,0.119943334,0.119946939,0.119966745,0.119772431,0.119725909,0.119874507,0.11987306,0.119811927,0.119698093,0.119836734,0.119783784,0.119842285,0.119962832,0.11999002,0.120039744,0.120126158,0.120131696,0.120335628,0.12066914,0.12068905,0.120720298,0.120555772,0.120601748,0.121011051,0.121038797,0.121266087,0.121537502,0.121445761,0.121457726,0.121855108,0.122033556,0.121985943,0.121982467,0.122286744,0.122463078,0.122326492,0.1223529,0.122735835,0.122811415,0.122830943,0.122981448,0.123099598,0.123316834,0.123373342,0.123408993,0.123649213,0.123652681,0.123905105,0.124157206,0.124009871,0.124298866,0.1245358,0.12458432,0.124743009,0.124891531,0.124919011,0.12500208,0.125039659,0.125126043,0.125409576,0.125599045,0.125900064,0.12603152,0.126038609,0.126172476,0.126204009,0.126269999,0.126488278,0.126514039,0.126599485,0.126864828,0.12691732,0.12712519,0.127187824,0.127386283,0.127890436,0.127669831,0.127684597,0.127906141,0.127926723,0.128253219,0.12845447,0.128328425,0.128552987,0.128730818,0.128939154,0.129204314,0.129297837,0.129457994,0.12956043,0.129735678,0.129866596,0.130066628,0.130091527,0.130299851,0.130541916,0.13064462,0.130722328,0.130766109,0.130898592,0.131111271,0.131186994,0.131466101,0.131383706,0.131379772,0.131797413,0.131932134,0.131932954,0.132061211,0.132194937,0.132525059,0.132691129,0.132648754,0.133080752,0.133055787,0.133012567,0.133280538,0.133451199,0.133642979,0.133782807,0.133798862,0.134019692,0.134231449,0.134515989,0.134472672,0.13459308,0.134590968,0.135033541,0.134918576,0.134861516,0.135049414,0.135286142,0.135515478,0.135863454,0.13587859,0.136039146,0.136018398,0.136097577,0.136420815,0.136559817,0.136474159,0.136566455,0.13644897,0.136835542,0.13733107,0.137095408,0.13702058,0.137094223,0.137439172,0.137483649,0.137660233,0.137654361,0.137641922,0.137682239,0.137651617,0.137962414,0.138294464,0.138272259,0.138084113,0.137898027,0.138394213,0.138721283,0.138717507,0.138713589,0.13817746,0.138352941,0.139125176,0.138756856,0.139135143,0.138875595,0.138883187,0.13910715,0.139030354,0.139131354,0.139174708,0.139016167,0.139708366,0.139162707,0.139379219,0.13940824,0.139226809,0.13939401,0.139370342,0.139446994,0.139780886,0.139996606,0.139488285,0.139570942,0.14016043,0.139042362,0.139414869,0.13964065,0.139121519,0.140035099,0.140059653,0.139776698,0.140004183,0.140396095,0.13993167,0.140309441,0.139726516,0.140592064,0.140212621,0.139465038,0.138824216,0.139645451,0.140453089,0.14041947,0.140230271,0.140079925,0.140198712,0.139998761,0.1412689,0.140844572,0.14020689,0.14066694,0.140627839,0.140711534,0.140354818,0.141194915,0.140075913,0.139962804,0.141014668,0.140845118,0.141436945,0.141504122,0.14095086,0.140623225,0.140663653,0.141546813,0.140894026,0.140979545,0.140704207,0.140875928,0.140904686,0.141200878,0.14111407,0.140897284,0.141082334,0.141406926,0.141313142,0.141462659,0.140966061,0.141483849,0.141848676,0.141943241,0.141933769,0.141998821,0.141495143,0.142110769,0.142007127,0.142244046,0.142418579,0.142308347,0.142285912,0.142464022,0.1425403,0.142576202,0.142494071,0.142495493,0.142259516,0.142404153,0.142744195,0.142597044,0.14266902,0.143027162,0.142832703,0.142942206,0.142686753,0.142711227,0.142972243,0.143479954,0.143128816,0.143529619,0.143520916,0.143163974,0.143333885,0.143456788,0.143866684,0.143809388,0.143619522,0.143709003,0.143951207,0.143792233,0.143879253,0.143736262,0.144411101,0.144355357,0.143915132,0.14445132,0.144700366,0.144522938,0.144597641,0.144135133,0.144360961,0.144993092,0.144491416,0.144383831,0.144774698,0.144554002,0.14475604,0.144740942,0.144583996,0.145611536,0.14509428,0.145509322,0.145829288,0.145423072,0.146545364,0.146397071,0.145760931,0.146664377,0.145997458,0.146137979,0.146730579,0.146227269,0.146858744,0.146485086,0.145102706,0.146772543,0.14703216,0.146882639,0.146841892,0.145919622,0.147488733,0.148019119,0.146035434,0.147910521,0.146964361,0.146044599,0.147846993,0.146783601,0.147228715,0.148043412,0.147632309,0.147991205,0.148263295,0.148305813,0.149130124,0.147382241,0.147869595,0.147718036,0.147676577,0.14818487,0.148343209,0.148441092,0.148387853,0.148493579,0.148590001,0.148852482,0.148790734,0.148397025,0.148469114,0.148691905,0.148922139,0.149759929,0.150047339,0.149810231,0.149504548,0.149916977,0.150074063,0.15021653,0.150604852,0.15103321,0.151487017,0.151538609,0.151522641,0.151558191,0.151544694,0.151418248,0.151752764,0.151723723,0.15142608,0.150828009,0.150890348,0.151133083,0.151651928,0.152278046,0.152264111,0.152153544,0.152317165,0.152091023,0.151971181,0.152023519,0.152071386,0.152078928,0.152347508,0.152099158,0.152178175,0.152529751,0.152606559,0.152841727,0.152895004,0.152425133,0.152409156,0.152563287,0.153211242,0.153568674,0.154100717,0.154225391,0.15420069,0.15427813,0.154406804,0.154426955,0.154215902,0.154265909,0.154195245,0.154030427,0.154199788,0.154162027,0.154333758,0.154480468,0.154561026,0.154553301,0.154534101,0.154218891,0.154163773,0.154436561,0.154754279,0.155027948,0.154823131,0.154691266,0.154543528,0.154529375,0.154809516,0.155042994,0.154808733,0.154792642,0.154880576,0.154780047,0.154691933,0.154976346,0.155371023,0.155554726,0.155905873,0.156003139,0.155907172,0.156057871,0.156113125,0.156187053,0.156320994,0.156087602,0.155901568,0.156112308,0.156101982,0.155955686,0.156005743,0.156104052,0.15634533,0.156727889,0.157184005,0.157458272,0.157522088,0.157654659,0.157609219,0.15776217,0.157945778,0.157991208,0.157997048,0.158058539,0.158110513,0.158234703,0.158173593,0.158134679,0.158083075,0.158081308,0.15820776,0.158394074,0.158375231,0.158263881,0.158101233,0.15814022,0.157909976,0.158051742,0.158064478,0.157781537,0.158003441,0.15812939,0.158205175,0.158266947,0.158252107,0.15816891,0.158040572,0.157979267,0.157767476,0.157847529,0.157828319,0.157572445,0.157737471,0.157713766,0.157440841,0.157529679,0.157561451,0.157403112,0.157409,0.157455414,0.157384129,0.157325839,0.1572777,0.157117225,0.15698364,0.157039561,0.156950471,0.156938064,0.156860857,0.156832557,0.157137562,0.157453034,0.157627702,0.157809574,0.157844843,0.157584211,0.157722839,0.157683621,0.157585829,0.15764719,0.157839116,0.157796985,0.158006149,0.158129194,0.15827526,0.158154823,0.157975084,0.158090474,0.158282152,0.158217796,0.158524885,0.158936995,0.158829982,0.15877861,0.158717207,0.158670131,0.158840044,0.159211458,0.159366009,0.159272743,0.159224726,0.159336297,0.1594322,0.159711092,0.160084277,0.160237608,0.160545638,0.160630132,0.160575345,0.160447466,0.160316548,0.16049952,0.160658214,0.160721468,0.160915134,0.161099821,0.16136872,0.161699595,0.161997021,0.162196222,0.161919913,0.162094657,0.162512251,0.162775633,0.163027283,0.163346493,0.163459693,0.163475429,0.163597519,0.163875734,0.163759516,0.163729861,0.16374043,0.163755487,0.163944699,0.164427004,0.164611893,0.164691373,0.164834215,0.165066591,0.165265022,0.165504268,0.165727169,0.165815378,0.165860439,0.165992973,0.166249707,0.166541766,0.16661769,0.166674796,0.166849235,0.167094665,0.167437287,0.167691104,0.168000571,0.168082012,0.167918419,0.167898666,0.167923054,0.168049707,0.168126466,0.16818174,0.168461531,0.168565477,0.168855179,0.169097965,0.169426923,0.169648667,0.169820254,0.169939239,0.170050167,0.169893542,0.170050529,0.170312915,0.170371596,0.170553796,0.170533601,0.170217154,0.17028233,0.170560848,0.170680333,0.17072154,0.170862994,0.171097044,0.171148769,0.171386627,0.171530199,0.17139821,0.171337892,0.171294923,0.171481594,0.171619367,0.171902117,0.172005923,0.172081888,0.172023148,0.171682996,0.171731864,0.171853447,0.171849342,0.17195841,0.172089948,0.17217475,0.172276389,0.172396311,0.172463258,0.17267859,0.17277268,0.172735777,0.172722295,0.172607761,0.172411739,0.172484385,0.172575305,0.172564974,0.172589784,0.172541981,0.172355319,0.172341845,0.172383851,0.17234588,0.172377802,0.17230791,0.172181682,0.172142431,0.172091675,0.172021339,0.171780407,0.171741381,0.171934597,0.171849835,0.171787258,0.171702562,0.17154986,0.171458505,0.171468729,0.171571445,0.171400319,0.17099666,0.170793721,0.170499433,0.170348047,0.170324472,0.170166366,0.169877406,0.169836904,0.169840676,0.1697366,0.169817826,0.169683249,0.169438929,0.169313254,0.169111499,0.168905819,0.168763166,0.168629349,0.16866333,0.168559908,0.168209363,0.168043102,0.167889464,0.16783009,0.167612157,0.167441415,0.167422616,0.167306772,0.167085948,0.167078876,0.166946544,0.166615532,0.166335505,0.166034435,0.165755023,0.165465536,0.165133126,0.164852817,0.164505008,0.163986254,0.163467161,0.162997572,0.162356199,0.161753064,0.160972727,0.159941507,0.15894027,0.157977502,0.156998406,0.156035772,0.154984971,0.153823534,0.152583392,0.151354662,0.150103968,0.14867809,0.147245674,0.145636365,0.143655115,0.141990521,0.140409686,0.138665994,0.137113917,0.135511406,0.133691585,0.131918129,0.130364792,0.128761981,0.12717597,0.125640272,0.123886974,0.122422009,0.120838036,0.119556578,0.118634511,0.117573984,0.116492509,0.115418664,0.114336165,0.113326275,0.112403064,0.111638838,0.110797641,0.109993799,0.109290652,0.108438996,0.107904981,0.107613394,0.107103225,0.106612731,0.106092699,0.105237877,0.104839895,0.104770662,0.10447507,0.104222081,0.103917425,0.103467244,0.103137094,0.102960712,0.102669239,0.102357439,0.102090921,0.101638956,0.101376661,0.101331169,0.101168654,0.101069682,0.10089178,0.100635059,0.100561587,0.100550511,0.100487284,0.100736087,0.10071674,0.100576916,0.100651568,0.10075376,0.10080642,0.101092613,0.101405456,0.101633041,0.101782246,0.101902733,0.101825693,0.102049222,0.10222941,0.102624643,0.103119958,0.103512183,0.103973107,0.104359487,0.104677137,0.105055999,0.105416265,0.105707178,0.105981494,0.106257978,0.106632845,0.106999666,0.107373562,0.107824654,0.108353184,0.10883852,0.109329704,0.109848799,0.110329229,0.110914748,0.111398588,0.11196355,0.112705051,0.113164044,0.113808655,0.114326797,0.11473816,0.115293362,0.115950205,0.116621809,0.117403114,0.117708238,0.118289958,0.118698277,0.119342073,0.119896521,0.120628805,0.121449731,0.122210879,0.122951593,0.123659932,0.124099304,0.124782344,0.125331709,0.126019381,0.12680866,0.12748273,0.127864407,0.128562555,0.129295419,0.129869696,0.130389113,0.131022844,0.131426189,0.132065951,0.132873161,0.133380559,0.133865685,0.134493821,0.134692239,0.135229418,0.135857401,0.136569892,0.137273207,0.137729658,0.13814946,0.138677524,0.139132549,0.139629102,0.140281725,0.140781801,0.141243272,0.141790076,0.142059784,0.142583792,0.143197459,0.143661474,0.144455772,0.144943714,0.145524644,0.145804517,0.14610843,0.146546852,0.147172643,0.147761834,0.148307816,0.148843724,0.149298747,0.149717173,0.150330961,0.1507722,0.151318832,0.151774189,0.152227528,0.152596265,0.153113199,0.153465881,0.153759139,0.15433224,0.154759847,0.155145002,0.155686476,0.156223984,0.156639004,0.15715031,0.157611629,0.158126114,0.158462444,0.158824956,0.159201033,0.159783978,0.160133322,0.160667349,0.160970795,0.161122232,0.161471308,0.161765794,0.162083652,0.162305383,0.162715238,0.162937756,0.163407161,0.164054966,0.16462458,0.165069055,0.165467698,0.16560825,0.16593586,0.166381384,0.166773164,0.167176796,0.167407592,0.167401881,0.167811953,0.168246567,0.168581526,0.168820499,0.169218984,0.169319925,0.169521174,0.16994666,0.170084999,0.170265209,0.170501011,0.170773207,0.171078692,0.171516983,0.17161286,0.171883412,0.172224231,0.172343484,0.172431723,0.172590114,0.17290981,0.173225434,0.173456557,0.173922254,0.174228973,0.174330983,0.174584862,0.174963336,0.175066275,0.175338843,0.175519153,0.175360109,0.175423592,0.17537818,0.175571858,0.175968622,0.176241525,0.176497123,0.176679053,0.176855955,0.177113227,0.177271937,0.177364416,0.177308972,0.177474358,0.177562349,0.177574056,0.177846567,0.178038773,0.178188081,0.178192576,0.178249475,0.178461178,0.178706962,0.178890711,0.178812589,0.178913129,0.179335433,0.179533909,0.179723774,0.179771786,0.179488994,0.17958536,0.179789207,0.179926516,0.180143474,0.18015384,0.180298817,0.180434116,0.180258839,0.180230228,0.180312639,0.180645266,0.181056939,0.181195579,0.181471885,0.18140928,0.181193491,0.181176037,0.181122546,0.181408188,0.182061177,0.182368235,0.182523186,0.18259197,0.182528479,0.182554703,0.182525508,0.182392953,0.182294963,0.18214475,0.182141366,0.18212112,0.182083334,0.182123344,0.182190097,0.182188798,0.182085773,0.182347392,0.182411932,0.182247081,0.182306028,0.18235418,0.182299499,0.182602739,0.183123377,0.182940847,0.182816009,0.182835919,0.18235217,0.181991224,0.182040451,0.182032654,0.181992814,0.182199069,0.181972159,0.181835204,0.181815699,0.181268452,0.180990665,0.181116393,0.181155137,0.181002178,0.181001189,0.180647065,0.180386878,0.180381575,0.18033172,0.179814525,0.179650677,0.179464108,0.179041312,0.178988069,0.178987105,0.178953027,0.178795252,0.178365547,0.178014862,0.177173033,0.17704574,0.177141215,0.177066991,0.177074722,0.176857664,0.176334283,0.176047441,0.175339031,0.175134831,0.174922538,0.174336058,0.17410615,0.173815286,0.173141371,0.172854367,0.172907823,0.172512807,0.171960648,0.171935903,0.171552787,0.171283616,0.170996598,0.170651486,0.170324838,0.170188437,0.170196253,0.170309838,0.170266695,0.169808235,0.168706999,0.168073154,0.167833316,0.167748405,0.167622695,0.16669294,0.166355583,0.166708037,0.166499564,0.166286132,0.166142006,0.165608672,0.165244031,0.165578697,0.165488784,0.165141524,0.165224734,0.165049436,0.164767995,0.164531777,0.164245162,0.164213307,0.164160738,0.163882887,0.163707744,0.163722395,0.163554845,0.163818939,0.163659214,0.163583882,0.163406238,0.163134029,0.163504817,0.163732876,0.16381186,0.163970835,0.164288872,0.164602514,0.164025846,0.16390567,0.164595477,0.164692404,0.165274004,0.165537227,0.165357653,0.16537328,0.165039021,0.164439711,0.164434158,0.164505886,0.164604765,0.164437733,0.164493501,0.164198946,0.164148979,0.1643595,0.164704405,0.164769249,0.164652398,0.163859454,0.162683503,0.162651806,0.162497124,0.162609634,0.163633498,0.163790057,0.163795297,0.164448877,0.164007,0.163343259,0.162759383,0.162502907,0.162222993,0.162039701,0.162126,0.162451342,0.161921605,0.161629987,0.161742547,0.160955057,0.160655338,0.16017397,0.159175304,0.159040771,0.158418333,0.158160669,0.157498128,0.157636412,0.157158915,0.156286174,0.155672001,0.155143029,0.153810088,0.152601824,0.152329779,0.150805478,0.149772621,0.149564126,0.148589722,0.147646063,0.146112649,0.144647763,0.142729748,0.140870115,0.138880358,0.137035259,0.134696057,0.13344681,0.131630625,0.129263769,0.126636565,0.124399122,0.121699915,0.118707902,0.116859916,0.114330571,0.111921599,0.109652404,0.107493105,0.105095483,0.102388487,0.099671869,0.097037153,0.094681149,0.092034609,0.089480099,0.087443796,0.085134368,0.082837585,0.080823875,0.078524568,0.076659022,0.074786009,0.073141145,0.072062979,0.070530012,0.069274007,0.067716972,0.066176681,0.064800104,0.063504611,0.062345299,0.061515582,0.060349684,0.059335964,0.058742541,0.058296599,0.057762589,0.057669516,0.057382734,0.056469103,0.05557493,0.054488725,0.054397983,0.053925488,0.053069955,0.052789899,0.05215093,0.05163233,0.051061847,0.051222061,0.051016262,0.050725692,0.050289192,0.049917886,0.049663164,0.049027884,0.048848545,0.048511786,0.04821659,0.048306046,0.04884245,0.049305402,0.049380846,0.049335203,0.048883861,0.048242048,0.047739328,0.047686921,0.048019827,0.048093372,0.048519447,0.04918138,0.049532325,0.049589781,0.049604391,0.049370262,0.048926266,0.049036109,0.049349593,0.049687236,0.050239166,0.050268634,0.050296409,0.050609807,0.051312023,0.051735775,0.052194756,0.052631629,0.052697247,0.052713547,0.053169688,0.053476579,0.053614845,0.053922217,0.054223757,0.054062692,0.054471271,0.05528629,0.056044834,0.057009852,0.057607012,0.058010556,0.058407521,0.058031465,0.057614709,0.057922579,0.057947595,0.058196585,0.059397416,0.059965523,0.060019055,0.060336234,0.060770039,0.061283883,0.06180267,0.062320632,0.063084077,0.06388468,0.06460201,0.065493474,0.065963898,0.06589023,0.06621209,0.066091676,0.066416131,0.066977649,0.067835464,0.068094189,0.068844161,0.069753805,0.070507618,0.071346519,0.071991214,0.072251087,0.072118937,0.072293037,0.072177371,0.072504584,0.072862531,0.073532326,0.074058081,0.07448221,0.075316789,0.075951834,0.076377188,0.077380766,0.077892942,0.078140632,0.078652761,0.079503606,0.080164024,0.080738982,0.081136712,0.081800337,0.081497011,0.081573465,0.082202988,0.082662488,0.083584566,0.084287069,0.085105562,0.085611113,0.085931386,0.08589811,0.085721925,0.086011189,0.086265597,0.086537168,0.087245409,0.087387552,0.087319905,0.087017486,0.087091893,0.087795122,0.088459773,0.08939574,0.090305876,0.091059748,0.091570175,0.092219231,0.092635749,0.093311951,0.09358516,0.093890061,0.093635464,0.093650578,0.094677899,0.095428362,0.096458897,0.097345621,0.097554493,0.097855429,0.098552372,0.098624549,0.099189304,0.099229961,0.099433911,0.099814908,0.100454693,0.101407509,0.101491312,0.101490203,0.101587474,0.101506743,0.102160531,0.102785149,0.102668348,0.103106072,0.103318265,0.102437676,0.102792824,0.103586187,0.104273098,0.105877895,0.107420918,0.108702787,0.10872323,0.109142326,0.109112442,0.10868491,0.108923084,0.109299764,0.109782573,0.110541615,0.111793636,0.111649475,0.111538736,0.111680401,0.111113425,0.110878583,0.110745204,0.110494449,0.110853297,0.111546922,0.111789087,0.112018405,0.112825088,0.112285256,0.112333372,0.113730102,0.114105671,0.114443909,0.114713417,0.115296526,0.115763913,0.116076801,0.116515929,0.117194729,0.117574197,0.117904194,0.11761777,0.118354023,0.118711487,0.118437931,0.119441161,0.118959259,0.118587949,0.11968522,0.119793284,0.121073313,0.121595755,0.12076632,0.118939966,0.118816957,0.119550393,0.120299188,0.121597982,0.122249235,0.121992665,0.122032296,0.122939732,0.121743159,0.121343574,0.121713015,0.12276267,0.122981837,0.123968757,0.124347025,0.124042229,0.124650135,0.124668414,0.123356542,0.123668292,0.122907484,0.123925306,0.124435483,0.125606469,0.124123679,0.125787017,0.125164751,0.125133225,0.123932571,0.12557552,0.125102594,0.125344091,0.125986051,0.125541585,0.124967216,0.125027175,0.124210165,0.122782551,0.123611697,0.123771679,0.123672296,0.124001677,0.124367736,0.124135238,0.124826062,0.125658603,0.125381157,0.127098921,0.12757517,0.127318705,0.126029868,0.12545492,0.124715087,0.125877175,0.125950182,0.12722101,0.126625423,0.127692944,0.127701758,0.12733216,0.129270162,0.129048745,0.127630896,0.127103182,0.126176292,0.125644159,0.12500689,0.124635546,0.125623062,0.126671339,0.12638673,0.126331955,0.126204046,0.125700884,0.124309464,0.123030307,0.121634819,0.121396877,0.121344226,0.12239336,0.122094712,0.123465812,0.125349477,0.124354953,0.125120033,0.126066544,0.127206319,0.125757554,0.125857674,0.126281573,0.126018683,0.127011702,0.126688176,0.127267042,0.127592205,0.128549875,0.129436099,0.128553358,0.128661707,0.12841978,0.128223379,0.127744063,0.1265137,0.126821232,0.126701311,0.127194915,0.127059198,0.126647803,0.126921332,0.127569304,0.126846714,0.127631243,0.126684435,0.125763522,0.125306038,0.125274118,0.125658698,0.125967103,0.126884006,0.126293217,0.124408066,0.12486057,0.124325075,0.124128007,0.124920098,0.124351641,0.125554992,0.126175476,0.126326803,0.125274478,0.125185084,0.124846014,0.124807085,0.124928195,0.124990028,0.124522401,0.123224928,0.120742793,0.119609091,0.119252899,0.119977538,0.121224927,0.12192201,0.121681086,0.122723163,0.122801226,0.123828705,0.126281534,0.12487886,0.122635068,0.121975743,0.118857459,0.117731496,0.11856754,0.119919564,0.122478214,0.123262333,0.122214343,0.121691835,0.121173758,0.121563159,0.122114109,0.122448724,0.121114832,0.120924039,0.120686978,0.120546798,0.120726542,0.121104182,0.121889852,0.120815211,0.119861415,0.118867218,0.118107928,0.120014119,0.120817196,0.120862816,0.12015736,0.117158787,0.114382894,0.114960763,0.115957236,0.116813863,0.118974689,0.119175057,0.118035503,0.117787785,0.118112282,0.117651449,0.117474299,0.116186199,0.114247918,0.112746108,0.111629337,0.111001241,0.109099822,0.106149763,0.104750067,0.10541163,0.107253561,0.107648665,0.109082602,0.109069428,0.105890226,0.106195755,0.108352391,0.107957066,0.107077841,0.106264799,0.104349049,0.104585393,0.103009411,0.10133945,0.101496933,0.099779358,0.100016595,0.100959331,0.101425996,0.101771059,0.100449536,0.100825672,0.101958716,0.100524632,0.100678623,0.101849105,0.100575997,0.101639381,0.102019258,0.100141573,0.099597391,0.095263147,0.09399562,0.097943607,0.098770299,0.101463529,0.100292855,0.093966162,0.091131284,0.089723842,0.087900933,0.087459795,0.087570246,0.088205515,0.088510332,0.089555839,0.090930721,0.090847257,0.089692146,0.090095292,0.092046037,0.096309446,0.095377995,0.093036393,0.092104324,0.084846777,0.08480447,0.090549944,0.092231589,0.095361257,0.093768678,0.088164143,0.08708235,0.086076849,0.084137343,0.08466905,0.081699635,0.081103621,0.080082761,0.077214661,0.078868957,0.074620253,0.078235978,0.080296882,0.074523091,0.07430014,0.071931462,0.071387175,0.075295937,0.07953109,0.084693189,0.084567918,0.08005419,0.076443064,0.071201404,0.074388146,0.080590061,0.083193609,0.083695047,0.082066463,0.08424235,0.086677479,0.087039082,0.090362458,0.086880411,0.08347743,0.085927699,0.080148547,0.075562988,0.0766127,0.07325491,0.080048585,0.089401709,0.094087721,0.096300202,0.095303857,0.090739006,0.089526536,0.0883962,0.084830154,0.085280071,0.075694866,0.068799921,0.06633967,0.060162293,0.062947295,0.07024112,0.073517733,0.080350788,0.081253853,0.084650527,0.084585527,0.085255188,0.078628274,0.067647586,0.070323981,0.072962739,0.077544255,0.089889716,0.092445984,0.093364461,0.082478226,0.076367501,0.061251796,0.057837468,0.065458871,0.066918931,0.077689418,0.08271,0.082201252,0.082927702,0.086554786,0.083060502,0.073158749,0.070007016,0.063354755,0.057002722,0.061413979,0.047266928,0.042623663,0.057402569,0.065908287,0.077956549,0.091294618,0.082434628,0.077812912,0.086829236,0.089369617,0.080805475,0.073926463,0.070505934,0.069084968,0.06834582,0.074131786,0.071213031
/data/asd/1/1549991068-00.asd,sp2_run8,36,60,36,0,60.0894,0,0.050324139,0.051751055,0.05565198,0.052836391,0.054597826,0.058944485,0.05353047,0.054933639,0.05822236,0.056610295,0.055884208,0.054798915,0.05682541,0.051117223,0.056679705,0.061421208,0.05645833,0.056968616,0.055883355,0.056911482,0.058947503,0.057282758,0.057747804,0.057147002,0.058908867,0.059080821,0.058230891,0.058551361,0.059358025,0.059209937,0.05829922,0.058060589,0.059051737,0.059544474,0.059905823,0.062300715,0.0602431,0.059058138,0.061118219,0.061763134,0.060942069,0.060468761,0.062180486,0.062418747,0.062894983,0.063072165,0.062394215,0.061598946,0.062202611,0.063941739,0.064074912,0.064612388,0.064929784,0.064080702,0.064609345,0.06567996,0.066407749,0.066385198,0.067279278,0.067002503,0.066560033,0.067555579,0.067937468,0.068152213,0.068574621,0.068752714,0.067957617,0.068349438,0.069276756,0.069638607,0.070309487,0.070822093,0.071237926,0.071281323,0.071744926,0.071658455,0.072524609,0.072327901,0.072611672,0.073484065,0.073948781,0.074175135,0.074505746,0.07473647,0.075384365,0.076005372,0.076701112,0.076583541,0.076971093,0.077657444,0.0787008,0.078346208,0.078221279,0.078805204,0.08007981,0.079729098,0.07992918,0.080877986,0.080056221,0.08057099,0.081615472,0.081953504,0.081826993,0.081936621,0.082559314,0.082646863,0.083378318,0.083649671,0.083462614,0.083965963,0.084017218,0.084136574,0.084798399,0.085118381,0.085286885,0.085743124,0.085891213,0.0864095,0.086561596,0.086526315,0.086623418,0.087077341,0.087504543,0.087604295,0.087596516,0.087922961,0.088247221,0.088316284,0.089046503,0.089419848,0.089633461,0.089579986,0.089955435,0.090376833,0.090690433,0.091140419,0.091286603,0.091455231,0.092019165,0.092192321,0.092602237,0.093176725,0.093171968,0.093449292,0.093613854,0.093887909,0.094615446,0.094942788,0.095392901,0.095440743,0.095824313,0.096160506,0.096468722,0.097318698,0.097397958,0.097690326,0.098198555,0.098571609,0.099068512,0.09943559,0.099688889,0.10017345,0.100541729,0.100869442,0.10143636,0.101627029,0.101812824,0.102310249,0.102304815,0.102702948,0.103044219,0.103759023,0.103964585,0.10411979,0.104882817,0.105381425,0.105496213,0.105796103,0.106503668,0.106886014,0.106963252,0.107215386,0.107679088,0.107934927,0.108145851,0.108488833,0.109041911,0.109622781,0.10993378,0.110515909,0.110350396,0.110706151,0.111079021,0.111454044,0.111803375,0.112159331,0.112494271,0.112644037,0.112874992,0.113274581,0.113781879,0.114006698,0.114235988,0.114688417,0.114647474,0.115058293,0.115431736,0.115723045,0.116112175,0.116353699,0.116511957,0.116891671,0.117368784,0.117623,0.1177214,0.1181176,0.118223002,0.118288987,0.118254137,0.118490999,0.118838211,0.118958776,0.118896276,0.119180487,0.119451095,0.119777047,0.119955992,0.12013025,0.120207264,0.120337389,0.120603157,0.120765936,0.120681039,0.120668999,0.120748636,0.120994013,0.120841682,0.120994208,0.12119238,0.121208169,0.121400538,0.121324033,0.121341082,0.121513189,0.121781191,0.121916409,0.122138043,0.122256104,0.122114716,0.122048685,0.122071728,0.122260704,0.122339613,0.122262873,0.122285395,0.122292847,0.122400311,0.122484082,0.122152285,0.122525985,0.122796127,0.122640584,0.122535119,0.122690011,0.122935807,0.122728059,0.122842909,0.122991018,0.122982187,0.122881217,0.122853314,0.122942325,0.123074143,0.123096474,0.123164131,0.123212686,0.12310739,0.123064223,0.123140203,0.123191568,0.123218753,0.123231526,0.123264342,0.123506781,0.123485356,0.123542738,0.123475353,0.123491737,0.123538774,0.123535206,0.123602846,0.123667023,0.123620833,0.123591028,0.123642107,0.123677524,0.123586687,0.123523018,0.123669337,0.123578122,0.123622755,0.123770361,0.123615833,0.12352715,0.123460863,0.123350639,0.123419852,0.123404842,0.12347174,0.123391144,0.123390199,0.12333424,0.123273363,0.123169223,0.123125998,0.123219366,0.123192652,0.123217021,0.123202427,0.123336956,0.123314563,0.123437161,0.123502419,0.123385873,0.123618205,0.123708448,0.123645309,0.123924034,0.124199934,0.124247339,0.124312505,0.124217726,0.124209482,0.124519354,0.124726786,0.124770111,0.12501331,0.125041125,0.125023265,0.125335372,0.125452982,0.125443357,0.125563133,0.125882576,0.125998952,0.125925945,0.12609047,0.126428533,0.126446864,0.126574139,0.12676832,0.126837608,0.126974768,0.127150118,0.127172524,0.127321869,0.127407188,0.127604016,0.127848446,0.127825386,0.127954548,0.128227221,0.128382874,0.12851074,0.128598798,0.128610789,0.128759966,0.128931881,0.129018434,0.129234538,0.129359231,0.129714594,0.129809783,0.129819234,0.129994918,0.129942503,0.130112285,0.130382418,0.130329247,0.130486464,0.130779512,0.130801321,0.131189229,0.13127228,0.13128806,0.131666669,0.131650651,0.131690598,0.131903601,0.132013207,0.132136023,0.132316878,0.132341673,0.132463318,0.132681966,0.132941314,0.133132477,0.133340674,0.133516035,0.133561978,0.133722521,0.133989378,0.134119718,0.134086384,0.134443687,0.134597553,0.134667141,0.134818108,0.134722245,0.13497728,0.135336339,0.135280466,0.135660695,0.135504862,0.135347448,0.135930439,0.135927871,0.135941307,0.136149939,0.136127342,0.13640639,0.136612946,0.136608341,0.137083256,0.13713251,0.137087828,0.1373222,0.137451277,0.137679901,0.137928208,0.137918191,0.138188355,0.138373903,0.138622449,0.138528258,0.138728514,0.138678609,0.138883662,0.138952775,0.139022807,0.139225677,0.139439537,0.13950509,0.139823759,0.139879729,0.140019083,0.140064051,0.140181497,0.140517782,0.140511579,0.14050391,0.140656507,0.140460112,0.140828474,0.14133003,0.141152489,0.141133753,0.141151884,0.141418266,0.141381127,0.141606886,0.141670684,0.141612984,0.14153297,0.141677473,0.141972061,0.142256495,0.142187253,0.142051504,0.141914565,0.142465281,0.142635389,0.142746119,0.142812793,0.142260036,0.142641513,0.143222364,0.142592321,0.143076713,0.14283406,0.142894866,0.143152388,0.143083385,0.143244456,0.143342462,0.143055172,0.143689706,0.143193304,0.143481157,0.143515124,0.143222836,0.143443754,0.143506421,0.143536275,0.143733293,0.144024715,0.143578,0.14343935,0.144207965,0.143187281,0.143460004,0.143597797,0.142819345,0.143703521,0.143863444,0.143532008,0.14381418,0.144312782,0.143646217,0.144132156,0.143438902,0.144252684,0.143891005,0.143099869,0.142643268,0.143618404,0.144334696,0.144190603,0.143959385,0.143955222,0.144312781,0.144120958,0.145268893,0.144578632,0.144111287,0.144385416,0.144174227,0.144498507,0.144010255,0.145078207,0.14414153,0.143714069,0.144742833,0.144588369,0.145097796,0.145116714,0.144691324,0.144471295,0.144628355,0.14528499,0.144552269,0.144789534,0.144824889,0.14513723,0.144881959,0.144838755,0.144837181,0.144767721,0.144932364,0.145001269,0.144892323,0.144875355,0.144558677,0.145224233,0.144956413,0.145204809,0.145230383,0.145211831,0.14506254,0.145511998,0.145395772,0.145722621,0.145565572,0.145833816,0.146049326,0.146028438,0.145799978,0.146117765,0.146085119,0.145738546,0.14583512,0.145941411,0.146295204,0.146039781,0.146300954,0.146555345,0.146354531,0.146748968,0.146657784,0.146767613,0.146582042,0.146452698,0.146339649,0.146916491,0.146888223,0.146967328,0.146913245,0.146680527,0.146942455,0.14721514,0.147228599,0.147115698,0.146901197,0.146942107,0.14717237,0.146968889,0.147853983,0.147423643,0.147513348,0.148402274,0.148079703,0.147720882,0.148229585,0.147700013,0.147852872,0.148263489,0.14776656,0.147776691,0.148007151,0.148230894,0.148740018,0.148615503,0.148063705,0.149020962,0.148266948,0.148380275,0.148469361,0.148234269,0.149361857,0.149724638,0.149663603,0.149966007,0.148879466,0.149084618,0.149698044,0.149077666,0.150211992,0.150073466,0.148745279,0.150027367,0.150176574,0.150192032,0.14995379,0.148878054,0.149967574,0.15034297,0.149590267,0.151332868,0.150441164,0.149562411,0.150459189,0.150777072,0.151059925,0.151070088,0.150589124,0.150968902,0.15083754,0.150218588,0.150537919,0.150470229,0.150950548,0.151081282,0.151044435,0.150695045,0.150483437,0.14994388,0.149879516,0.150277652,0.150361839,0.150544262,0.150724227,0.150718698,0.150690264,0.150755043,0.150804946,0.150960263,0.150995894,0.151064102,0.151313434,0.15179051,0.1514164,0.151393531,0.151364121,0.15155706,0.151954134,0.152077933,0.152298195,0.152477615,0.152398794,0.152340186,0.152684229,0.152867718,0.152953538,0.153172641,0.153450255,0.153394383,0.153556089,0.153744107,0.153651342,0.153930736,0.15415585,0.15434116,0.154210408,0.153712986,0.153684388,0.15388824,0.154141799,0.153784289,0.154041263,0.154282832,0.154272067,0.155096215,0.155867458,0.155853148,0.155913216,0.155852206,0.15578541,0.155555621,0.154969221,0.154713345,0.154851671,0.154844078,0.154749385,0.155121425,0.155499934,0.15577931,0.155815123,0.155575292,0.155504421,0.155281952,0.155306602,0.155556658,0.155678159,0.155822822,0.155734742,0.155298945,0.15515725,0.155080684,0.15510304,0.155317792,0.155407835,0.155409057,0.15524301,0.1551965,0.155244641,0.155541915,0.155815438,0.156137936,0.156561675,0.156704898,0.156516846,0.156438237,0.156299015,0.156191312,0.156282118,0.156202647,0.15609648,0.156249466,0.15632707,0.156430957,0.156791363,0.157085526,0.157205758,0.15719878,0.157230209,0.157352507,0.157430892,0.157407592,0.157418128,0.157690615,0.157898645,0.158092136,0.158432429,0.158596943,0.158492766,0.158362057,0.158311242,0.158412166,0.158292198,0.15814094,0.158055708,0.158103057,0.158077322,0.158177763,0.158309521,0.158566028,0.15872865,0.158988837,0.159149144,0.159414452,0.159350484,0.159261399,0.159132989,0.159238482,0.159161059,0.159036518,0.159350801,0.159342976,0.159379268,0.159305383,0.159068833,0.158884054,0.158644731,0.158767811,0.159079877,0.159286332,0.159300424,0.159272165,0.159080239,0.158841427,0.158674034,0.158558749,0.158419511,0.15843846,0.158394065,0.158244681,0.158204771,0.158239357,0.158190343,0.157973792,0.157903223,0.158036001,0.15795536,0.158092914,0.158235759,0.15820647,0.158292378,0.15837613,0.158499236,0.158523482,0.15843697,0.158341495,0.158393687,0.158385758,0.15846889,0.158689396,0.158928462,0.15888494,0.159068481,0.159127564,0.159038134,0.158955401,0.158981526,0.159014124,0.159167425,0.159405865,0.159883917,0.160146463,0.160262442,0.160476444,0.160413036,0.160362116,0.160405347,0.160444322,0.160535141,0.160591664,0.160573094,0.160775037,0.16083792,0.160858623,0.161052212,0.161166516,0.161308674,0.161545148,0.16188159,0.161951441,0.162101412,0.162403377,0.16240426,0.162433889,0.162656565,0.162653109,0.162581019,0.16278774,0.162932445,0.163099618,0.163158033,0.163361654,0.163588289,0.163819504,0.164008031,0.164377499,0.16447323,0.164710384,0.165017265,0.165257006,0.165305864,0.165414493,0.165420567,0.165305984,0.165491897,0.165846339,0.165909077,0.166057288,0.166078543,0.165751165,0.165889199,0.16636428,0.166585134,0.166729778,0.167068524,0.16719751,0.167257275,0.167624242,0.167866406,0.168017194,0.16809033,0.1682466,0.168406944,0.168459849,0.168337725,0.16836188,0.16819469,0.168314178,0.168932682,0.169224717,0.169395932,0.169503782,0.169584816,0.169575902,0.169632354,0.169653352,0.169761281,0.169806564,0.170101641,0.170388107,0.170608654,0.170676457,0.170832887,0.170869946,0.170982918,0.171252353,0.171340826,0.171324029,0.171443117,0.171663704,0.1717277,0.17169676,0.171674054,0.17152175,0.171437229,0.17158534,0.171755709,0.171928325,0.172130833,0.172145529,0.172217894,0.172273756,0.172226416,0.172409548,0.172694884,0.172846926,0.173002236,0.173232853,0.173445499,0.173436725,0.173355114,0.173326333,0.172983273,0.172952814,0.17316413,0.173151247,0.173339129,0.173431508,0.173402944,0.173413189,0.173314502,0.17338806,0.173379544,0.173329094,0.173367015,0.173452202,0.173502222,0.173575436,0.1736087,0.173575126,0.173533974,0.173506111,0.173383722,0.173178393,0.173111979,0.173024384,0.172975811,0.173001397,0.172983058,0.173107961,0.173068202,0.173021868,0.172933985,0.172680166,0.172538269,0.172538499,0.172546198,0.172420139,0.172268934,0.172157198,0.171899911,0.171792488,0.171803221,0.171735388,0.171659853,0.171639765,0.171596212,0.171466176,0.171269506,0.171063743,0.17083167,0.170728835,0.170631417,0.170425546,0.17022804,0.170026033,0.169807266,0.16965937,0.169450597,0.16935667,0.169394669,0.169432624,0.169287433,0.169110101,0.169070629,0.168867124,0.168645781,0.1685816,0.168471378,0.168247537,0.168033867,0.167783403,0.167498599,0.167093627,0.166732808,0.166416754,0.166088405,0.165750829,0.165252232,0.164665376,0.164025157,0.163353676,0.162692512,0.162163737,0.161330466,0.160493457,0.159612317,0.158506333,0.157315361,0.156011875,0.154618091,0.153270644,0.151809808,0.15040581,0.149102594,0.147748986,0.146401102,0.14490302,0.143281983,0.141680825,0.13997474,0.138469664,0.137079101,0.135468547,0.133846259,0.132359847,0.130956138,0.129630693,0.128417526,0.127113321,0.125550624,0.124240368,0.122925186,0.121766272,0.120776986,0.119716454,0.118654039,0.117726666,0.116887229,0.116184969,0.115471743,0.11489412,0.114296837,0.113531847,0.112918602,0.112347954,0.111894922,0.111539308,0.111121018,0.110709176,0.110276279,0.109862716,0.109423494,0.108878215,0.108563909,0.108257225,0.108048293,0.108169499,0.107997306,0.107775393,0.107453334,0.106833417,0.106470688,0.106297121,0.106057397,0.106026501,0.105901425,0.105720443,0.105703359,0.105668779,0.105611739,0.105786971,0.105775123,0.105865099,0.105833039,0.105882979,0.105779874,0.106060441,0.106304741,0.106567019,0.106928069,0.107123436,0.107085564,0.107302355,0.107493948,0.107822616,0.108193789,0.108454551,0.108791216,0.109069104,0.109305775,0.109683143,0.110054614,0.110341098,0.110635686,0.110968867,0.111439337,0.111885471,0.112491585,0.113023847,0.113511882,0.11401642,0.11449054,0.114987482,0.115569142,0.11611608,0.116374001,0.116815465,0.117387136,0.117738829,0.118449948,0.118946962,0.119283232,0.119736748,0.120167504,0.120740018,0.121507764,0.121870397,0.122538175,0.123206568,0.123855294,0.124253503,0.124907574,0.125577141,0.126239247,0.126884214,0.127639355,0.128190798,0.128816537,0.129338676,0.129948828,0.130394068,0.131052303,0.131684987,0.132389081,0.133068385,0.133668104,0.134094927,0.134734189,0.135364807,0.135989594,0.136553136,0.136999946,0.137364997,0.138022367,0.138525422,0.139089389,0.139575925,0.140255105,0.140835344,0.141209324,0.141691215,0.142226266,0.142719066,0.143135165,0.143633621,0.144052638,0.144359891,0.144870019,0.145278977,0.14583155,0.146403236,0.146827529,0.14752375,0.147972116,0.148504712,0.148764919,0.149154228,0.149620488,0.150298253,0.15087237,0.151250422,0.151725971,0.152111533,0.152557079,0.153301335,0.153837217,0.154372219,0.154965289,0.155470576,0.155807156,0.156355565,0.156709608,0.157053241,0.157698248,0.158088295,0.158345642,0.158804729,0.159133799,0.159439537,0.159909052,0.160354647,0.160786718,0.161151427,0.161711992,0.162094477,0.162523806,0.162832046,0.163292279,0.16357799,0.163834237,0.164166797,0.164362637,0.164757755,0.165240083,0.165658652,0.16601204,0.166369793,0.166532804,0.166893477,0.167234423,0.167493925,0.167574205,0.167785111,0.16802857,0.168425204,0.16889676,0.169205068,0.169577674,0.170019683,0.170257088,0.170523077,0.170594884,0.17094974,0.171160654,0.171341454,0.171570801,0.171712641,0.172094686,0.172309852,0.172561762,0.172795826,0.17291968,0.172966565,0.173372537,0.173821943,0.174209678,0.174405958,0.174637983,0.174938155,0.17509703,0.175227733,0.175472736,0.175757686,0.176070004,0.176275753,0.176574933,0.176628153,0.176578561,0.176763001,0.176911392,0.177060479,0.177124492,0.17735075,0.177600974,0.177879192,0.17822755,0.17841423,0.178601033,0.178836754,0.178839574,0.178880945,0.1788521,0.178967103,0.17911038,0.179041199,0.178968137,0.179107577,0.179320476,0.179384502,0.179710638,0.18007098,0.180474124,0.180663697,0.180596495,0.1806728,0.180874342,0.181078292,0.181352503,0.181553135,0.181710097,0.18187463,0.181971744,0.182117604,0.182147531,0.182044054,0.182184859,0.182328233,0.182247879,0.182287117,0.182472161,0.18278353,0.182915547,0.182966761,0.183139962,0.183144306,0.18303976,0.183089955,0.183312324,0.183510231,0.183872728,0.184026647,0.183867291,0.183876264,0.183977116,0.183976022,0.183822147,0.183716765,0.18366857,0.183717874,0.183985894,0.183983945,0.183786982,0.183800275,0.183793215,0.183730785,0.183632046,0.183501776,0.183392111,0.183668549,0.183858204,0.183907876,0.183769809,0.183374727,0.183282141,0.183391917,0.183544295,0.183678104,0.183696849,0.183312064,0.18305485,0.183471711,0.183566763,0.183245134,0.183142031,0.183163392,0.182942284,0.182864013,0.182698858,0.182365743,0.182337781,0.182479979,0.182339145,0.181622812,0.181365787,0.181105493,0.181133241,0.181291492,0.181208604,0.180661492,0.180241893,0.180374657,0.180304312,0.179989728,0.17987481,0.179449302,0.179179856,0.179145013,0.179104288,0.178638728,0.178414318,0.178136867,0.177885202,0.177651411,0.177102517,0.176193476,0.175744414,0.175433668,0.175199367,0.175147838,0.174995623,0.174538039,0.174166644,0.174419779,0.174392217,0.174031877,0.174045914,0.173749777,0.17319306,0.1723909,0.17194194,0.171625725,0.17144393,0.171344282,0.171493381,0.171179546,0.170760638,0.170571843,0.170123522,0.169750342,0.169944971,0.169697235,0.168990354,0.168753992,0.168369236,0.167896346,0.16778548,0.167831558,0.167682274,0.167464412,0.168072361,0.167498173,0.166803929,0.166928931,0.166851339,0.166680116,0.166815432,0.166328246,0.165678342,0.165754692,0.165706779,0.16564799,0.166147702,0.165965258,0.16599015,0.165966616,0.165949398,0.166007401,0.165976909,0.166033332,0.166060803,0.165878999,0.165905252,0.166252335,0.16642464,0.165765608,0.165953501,0.166891806,0.166691936,0.165615031,0.165660562,0.165744138,0.16597765,0.167027683,0.167275205,0.167324687,0.166315803,0.166375882,0.166066228,0.166109928,0.166552977,0.16661962,0.166523011,0.16633491,0.166239371,0.165857621,0.165288452,0.164963838,0.165128981,0.165231332,0.165350856,0.165769587,0.165655014,0.165378663,0.166211809,0.166038461,0.165855726,0.165591388,0.166157685,0.166074917,0.165697444,0.165630412,0.165513894,0.164588046,0.16421581,0.16449025,0.163995323,0.164515671,0.164305699,0.163374915,0.16342178,0.16301729,0.162791341,0.162058144,0.162085135,0.161471607,0.160049631,0.159257175,0.158603319,0.15741805,0.156715319,0.156638252,0.155457909,0.154493274,0.153410563,0.15211335,0.150802171,0.148729335,0.147321489,0.146100968,0.144682433,0.143618506,0.142204861,0.140407327,0.138350773,0.136112545,0.133941861,0.131153541,0.129515586,0.12713117,0.124497234,0.122721641,0.120134362,0.117636472,0.115158374,0.112908835,0.110608237,0.108284873,0.106070356,0.103346909,0.101032431,0.098660132,0.095950029,0.093198158,0.090834653,0.088755892,0.086578105,0.08489817,0.083553465,0.081613222,0.079338442,0.077517068,0.075472108,0.073900439,0.07212711,0.070754885,0.069831564,0.06870877,0.067655455,0.067033249,0.065852733,0.064421868,0.062974773,0.061924156,0.0609348,0.060227443,0.059673575,0.058891422,0.058282449,0.057682924,0.057348266,0.05710638,0.056494459,0.055756581,0.055428592,0.055096526,0.054763185,0.054820434,0.054620317,0.05441661,0.054020246,0.05337976,0.052934559,0.052288104,0.052276536,0.052222288,0.052033128,0.0520143,0.052175752,0.051691345,0.051471666,0.051934918,0.051478353,0.051097515,0.051038027,0.050609377,0.050874597,0.051386756,0.051332583,0.051337609,0.051487283,0.051658147,0.05138335,0.051720687,0.052071192,0.052101892,0.052480903,0.052563616,0.053087493,0.053658493,0.054216074,0.054723855,0.055146772,0.055554363,0.055805948,0.056224566,0.056872322,0.057155524,0.057274714,0.057486987,0.057232236,0.057209403,0.057638419,0.058385326,0.058774956,0.059411383,0.060302553,0.060028676,0.05998045,0.060261015,0.060246891,0.060550549,0.061184903,0.061534317,0.061716206,0.062335135,0.063738328,0.064464364,0.065219206,0.065839063,0.066333149,0.066558474,0.066885168,0.066593347,0.066807442,0.067563,0.067727384,0.06873331,0.069438757,0.069624475,0.070234206,0.071115044,0.071941765,0.072821185,0.073542783,0.073799129,0.074664716,0.075174555,0.075772377,0.076591195,0.076934453,0.077402543,0.077974773,0.078707339,0.07983345,0.080551482,0.08103309,0.081381231,0.081581715,0.082142882,0.082780004,0.083325196,0.083754207,0.084420111,0.084911197,0.085854179,0.086380058,0.086563498,0.086844819,0.087026537,0.087268626,0.087695314,0.08830893,0.089000964,0.089469303,0.089939935,0.090477317,0.0908923,0.091124193,0.091757557,0.092525134,0.092871781,0.093684364,0.094445119,0.094923375,0.095410644,0.096141989,0.096324866,0.09659704,0.096433415,0.09695771,0.097607057,0.097872792,0.097753472,0.098278614,0.098390176,0.098649161,0.099278539,0.099792905,0.100830285,0.101405488,0.102301836,0.102883116,0.102593689,0.102484462,0.102423129,0.101975235,0.102537724,0.103438283,0.103978272,0.105570171,0.105695981,0.105772745,0.105362661,0.1043011,0.104430131,0.105281044,0.106433393,0.107451561,0.108205444,0.108570308,0.108828083,0.109773905,0.110460467,0.110644812,0.111405657,0.111984652,0.112188855,0.112451576,0.112550248,0.112417485,0.111949494,0.112378946,0.112764608,0.112386455,0.112882117,0.113668682,0.114041298,0.114711449,0.115389954,0.115797829,0.116747774,0.118410268,0.118225413,0.117683055,0.118020005,0.117533949,0.1177736,0.119609793,0.119893408,0.120397632,0.120262285,0.11992469,0.119612027,0.120463931,0.120337315,0.120290753,0.121308295,0.121539146,0.121473847,0.121934775,0.123130616,0.123910901,0.12509674,0.12563422,0.125821956,0.126019592,0.125731963,0.125348739,0.126072619,0.125888814,0.125726,0.125830469,0.125513935,0.126323772,0.127340234,0.127079212,0.128560254,0.12832288,0.127742933,0.128144854,0.128215336,0.128426048,0.128517329,0.127114624,0.126808444,0.126768762,0.126275662,0.126738871,0.126409755,0.126157033,0.126806769,0.12822098,0.129276619,0.130467417,0.130372044,0.130446409,0.131815715,0.132217705,0.131628553,0.132166115,0.131463681,0.132171679,0.1315267,0.13203135,0.129746858,0.130265685,0.129933609,0.131083662,0.13005354,0.131989281,0.131364128,0.131146515,0.131885223,0.132034803,0.131821073,0.132103068,0.131589169,0.130670012,0.131725835,0.131860763,0.131878632,0.132104132,0.132300495,0.13218288,0.132535973,0.132197906,0.131378861,0.132874113,0.132770998,0.132719134,0.132332558,0.131387173,0.130128044,0.131027139,0.129519391,0.130601666,0.130986375,0.131819993,0.131518938,0.131155518,0.13198612,0.132071144,0.132395991,0.132584845,0.132496703,0.132050239,0.130937287,0.129983143,0.129658547,0.129933722,0.128947038,0.127480023,0.127751413,0.128520836,0.128160356,0.128704835,0.129009154,0.130202754,0.13006849,0.130759065,0.130432675,0.130638513,0.132718283,0.133561802,0.134596913,0.13470601,0.135663626,0.133865376,0.133387205,0.133447077,0.132972112,0.133564008,0.132497377,0.132677308,0.132402206,0.131066411,0.131401381,0.131262067,0.13215401,0.132962254,0.134627562,0.13439899,0.132828051,0.132865423,0.132455466,0.133193729,0.133129618,0.131652866,0.131046678,0.13125887,0.129739701,0.130378674,0.130316156,0.129886575,0.129794597,0.130208382,0.131826309,0.13205266,0.131528015,0.131134529,0.129339239,0.130545666,0.133112954,0.133153771,0.132334982,0.130712683,0.12902214,0.128816146,0.129430792,0.129629591,0.130479494,0.131303045,0.130423669,0.128363166,0.128184826,0.127664306,0.127529854,0.128075487,0.128367787,0.127817834,0.129160334,0.129382616,0.128649967,0.127464702,0.127167111,0.126275597,0.126896562,0.129630306,0.129041035,0.128008745,0.12853915,0.127996781,0.127713616,0.129231994,0.129475231,0.128837862,0.127481504,0.122699655,0.121150906,0.122070865,0.122550205,0.122867583,0.123288853,0.122943419,0.122933391,0.123582348,0.12414412,0.123681996,0.123573603,0.123985295,0.123270458,0.122031368,0.121378963,0.121716422,0.121917549,0.120895097,0.121909034,0.122713546,0.122950058,0.124063086,0.125170684,0.123135672,0.121234938,0.12014585,0.11634396,0.113929942,0.113573112,0.114738735,0.115715677,0.118720642,0.120739614,0.119669973,0.118383489,0.116681577,0.115491531,0.114462586,0.114098733,0.115018601,0.114138906,0.113949806,0.112935708,0.112697994,0.112911037,0.110088196,0.109153861,0.111459562,0.114269386,0.116228776,0.11845921,0.118221745,0.115561761,0.112858384,0.110772374,0.109597126,0.10859155,0.110715129,0.112207607,0.112929927,0.115011336,0.113919201,0.113071196,0.11154341,0.10751126,0.104960531,0.100932538,0.099096873,0.099638836,0.100422462,0.103391698,0.105464156,0.106152645,0.107628364,0.110270205,0.110464138,0.110609539,0.109663626,0.107465239,0.106203075,0.106137396,0.105421377,0.103342407,0.10233565,0.102668009,0.100019332,0.095873268,0.092733142,0.086151719,0.083912174,0.083926535,0.084671006,0.090446455,0.092688947,0.094216269,0.096243977,0.095374778,0.097118691,0.099551725,0.101172283,0.104016224,0.102703599,0.09826016,0.095122959,0.091300955,0.089615696,0.091370772,0.091721145,0.091148771,0.092962233,0.087613586,0.086079585,0.08859963,0.090738375,0.092729201,0.094477998,0.090777519,0.08480932,0.083563574,0.08447787,0.084126201,0.080833288,0.080746028,0.080182167,0.077986203,0.079861367,0.082644893,0.083466069,0.090143771,0.095320315,0.091650101,0.085087693,0.077045749,0.070152151,0.075578467,0.081750222,0.085580784,0.087057088,0.086596626,0.085252118,0.084611736,0.082663765,0.073327296,0.06723162,0.066675152,0.064594044,0.071721251,0.081980104,0.083383136,0.086436444,0.087042571,0.077220199,0.072818026,0.076151024,0.080934507,0.085442327,0.084193705,0.085224097,0.076904315,0.074419349,0.074513041,0.0643541,0.060632661,0.066461435,0.068033598,0.072843756,0.07558471,0.066826291,0.062076197,0.064389228,0.071934474,0.081738051,0.079189584,0.077057682,0.071464382,0.064066386,0.048860651,0.041563779,0.032406214,0.034217398,0.054933867,0.060157576,0.068984142,0.05929315,0.04681227,0.05152618,0.050564165,0.053276982,0.071873284,0.074334613,0.066321315,0.077419281,0.079949706,0.073279263,0.080484952,0.074026603,0.059189671,0.063528768,0.076218147,0.077405031,0.075523781,0.079457921,0.071552046,0.071338111,0.081698011,0.079916093
/data/asd/1/1549991090-00.asd,sp2_run8,72,60,72,0,40.2228,0,0.015949328,0.017950254,0.01383781,0.016469983,0.024223641,0.024438771,0.02387083,0.024203736,0.024296493,0.022479562,0.020417424,0.019210725,0.018449332,0.018209348,0.021145297,0.027201279,0.025932261,0.025050829,0.025094471,0.024693723,0.022565275,0.022935775,0.025393428,0.025159242,0.026858089,0.026738303,0.025362983,0.024820875,0.026294383,0.025485099,0.024052524,0.026361719,0.02656601,0.024761782,0.023653786,0.025723236,0.024470974,0.023914773,0.028303915,0.028479284,0.026630377,0.025961733,0.028129265,0.027765411,0.026919561,0.026802653,0.0276839,0.027221104,0.027442794,0.028032421,0.028983947,0.028325807,0.028825474,0.029468736,0.029028706,0.028283375,0.028500018,0.029270135,0.030260128,0.030047861,0.028948142,0.0294261,0.029712088,0.030467147,0.030604264,0.029498899,0.029265453,0.02998365,0.029270203,0.030354742,0.030982389,0.031136884,0.032058216,0.032029009,0.031525179,0.030422643,0.032074662,0.032390883,0.032358366,0.031856937,0.032703058,0.032365405,0.032101438,0.033022259,0.033159202,0.033333764,0.034406045,0.033892607,0.033763471,0.034247956,0.035161066,0.034458547,0.034042785,0.034284497,0.035529546,0.035014405,0.035153051,0.035949885,0.035003463,0.035399419,0.035989379,0.035542513,0.035757178,0.036226773,0.036737912,0.036522729,0.036958269,0.036950937,0.036545861,0.036966547,0.037180679,0.037209912,0.036742821,0.037198979,0.037532229,0.037621139,0.037440885,0.037715469,0.03767934,0.03748223,0.0379864,0.038094008,0.038222446,0.038860555,0.038701018,0.038681904,0.0388678,0.038748251,0.039358594,0.039703078,0.039516065,0.039580577,0.039728387,0.039947958,0.039854812,0.040204865,0.040321495,0.040295029,0.0401785,0.040567424,0.041216327,0.041277877,0.040945951,0.041231883,0.041539936,0.041371479,0.041955587,0.041926304,0.042031611,0.041944619,0.042130573,0.042404522,0.042516427,0.04280834,0.042745456,0.042722385,0.042960222,0.043329236,0.043710545,0.043757676,0.043446043,0.043626236,0.043936345,0.044300745,0.04464905,0.044545446,0.044621063,0.045194955,0.044929124,0.045142768,0.045427361,0.045603907,0.045633124,0.04556712,0.045762923,0.046424411,0.046343795,0.046370363,0.046861013,0.04709319,0.047101436,0.047344247,0.047213493,0.047297846,0.047502812,0.047521482,0.04774297,0.048032185,0.048150852,0.048420669,0.048507496,0.048709866,0.048838661,0.049015789,0.049259485,0.049479437,0.049646214,0.049571906,0.049639381,0.049832727,0.050012771,0.050029905,0.050101797,0.050104737,0.050019561,0.050186356,0.050304603,0.050492034,0.05077048,0.050854902,0.05100235,0.051166358,0.051413619,0.051791491,0.05199432,0.052040313,0.052089318,0.051956134,0.051893366,0.051929609,0.051889171,0.051848901,0.05192353,0.052033412,0.052064783,0.052298424,0.052450653,0.052678148,0.05265659,0.052742071,0.053029495,0.053136929,0.053038366,0.052961007,0.053004736,0.053146224,0.053043583,0.053244323,0.053484227,0.053514601,0.053520628,0.053445251,0.053359473,0.053339357,0.053507124,0.053668212,0.053843605,0.053828293,0.053694669,0.053714072,0.05380282,0.053725295,0.053847367,0.053871285,0.053770039,0.053929335,0.053914181,0.053807767,0.053785758,0.053918165,0.054052313,0.054084877,0.054033881,0.054004152,0.054038946,0.053967229,0.054002894,0.054088211,0.054201132,0.054157395,0.054126215,0.054154518,0.054262251,0.054338989,0.054293237,0.054152014,0.054151137,0.054145617,0.054158343,0.054178519,0.054240795,0.054339707,0.054315981,0.054366657,0.054314391,0.054374399,0.054424807,0.054519766,0.054556916,0.054503483,0.054531851,0.054583118,0.05460657,0.054597365,0.054617612,0.05458741,0.054531977,0.054506661,0.054533581,0.054630496,0.054770663,0.054650357,0.054574032,0.05459143,0.054592022,0.054548835,0.054643323,0.054530628,0.054492599,0.054463005,0.054428386,0.054436914,0.054423273,0.054420975,0.054359786,0.054304895,0.054473859,0.054559933,0.05449811,0.054533449,0.05450282,0.054563731,0.05468794,0.054611325,0.054541085,0.054659568,0.054710169,0.05466661,0.05494304,0.055041238,0.054982123,0.055012483,0.054857089,0.055018374,0.055238522,0.055128122,0.055159816,0.055186753,0.055404867,0.055505021,0.055528641,0.055709619,0.055610884,0.055756869,0.055941245,0.055770924,0.05587217,0.05613056,0.056028142,0.056128611,0.056277964,0.056259861,0.056402066,0.05644481,0.056413034,0.056561839,0.056466598,0.056717976,0.056807476,0.056542253,0.056682537,0.056905326,0.05688934,0.056987865,0.057025209,0.057111454,0.057284617,0.057201878,0.057297525,0.057468552,0.057383339,0.057530895,0.057563706,0.057598435,0.057800584,0.057780899,0.057796755,0.057995422,0.057981749,0.057990277,0.058167294,0.058143114,0.058166882,0.058309442,0.058452685,0.058681803,0.058666837,0.058651781,0.058722659,0.05877426,0.058850853,0.058969178,0.058963849,0.059059946,0.059219137,0.059287432,0.059484293,0.059504907,0.059614276,0.059677115,0.059611685,0.059796835,0.059983755,0.059918388,0.060060249,0.060214135,0.06028681,0.060370579,0.060324673,0.060413575,0.060556007,0.060493449,0.06067552,0.060741196,0.060655151,0.06093214,0.061080163,0.061028725,0.061123059,0.061128752,0.061331136,0.061437149,0.061316572,0.061649187,0.061748359,0.061674178,0.061892031,0.061858098,0.061890638,0.062058231,0.062015554,0.062135532,0.062288077,0.062479379,0.062488306,0.062577867,0.06253447,0.062679736,0.062672202,0.062745174,0.062940694,0.062933391,0.063019792,0.063190801,0.06320278,0.063489278,0.06348522,0.063423023,0.063642957,0.06361665,0.063570693,0.063716367,0.063675692,0.063850373,0.064143565,0.064091497,0.064027922,0.064046898,0.064144601,0.064174309,0.064325264,0.064394039,0.064505911,0.064351445,0.064417844,0.064636505,0.064817975,0.064962439,0.06482731,0.064682055,0.06503084,0.065144629,0.065175237,0.065303413,0.065060676,0.065276817,0.065569705,0.065263534,0.065576648,0.065482349,0.065508065,0.065612209,0.065489824,0.065590721,0.065765099,0.0657316,0.066065226,0.065794449,0.065768682,0.06585276,0.065809695,0.065966585,0.066145666,0.066116413,0.066276297,0.066272255,0.065907837,0.066233684,0.066525147,0.065950539,0.066212208,0.066082148,0.065887776,0.066466745,0.066459898,0.066602723,0.066687197,0.06669535,0.066652948,0.066893307,0.066534231,0.067086222,0.06681297,0.066545788,0.066463745,0.066790191,0.067297534,0.067280009,0.067164125,0.067304603,0.067299724,0.067182554,0.06799384,0.067557579,0.067300858,0.067631517,0.067493994,0.067768802,0.067459675,0.067850013,0.067667095,0.067568624,0.067932947,0.06806286,0.06846768,0.068289582,0.06797559,0.067808741,0.067956733,0.068395404,0.068178504,0.068373733,0.068257943,0.068468159,0.06839324,0.068402326,0.068470332,0.068375014,0.06852069,0.068834211,0.06877186,0.068658836,0.068497813,0.068922316,0.068954551,0.068939679,0.068867643,0.068805408,0.068970159,0.069252875,0.069334501,0.069587844,0.069469808,0.069717791,0.069726462,0.069581672,0.069562849,0.069845264,0.069738613,0.069355205,0.069578795,0.069925527,0.070335118,0.070198334,0.069840904,0.070246369,0.070252379,0.070190843,0.070706607,0.070672654,0.070533233,0.07116607,0.070665425,0.070958827,0.070768642,0.070408513,0.070971719,0.071075432,0.071448216,0.071736727,0.071093995,0.071406492,0.071682107,0.071684746,0.071755684,0.071306907,0.072045811,0.072099099,0.07165518,0.072203128,0.07212637,0.071601284,0.071668968,0.071491852,0.072171882,0.072626904,0.072081886,0.071958015,0.072095373,0.072263453,0.072841806,0.072620951,0.072543127,0.072797755,0.072061419,0.072846206,0.073688727,0.072995592,0.073956061,0.073900007,0.073105756,0.074395722,0.073504678,0.073714647,0.07446507,0.073133524,0.074141356,0.073894458,0.072440291,0.073629011,0.073706582,0.074191665,0.074974432,0.074080056,0.075012625,0.075040948,0.074286293,0.075543018,0.074136497,0.074082383,0.075985405,0.074636623,0.075320842,0.0766096,0.075029121,0.075526925,0.075162228,0.074620263,0.075577849,0.075476149,0.076385126,0.075987657,0.076346579,0.076806608,0.076823507,0.076604028,0.07673385,0.076618238,0.076950645,0.078095861,0.078292392,0.078182894,0.078022773,0.077227532,0.077032804,0.077562205,0.077523381,0.077100337,0.077073911,0.077703724,0.077996373,0.077968136,0.078469191,0.078506923,0.077663522,0.077637832,0.078407882,0.078557078,0.078668943,0.078880534,0.079238745,0.079349634,0.079501754,0.079230926,0.079247655,0.079404026,0.079528555,0.079715397,0.079721718,0.07961064,0.079746229,0.080201549,0.080155786,0.079722449,0.079659697,0.079830878,0.079745878,0.0798727,0.080055623,0.079927153,0.079931483,0.080135887,0.079948314,0.079906242,0.080246683,0.080425375,0.080831267,0.080884947,0.080683213,0.080529435,0.080332899,0.080354268,0.080716072,0.080889702,0.080695669,0.080582143,0.080363985,0.080266939,0.080406484,0.080452832,0.080393052,0.080274198,0.080140562,0.080028094,0.080090234,0.080151362,0.080174274,0.080321114,0.080558536,0.080724189,0.080635588,0.080604953,0.080778183,0.08055027,0.080481055,0.080537758,0.080277259,0.080513997,0.080880406,0.080943538,0.08094823,0.080987642,0.080882217,0.08083754,0.080651519,0.08073584,0.08067309,0.080533229,0.08066324,0.080564107,0.080462508,0.080530263,0.080613656,0.080902622,0.081088733,0.08101237,0.081111279,0.081278502,0.081294865,0.081045689,0.081094912,0.081060975,0.081112713,0.081734375,0.082096657,0.082111324,0.082236028,0.082155733,0.082033344,0.082133893,0.081837847,0.081779987,0.08170416,0.081785049,0.08163139,0.081866025,0.082201736,0.082374717,0.082535523,0.082730897,0.082576099,0.082476621,0.082594193,0.082748754,0.082829702,0.082812482,0.082852921,0.082848174,0.082702273,0.08267619,0.082854797,0.082820802,0.082731561,0.082855794,0.082871096,0.082625667,0.082355474,0.082282624,0.082379318,0.082291066,0.082309529,0.082268657,0.08226284,0.082204747,0.082181423,0.082132022,0.082092037,0.081924619,0.082042965,0.082468233,0.082427124,0.082383958,0.082359014,0.082041738,0.081790301,0.081919502,0.081817456,0.081602068,0.081686418,0.081874892,0.081930617,0.081965516,0.082016018,0.08200964,0.081831086,0.081957225,0.082167482,0.082221726,0.082414715,0.082506533,0.082459698,0.082475499,0.082665201,0.082705856,0.082611654,0.08259293,0.08237624,0.082170588,0.082221611,0.082355368,0.082415834,0.082615127,0.082777861,0.082841787,0.082948553,0.083030662,0.083095809,0.083197131,0.08331934,0.083654152,0.08385991,0.083621181,0.083790965,0.083882346,0.083745913,0.083902384,0.084115032,0.08414139,0.084188672,0.084245335,0.084343891,0.084352378,0.084338658,0.084547308,0.084805513,0.084991756,0.085176902,0.085365488,0.085528955,0.085669193,0.0856822,0.085895292,0.085895395,0.085946455,0.086084112,0.086146878,0.086129915,0.086284711,0.086293126,0.086272936,0.086358224,0.086576099,0.086628049,0.086766676,0.086900693,0.086942469,0.087031289,0.087257182,0.087343365,0.08737417,0.087348899,0.08732249,0.087291924,0.087422739,0.087523952,0.087678843,0.087889678,0.087970658,0.087961687,0.088062928,0.088084478,0.088169811,0.088418783,0.088452484,0.0883934,0.088448291,0.088557739,0.088574985,0.088788436,0.088831247,0.088786865,0.088736242,0.088596853,0.088765574,0.088821949,0.088874098,0.08896888,0.089107834,0.089101208,0.088945195,0.088930524,0.0888391,0.088894045,0.089114973,0.089281672,0.08950317,0.089586379,0.089516894,0.089555939,0.089648893,0.089668207,0.089819071,0.089872331,0.089943013,0.089723522,0.089725268,0.089757371,0.089723852,0.089648151,0.089732532,0.089806703,0.089927161,0.090343484,0.090449842,0.090385883,0.090305119,0.089987656,0.089886385,0.089839202,0.089853806,0.089991366,0.090077811,0.090316705,0.090417722,0.090374721,0.090382549,0.090357184,0.090324072,0.090309774,0.090284831,0.090306127,0.090279052,0.090306839,0.090436839,0.090456684,0.090376176,0.09038322,0.090467844,0.090457742,0.090405354,0.090386563,0.090338412,0.090205807,0.089978913,0.0898627,0.089725859,0.0896973,0.089923753,0.090026894,0.090258567,0.090297244,0.090172569,0.090096261,0.090095224,0.090031503,0.090001531,0.090101909,0.090074574,0.089891625,0.089907503,0.09005439,0.09009575,0.090214049,0.090165302,0.090002331,0.089847909,0.089583619,0.089496713,0.08944075,0.089360428,0.0892936,0.089207732,0.0891236,0.089045332,0.08887004,0.088807731,0.088758542,0.088763996,0.088685732,0.088662523,0.088626304,0.088456183,0.088332396,0.08821976,0.088184499,0.088236998,0.088190595,0.088238825,0.08812955,0.087863033,0.087668527,0.087443127,0.087269429,0.08706732,0.086835225,0.086672886,0.086298599,0.085723434,0.085276711,0.084751674,0.084228629,0.083978982,0.083533903,0.082957967,0.082315275,0.08160156,0.080741955,0.080028762,0.079294194,0.078589753,0.078024359,0.077245884,0.076279545,0.075511897,0.074763785,0.073861625,0.072992068,0.072185446,0.07114521,0.070269449,0.069698529,0.06887326,0.067854735,0.06708706,0.066180036,0.06549191,0.065110553,0.064475934,0.063646105,0.063028996,0.062352422,0.061771499,0.06141551,0.060981734,0.060441327,0.060075741,0.059726579,0.059412381,0.059156082,0.058894293,0.058582976,0.058267586,0.058002575,0.057711863,0.057521016,0.057453896,0.057232629,0.056956309,0.056754967,0.056366174,0.056227191,0.056224821,0.056137522,0.056048193,0.055913435,0.055811739,0.055690269,0.055472858,0.055307945,0.055110162,0.055017972,0.05504392,0.055041213,0.055147832,0.055210859,0.05517372,0.055095527,0.05511796,0.055137892,0.05517235,0.055365203,0.05542774,0.055477742,0.055625635,0.055631283,0.055821683,0.05612474,0.056280613,0.05641132,0.056505626,0.056471653,0.056613011,0.056729078,0.056855729,0.057115091,0.057240814,0.057277884,0.057465709,0.05765688,0.057869745,0.058259676,0.058443667,0.058568196,0.058799807,0.05902974,0.05932614,0.059835359,0.060148443,0.060295587,0.060522563,0.060697748,0.060952063,0.061306406,0.061567901,0.061829697,0.061992098,0.062206043,0.062484922,0.063011093,0.063351297,0.063625823,0.063925305,0.064000079,0.064048787,0.064436935,0.064955939,0.065397119,0.06585355,0.066287121,0.06657635,0.06699373,0.067425826,0.067850273,0.068198784,0.068526789,0.068722373,0.069084763,0.069461695,0.069807106,0.070123878,0.070440945,0.070577556,0.070871892,0.071266528,0.071561077,0.071829848,0.072127567,0.07228443,0.072478974,0.072768901,0.073149257,0.073433899,0.073774852,0.074083963,0.074561144,0.075081881,0.07534644,0.07567529,0.075931001,0.075941848,0.076156389,0.07663157,0.076912306,0.077208226,0.077452055,0.077422057,0.077633165,0.077857802,0.078075173,0.07853763,0.078767885,0.079001547,0.07916781,0.079365588,0.07965187,0.080155825,0.08053092,0.080714126,0.080984015,0.081112837,0.081300241,0.081780357,0.082002412,0.082054015,0.082159906,0.082344699,0.082334137,0.082654484,0.083201328,0.083335842,0.083496219,0.083713417,0.083691847,0.084013659,0.084578403,0.084820297,0.085040376,0.085311121,0.085522838,0.085761579,0.086188099,0.086379567,0.086550122,0.086656693,0.086743499,0.086932665,0.087259723,0.087487071,0.087767882,0.08793152,0.087947915,0.088184899,0.08839435,0.088623042,0.088950592,0.089172216,0.089262366,0.08945574,0.08960611,0.089774209,0.090104066,0.090344724,0.090453089,0.090584013,0.090772346,0.091000965,0.091079582,0.091303264,0.09153075,0.091805148,0.092153702,0.092310868,0.092335016,0.092356966,0.092329897,0.092415634,0.092546525,0.092732311,0.093056775,0.09312923,0.093191654,0.09347869,0.093783235,0.093870928,0.094052935,0.094224654,0.094084056,0.094151946,0.094448803,0.094677233,0.094930332,0.095039419,0.095056159,0.09503141,0.094858791,0.095013112,0.095276039,0.095478875,0.095722213,0.095830509,0.095729012,0.095822392,0.095938428,0.096009276,0.096132159,0.096301483,0.09628383,0.09636596,0.09661959,0.09677307,0.09672883,0.096640288,0.096453948,0.096590336,0.096914317,0.097019723,0.097224321,0.097316327,0.097164984,0.097138263,0.09709702,0.097037259,0.097173992,0.097197592,0.097099008,0.097132754,0.09714916,0.097301093,0.097607895,0.097751613,0.097853298,0.097898652,0.097973984,0.098120646,0.098220226,0.098248697,0.098349172,0.098443814,0.098382587,0.098304917,0.098259658,0.09828021,0.098407997,0.098514213,0.098709658,0.098704618,0.09860221,0.098525098,0.098234771,0.098306031,0.098514944,0.098744837,0.099208563,0.099202632,0.099087502,0.098909886,0.098660469,0.098619404,0.098824808,0.098997177,0.099340477,0.099321823,0.09894526,0.098831909,0.098789684,0.098790617,0.099004588,0.099300923,0.099087288,0.098927397,0.099073559,0.098945287,0.099148926,0.099583235,0.099707677,0.099545404,0.099523958,0.099212345,0.098969622,0.099103021,0.099056889,0.099334675,0.099662408,0.099369267,0.099166984,0.098788347,0.098700765,0.098744209,0.098796847,0.098756707,0.098635553,0.098364352,0.098323566,0.098219037,0.098153997,0.098060115,0.09775819,0.097500053,0.097423086,0.097451442,0.097388999,0.097218614,0.097093612,0.096755582,0.096612575,0.096375429,0.096312559,0.096175059,0.096219794,0.096491989,0.096292065,0.09600816,0.095616315,0.095219603,0.095204663,0.095199331,0.095072746,0.094804013,0.09464484,0.09458708,0.094423059,0.094264312,0.094078355,0.093638959,0.093303735,0.09300376,0.09282124,0.092808607,0.092720945,0.092439467,0.092312017,0.092178081,0.092257065,0.092191643,0.091869485,0.091467391,0.091259311,0.091189521,0.091182197,0.091142009,0.091095415,0.09086332,0.090546224,0.090512419,0.09046266,0.090335448,0.09059549,0.090451095,0.09014528,0.090211087,0.090228518,0.090109425,0.090148914,0.090197842,0.090321502,0.090376088,0.090299942,0.090104577,0.089882546,0.089952311,0.090121421,0.089723047,0.089893,0.090019677,0.089622136,0.089721606,0.09017076,0.089860966,0.089802505,0.089944745,0.089275602,0.089290797,0.089414583,0.090328185,0.090525856,0.090996635,0.09117495,0.090578274,0.090514873,0.090660383,0.090473512,0.090538034,0.090774818,0.090787746,0.090089358,0.090094709,0.090245085,0.090351736,0.090551163,0.091163248,0.091472678,0.091505475,0.091168702,0.090854742,0.090803461,0.090311018,0.090226857,0.090414691,0.090408061,0.090624103,0.090911776,0.090917486,0.091078988,0.091040829,0.091266415,0.091294505,0.091314136,0.091256478,0.090961864,0.090361972,0.090233276,0.090096052,0.089629734,0.089861281,0.089584373,0.088738695,0.088597076,0.088232914,0.088118858,0.087809246,0.087865318,0.088032975,0.087599784,0.087340169,0.087181206,0.086680444,0.086008711,0.086056757,0.085926776,0.085259999,0.084780637,0.084401421,0.083589399,0.08266348,0.08173867,0.080587557,0.07935098,0.077693265,0.076539095,0.075366183,0.074771882,0.073819055,0.07322576,0.071882566,0.070647686,0.069239516,0.067625464,0.066620979,0.065189648,0.063953037,0.062830247,0.061589341,0.059991958,0.058234839,0.056607895,0.055144595,0.053866198,0.052831586,0.051492569,0.050362796,0.048681172,0.047387349,0.046185194,0.044998737,0.044389773,0.043908731,0.043470559,0.042558332,0.041377699,0.040487925,0.039200652,0.037604338,0.036929129,0.036581704,0.036320227,0.036093004,0.035424846,0.034951958,0.033876462,0.032715531,0.032160563,0.032242207,0.031967166,0.03158266,0.031578107,0.031111932,0.030750866,0.03041535,0.030225636,0.029935076,0.029839015,0.029842622,0.030051616,0.030225601,0.030265594,0.029942445,0.029627339,0.029697278,0.03011666,0.030395567,0.030469291,0.030167714,0.029985137,0.029749286,0.02945753,0.029093935,0.028851827,0.028555607,0.02856215,0.028705368,0.028584413,0.028746028,0.028688024,0.028640976,0.029150294,0.029247503,0.02931638,0.029278167,0.029092266,0.028700546,0.028642933,0.028492545,0.028633707,0.029185007,0.029464611,0.029738913,0.029930906,0.030073015,0.030198966,0.03031314,0.030317149,0.030356712,0.030502283,0.030421189,0.030614086,0.030923399,0.031273503,0.031517805,0.031763348,0.032136578,0.032144259,0.031873178,0.031816078,0.031682664,0.031651145,0.032091677,0.032665156,0.032936879,0.033367963,0.03371723,0.033865491,0.034227685,0.035066828,0.035352399,0.035340447,0.035397231,0.035134573,0.035236506,0.035537539,0.036026,0.036471107,0.036656568,0.03662934,0.03652566,0.0367596,0.037029074,0.03759214,0.038622867,0.039441694,0.040309615,0.041128374,0.041097272,0.041073324,0.04067112,0.040037859,0.040152679,0.040495243,0.040691389,0.041228561,0.041716899,0.042148007,0.042631846,0.043282352,0.043886876,0.044003724,0.043924449,0.044627678,0.044933158,0.0449911,0.045601982,0.045850171,0.04574283,0.045957529,0.046402703,0.046794731,0.047230798,0.047328375,0.047400417,0.047545299,0.047413983,0.047869357,0.048357005,0.049093641,0.049376617,0.049213776,0.04930893,0.049078084,0.04907086,0.049595432,0.050082686,0.050806089,0.051127396,0.051394961,0.051138751,0.050920075,0.050939044,0.051096202,0.051036658,0.051160865,0.050779497,0.051419558,0.053003534,0.053547644,0.054381008,0.054703484,0.054002233,0.053938377,0.054688409,0.054415503,0.054304908,0.054503059,0.054151329,0.054303658,0.054923489,0.05612172,0.056688546,0.057742919,0.058082227,0.058257637,0.058135513,0.058037957,0.058166127,0.058415362,0.058818622,0.058757821,0.058904992,0.059084661,0.059123113,0.059430575,0.059927431,0.059833874,0.059621536,0.059771573,0.05975915,0.05997917,0.060240555,0.060413789,0.060951812,0.061372663,0.061625291,0.060940742,0.060747984,0.060418384,0.060045979,0.060710656,0.060867309,0.060903049,0.061153817,0.061303899,0.061160519,0.061229997,0.061589905,0.06185024,0.062223231,0.06298345,0.063341923,0.064019065,0.064566358,0.064759742,0.064776295,0.065078855,0.064782013,0.064728576,0.065160212,0.065443289,0.065861302,0.066328757,0.067664441,0.068152072,0.068141001,0.068323078,0.068193067,0.068099215,0.06815456,0.068308223,0.068131043,0.067735086,0.067139493,0.067151881,0.066966207,0.067697675,0.068152905,0.067773229,0.068475252,0.06798376,0.067799686,0.068650479,0.068912224,0.069282692,0.069453915,0.068479106,0.068531087,0.068667534,0.069306783,0.070156457,0.070025773,0.069550953,0.069330028,0.069672143,0.069611311,0.069928655,0.069647819,0.069538266,0.070141287,0.070536713,0.070910937,0.071360131,0.071102191,0.071555065,0.070880027,0.071180502,0.070257596,0.070966606,0.070686428,0.070720846,0.069827075,0.070037769,0.069532707,0.069657691,0.070400494,0.07119987,0.071406824,0.071799796,0.071802453,0.071513279,0.072139102,0.07283869,0.072634734,0.071454994,0.071015828,0.070064138,0.070071422,0.071146572,0.0708672,0.071370327,0.07110371,0.070397302,0.068724938,0.06797707,0.06750577,0.068541819,0.068879516,0.070015536,0.071168565,0.071818901,0.070827753,0.070510244,0.071269049,0.070871576,0.070288907,0.070259859,0.069908913,0.069656545,0.070101844,0.069942498,0.069336366,0.069628764,0.069232704,0.069714438,0.070236773,0.070674863,0.070326548,0.06944039,0.069931075,0.070533393,0.070169364,0.07076886,0.070158159,0.069001833,0.069950554,0.070392152,0.071283631,0.073039823,0.073552445,0.071458331,0.071097008,0.070222388,0.070045547,0.07194824,0.071988483,0.072601876,0.07271459,0.072239847,0.072433922,0.071759009,0.072317217,0.071786442,0.071116518,0.07054377,0.06885657,0.069209182,0.070086083,0.070521826,0.070378451,0.070488324,0.070516474,0.070976566,0.071408124,0.072208359,0.071353702,0.071019352,0.071121666,0.071136713,0.071842962,0.071716476,0.070943129,0.069936847,0.068280082,0.067781473,0.067005292,0.066578204,0.066408097,0.065692939,0.065944614,0.066114807,0.065956773,0.065438214,0.066133919,0.067391793,0.069260985,0.07033271,0.070768907,0.069921225,0.068736953,0.067937162,0.067886247,0.069190341,0.070240823,0.07037038,0.07033574,0.069194398,0.068458367,0.068616508,0.069199235,0.070378033,0.070487987,0.071229353,0.072027305,0.072758647,0.0725097,0.072262669,0.071548677,0.069322739,0.068332857,0.06655423,0.065643202,0.066522123,0.066578007,0.065838587,0.065433043,0.064245688,0.064388371,0.065137185,0.066629273,0.070200442,0.071445678,0.072703706,0.07085056,0.067693707,0.064420045,0.063263618,0.063001835,0.062294363,0.063293063,0.063528572,0.064130137,0.065860488,0.066672706,0.064848099,0.063279011,0.062829173,0.060687673,0.060221087,0.060999502,0.059457665,0.060309678,0.062044646,0.061342706,0.061767626,0.062128888,0.062022208,0.061870471,0.06203816,0.060890217,0.060154979,0.061132678,0.059170226,0.056863965,0.057152029,0.057089364,0.057748054,0.059972494,0.061046606,0.062096204,0.062854929,0.06373477,0.064810805,0.063041885,0.061445022,0.059964408,0.057691293,0.056247248,0.054385469,0.053124933,0.052929884,0.053829875,0.054217231,0.058141828,0.059109855,0.058337129,0.05725936,0.052788968,0.051593411,0.050777171,0.052702425,0.060014362,0.062652592,0.063974932,0.064136899,0.060775381,0.058687828,0.055701805,0.054200419,0.053943219,0.05411867,0.057618641,0.058034748,0.055980003,0.054441756,0.050395817,0.050446224,0.053460909,0.055168571,0.059193336,0.058901278,0.054509256,0.054057632,0.055111826,0.05471619,0.056400083,0.056244543,0.052820158,0.051452076,0.050178479,0.049334303,0.048861327,0.047755613,0.048434408,0.048384052,0.047340242,0.045838565,0.043335818,0.040305431,0.042560572,0.045617372,0.044498495,0.044139682,0.040364554,0.038004072,0.038466827,0.037785887,0.039720132,0.041492948,0.043407653,0.049231558,0.05312715,0.05365305,0.056048985,0.054618192,0.052562767,0.054364233,0.052233351,0.048509848,0.04670053,0.046996631,0.04773817,0.047434111,0.04850151,0.04358187,0.041214174,0.037469808,0.031582137,0.034822326,0.037497199,0.044221933,0.050646278,0.050486524,0.047827271,0.046760163,0.049748702,0.045324647,0.039211676,0.033138463,0.027417127,0.031200141,0.036675159,0.042581785,0.043281778,0.041192777,0.041139586,0.036007263,0.034903609,0.039528913,0.045012204,0.055091686,0.058708011,0.056229413,0.051253054,0.046192993,0.040181291,0.040443076,0.037090447,0.036108501,0.037485255,0.032323937,0.039958108,0.041551803,0.047455803,0.048610564,0.041238682,0.040162102,0.042256897,0.037087257,0.033029119,0.023031321,-0.001355831,-0.002495828,0.006008718,0.013146926,0.019516583,0.013849947,0.014738041,0.024223222,0.035200519,0.047576415,0.051153298,0.05044891,0.046921284,0.034692925,0.03249541,0.030759532,0.026056896,0.023492621,0.011482586,-0.003077423,0.000525463,0.013971175,0.025294952,0.048611589,0.05157519,0.038491443
/data/asd/1/1549991101-00.asd,sp2_run8,72,40,72,0,40.2228,0,0.049846528,0.048674546,0.052833952,0.055572285,0.055583367,0.054539194,0.056912208,0.058077307,0.058196331,0.057634834,0.056792387,0.056357455,0.0569421,0.052172017,0.055908999,0.058432041,0.054939103,0.055881439,0.056504655,0.055694789,0.0532585,0.053531162,0.054673446,0.054846671,0.056560741,0.058373805,0.056982646,0.056475821,0.056110674,0.056678328,0.058213543,0.060221947,0.059144101,0.058914621,0.058258467,0.060727305,0.057462728,0.056331502,0.061022664,0.05989985,0.059357798,0.059626944,0.060699995,0.060456602,0.061959805,0.063435781,0.060982474,0.060966464,0.062180734,0.061812282,0.061771096,0.062592245,0.063480977,0.063421616,0.062823985,0.062550579,0.063775773,0.065341066,0.065052755,0.064710032,0.064395408,0.065944607,0.066661256,0.066285912,0.065942367,0.065744545,0.065866463,0.066968624,0.066258736,0.06688416,0.06737976,0.067764333,0.068366303,0.068607604,0.069264759,0.068934326,0.069892307,0.069943658,0.069923916,0.070108095,0.070571269,0.070920282,0.07155143,0.072778963,0.073046199,0.073005692,0.073899618,0.073665432,0.073184586,0.073543682,0.074905155,0.074828221,0.075105119,0.075459227,0.076039634,0.075823013,0.07618973,0.076966045,0.076729516,0.077332827,0.077866945,0.077647776,0.078275177,0.07887073,0.079273854,0.079127664,0.079445058,0.079900513,0.080062626,0.08035386,0.080321528,0.08048728,0.080992695,0.081253103,0.081291106,0.081851307,0.082245646,0.082583109,0.082696869,0.0828818,0.083355096,0.08351307,0.083704851,0.083846058,0.084141375,0.084309749,0.08442606,0.084682528,0.085488114,0.085596533,0.08557665,0.085922491,0.086347151,0.086529692,0.086552699,0.087071473,0.087240067,0.087414557,0.087746059,0.087932426,0.088305688,0.0888009,0.089122175,0.089393801,0.089436919,0.089847255,0.09062963,0.09060169,0.090667808,0.091605627,0.092219582,0.092326301,0.0924783,0.092752214,0.093260542,0.094008056,0.094257675,0.094540371,0.09494667,0.095256897,0.095353458,0.095760301,0.096169536,0.096571747,0.096766926,0.096921847,0.097478171,0.097890625,0.097874833,0.09830809,0.098603786,0.099140034,0.099374367,0.099372413,0.099933275,0.100429122,0.100623556,0.100856816,0.101465644,0.101976479,0.102230956,0.102533845,0.102895903,0.103213566,0.103495366,0.103620084,0.104193863,0.104699876,0.104756649,0.105259248,0.105458638,0.105973336,0.106391949,0.106407901,0.106779284,0.107295919,0.107252085,0.107434913,0.107829722,0.108268734,0.108612825,0.108714717,0.108835269,0.109405654,0.109606997,0.109871027,0.109966675,0.110406978,0.11082151,0.111087329,0.111334322,0.111692764,0.11207171,0.11234728,0.112496684,0.112848055,0.11303038,0.113231741,0.113390513,0.113679304,0.113828246,0.113625705,0.113485426,0.113699397,0.113799773,0.113961052,0.114055256,0.114323357,0.114514648,0.114545972,0.114835881,0.115092911,0.115293673,0.115449333,0.115504629,0.115613137,0.115583192,0.115571232,0.115658674,0.115613698,0.115713126,0.115585623,0.115644197,0.115823585,0.115883216,0.115875451,0.11604608,0.116195232,0.116179144,0.116237681,0.11634313,0.116603575,0.116723342,0.116566329,0.116473921,0.116626091,0.116699033,0.116704683,0.116641556,0.116857783,0.116938533,0.116793292,0.116761189,0.116892673,0.117075833,0.116982549,0.117022657,0.117121051,0.117134983,0.117131021,0.117046156,0.11701798,0.117098096,0.117190711,0.117266464,0.117243244,0.117239904,0.117274653,0.117287551,0.117283169,0.117293682,0.117251594,0.11724779,0.117515442,0.117452014,0.117448829,0.1173936,0.117387073,0.117437614,0.117412109,0.117489166,0.117470346,0.117581214,0.117619147,0.117464377,0.117568244,0.117670489,0.117645493,0.117598513,0.117538456,0.117482826,0.117385203,0.117394076,0.117402719,0.117366414,0.117422972,0.117487797,0.117316094,0.11719682,0.117090062,0.117097932,0.117207193,0.117252611,0.117056578,0.116962839,0.116980905,0.116917294,0.117056863,0.11709226,0.117145492,0.117125078,0.117145806,0.117260146,0.1172154,0.117250336,0.117355015,0.117369675,0.117551725,0.117711816,0.117740522,0.117987987,0.118000791,0.118092018,0.118430204,0.118414988,0.118384071,0.118635423,0.118643926,0.118712259,0.119030453,0.119124057,0.119148891,0.119253857,0.119525297,0.119719473,0.119707691,0.119729428,0.120129561,0.120270844,0.120173593,0.120214995,0.120382544,0.120683427,0.120708326,0.120758921,0.12097348,0.120901287,0.121328262,0.121509319,0.12118947,0.121421117,0.121819953,0.121970336,0.122028616,0.122251322,0.122281322,0.122418625,0.122478898,0.12248436,0.122801459,0.123016866,0.123101378,0.123258637,0.123359811,0.123425507,0.123554045,0.123677132,0.123828889,0.123740321,0.123951027,0.124269925,0.124252605,0.124467163,0.124652335,0.124757377,0.125017703,0.125046893,0.125186389,0.125357375,0.125313633,0.125517604,0.125720308,0.125795557,0.126023946,0.126186237,0.126402147,0.126771572,0.126844438,0.126996255,0.127058129,0.127093189,0.127241225,0.12748484,0.127616538,0.127889127,0.12814927,0.128188802,0.128160828,0.12827006,0.128421964,0.128627332,0.128553893,0.128928196,0.128956502,0.128879026,0.129281101,0.129334678,0.129360576,0.129581891,0.129672389,0.129911923,0.130098903,0.130186735,0.130495669,0.130467581,0.130486235,0.130846534,0.131031252,0.131181076,0.131327924,0.131480689,0.131606024,0.131672931,0.131903121,0.131971511,0.132290885,0.132307292,0.132582725,0.132424805,0.132467054,0.132761451,0.132877913,0.1330887,0.133475202,0.133479352,0.133614957,0.13361512,0.133681783,0.133998226,0.134064519,0.134014244,0.134106187,0.133917045,0.134198711,0.134678322,0.134562514,0.134474837,0.13456647,0.134891905,0.134864107,0.135065836,0.135155045,0.135113816,0.134938746,0.135125979,0.135439693,0.135683763,0.135721564,0.135579873,0.135473258,0.136044709,0.136134843,0.13611151,0.136239153,0.135855262,0.136205115,0.136750915,0.136166343,0.136640178,0.136479738,0.136542441,0.136793117,0.136620452,0.136681218,0.136761246,0.136626731,0.13716278,0.136816382,0.137062484,0.136736963,0.136694202,0.137100947,0.137104726,0.136976295,0.137275365,0.137591246,0.137105859,0.137036136,0.137660769,0.136723203,0.137114869,0.137200779,0.136445205,0.13729791,0.137325892,0.137210133,0.13746513,0.137888103,0.137491147,0.137827045,0.137264661,0.138174257,0.137854944,0.137021339,0.136392612,0.137248466,0.138274238,0.138139621,0.137869522,0.137803495,0.137786691,0.137837175,0.139132671,0.138491892,0.138030095,0.138435155,0.138184994,0.138339009,0.138018222,0.13872522,0.137665686,0.137663083,0.138751079,0.138566868,0.13909736,0.139078238,0.138707225,0.138519247,0.138649725,0.139201258,0.138587096,0.13888584,0.138840641,0.138942174,0.138705585,0.138912937,0.138891238,0.138830622,0.138845721,0.138835444,0.138981583,0.139026705,0.138726904,0.139255293,0.139127141,0.139567569,0.139670423,0.139501844,0.139140007,0.139816173,0.139973228,0.140105177,0.139915431,0.139843189,0.140016795,0.140153534,0.140202005,0.140295419,0.140276399,0.140481615,0.140540369,0.140458463,0.14053203,0.140315825,0.140626171,0.141081866,0.140876916,0.141072838,0.141142838,0.141136339,0.141122222,0.141547054,0.141294378,0.141389334,0.141236155,0.141320014,0.14151396,0.141518481,0.142082601,0.142401783,0.141727055,0.141805011,0.142084734,0.1417844,0.142009989,0.141938484,0.142709163,0.143061732,0.142242476,0.142842515,0.142849611,0.141832377,0.142294565,0.142518863,0.143011447,0.14264257,0.142583632,0.142820637,0.142856513,0.142913927,0.143432601,0.143290734,0.142897684,0.143441695,0.143081253,0.143800367,0.143804858,0.142909835,0.144253135,0.144527329,0.144133885,0.144700949,0.143628208,0.144341299,0.145755122,0.144184351,0.14493662,0.145379159,0.144427903,0.14652019,0.145281478,0.144524419,0.145482428,0.144862887,0.145243143,0.145305783,0.144847421,0.146535914,0.145074557,0.144796911,0.147283571,0.146206557,0.145544594,0.146063433,0.146216548,0.146734406,0.14642158,0.146366423,0.147607572,0.146707859,0.147722539,0.147482827,0.147765019,0.14789041,0.147874134,0.147580697,0.147620849,0.147662572,0.147764712,0.1483057,0.148417226,0.148169309,0.148159687,0.148227547,0.148379334,0.14860238,0.148979611,0.149616857,0.149837671,0.149623941,0.14969714,0.149920122,0.150171633,0.150143489,0.150260918,0.150321258,0.150089153,0.150134236,0.150929428,0.151174691,0.150859729,0.151054058,0.152089956,0.152012454,0.151768023,0.152211716,0.151742897,0.151228903,0.150871679,0.151004533,0.15075751,0.150139142,0.150165972,0.150451942,0.15064366,0.151563927,0.152043475,0.152071536,0.151964062,0.151733313,0.151556583,0.151547443,0.15147775,0.15149657,0.151744162,0.151838596,0.151727297,0.15184254,0.15239279,0.152406741,0.152507469,0.152690675,0.152280276,0.152127144,0.15212267,0.152299514,0.152413413,0.15245836,0.152816615,0.152975937,0.153362422,0.153642662,0.153788088,0.153661085,0.153706044,0.153401992,0.153481441,0.153437006,0.15337621,0.153612931,0.153735302,0.154153808,0.154418657,0.154561815,0.154520089,0.154421109,0.154412652,0.154378677,0.154333671,0.154283425,0.154291997,0.154322991,0.154414499,0.154557805,0.154835692,0.155202962,0.155196515,0.154969669,0.15484598,0.154637083,0.154776202,0.155231397,0.155532786,0.155577048,0.155616412,0.155545793,0.155485609,0.155403975,0.155396347,0.155307672,0.155349129,0.155191155,0.155158505,0.155334624,0.155563688,0.15612389,0.156292924,0.156366008,0.156336448,0.156006712,0.155908208,0.155767079,0.155611034,0.155376058,0.155450658,0.155629556,0.155674955,0.155824311,0.155838221,0.156166105,0.156315698,0.156290372,0.1563934,0.156339002,0.156213932,0.156359426,0.156442222,0.156247048,0.156323592,0.156355646,0.156447762,0.156302521,0.156102213,0.156043866,0.155901091,0.155779996,0.155801018,0.155702834,0.155533016,0.155558931,0.155512474,0.155454042,0.155655144,0.155728106,0.155726679,0.15575915,0.155722409,0.155598093,0.155616165,0.155625692,0.155720146,0.156185737,0.156367854,0.156397803,0.15638864,0.156113782,0.155967601,0.155954545,0.155960424,0.156048187,0.156212274,0.156008013,0.156191925,0.156281445,0.156337459,0.156558023,0.156960552,0.157046649,0.157176509,0.157299909,0.157313311,0.15733615,0.157629087,0.157760412,0.157990223,0.158321894,0.158505534,0.158478028,0.158336745,0.158310695,0.158249856,0.15844895,0.158618947,0.158716513,0.158902836,0.159067962,0.159051656,0.159091067,0.159124572,0.159275368,0.15925175,0.159484523,0.159899008,0.159793924,0.159911559,0.160167029,0.160154626,0.160505344,0.160769403,0.160987226,0.161359878,0.161420374,0.161451537,0.161689966,0.161720079,0.161827614,0.161989994,0.162134078,0.162084406,0.162135058,0.162056523,0.162288953,0.162380327,0.16244393,0.162519619,0.162766479,0.162890395,0.163039309,0.163081671,0.163208827,0.163339621,0.163534718,0.163573533,0.163634087,0.163661497,0.163678837,0.163880552,0.164343031,0.164539442,0.164697543,0.164565908,0.164623881,0.164780136,0.16490066,0.164996085,0.165072384,0.165174631,0.165425023,0.166047989,0.166220617,0.166130838,0.166189483,0.165989214,0.166114843,0.166768864,0.167009262,0.166952292,0.167038031,0.167012065,0.167035974,0.167537425,0.167727027,0.167663727,0.167810249,0.16801151,0.168194537,0.168388668,0.168606631,0.168737072,0.168570647,0.168740158,0.16906821,0.169186035,0.169395017,0.169569796,0.169499601,0.169592774,0.1697443,0.169886819,0.170157061,0.170264547,0.170349312,0.170494154,0.170555805,0.170548421,0.170617155,0.170587697,0.170647073,0.170720888,0.170907088,0.171097129,0.171332794,0.171698564,0.171932233,0.172213984,0.172208838,0.17192144,0.171844127,0.171583114,0.171556479,0.171740666,0.171757968,0.171835799,0.171957759,0.172064199,0.172154765,0.172187062,0.172347896,0.172339683,0.172223871,0.172214537,0.172227818,0.172281192,0.172427432,0.17248854,0.172545077,0.172506674,0.172360219,0.172315036,0.172316618,0.172277012,0.172406857,0.172286865,0.171843299,0.171585999,0.171288856,0.171109427,0.171166502,0.171059425,0.17091788,0.170828099,0.170732845,0.17066624,0.17059204,0.170608833,0.170477554,0.170207476,0.170150598,0.170162589,0.170028197,0.169961064,0.169850584,0.169547594,0.169304751,0.169115385,0.168889062,0.16861557,0.168536296,0.168646476,0.168510192,0.168395143,0.168237867,0.167921138,0.167746755,0.167708782,0.167518244,0.167118359,0.166940033,0.166603506,0.166104574,0.166036427,0.166081498,0.165931745,0.165901666,0.16577042,0.165512214,0.165234822,0.164899926,0.16460075,0.164357289,0.163959197,0.163478251,0.163018696,0.162371181,0.16178566,0.161282391,0.160639809,0.160010792,0.159318012,0.158649097,0.157760407,0.156868433,0.15591051,0.154698154,0.153507805,0.152208275,0.150862769,0.149450904,0.147876008,0.146405506,0.144927125,0.143408716,0.141915097,0.140363901,0.138658666,0.136983039,0.135386526,0.133804909,0.132191888,0.130442019,0.12864289,0.12697021,0.125249888,0.123807499,0.122515198,0.121167514,0.119743589,0.118463423,0.117076665,0.115902282,0.114918534,0.113779009,0.1125704,0.111541391,0.110549855,0.109765506,0.108996626,0.10849266,0.10786028,0.107014738,0.106438539,0.105980953,0.105519532,0.105201551,0.104729454,0.104083897,0.103621503,0.103219845,0.102860514,0.102595994,0.102294706,0.101934013,0.101585377,0.101170152,0.100882976,0.100721761,0.100502547,0.100281967,0.100066687,0.099923463,0.099721075,0.099603422,0.099429049,0.099193139,0.099164914,0.099185201,0.099104662,0.099231714,0.099152635,0.099044752,0.099071304,0.099155397,0.099186615,0.099474647,0.099724788,0.099954851,0.100128407,0.100314377,0.100324063,0.100611989,0.100992228,0.101284604,0.101543467,0.101730823,0.101745319,0.102072014,0.102580835,0.103001669,0.103464413,0.103798413,0.103923379,0.104202083,0.104783145,0.105192207,0.105571,0.106001915,0.106370714,0.106794962,0.107250245,0.107749494,0.108273516,0.108878596,0.109433104,0.109998238,0.110652545,0.111052117,0.111527179,0.111963579,0.11236738,0.112860591,0.113419228,0.114047673,0.114694358,0.115143854,0.11588759,0.116661089,0.117364392,0.118009377,0.11863689,0.119095588,0.119730579,0.120332196,0.121078231,0.121823257,0.122503631,0.123049952,0.123734538,0.124348805,0.124977898,0.125455504,0.12610828,0.126683827,0.127254938,0.127797051,0.128426927,0.129020537,0.129614728,0.130110949,0.130637534,0.13120583,0.131890979,0.132399291,0.133017561,0.133354745,0.134145875,0.135129356,0.135732984,0.136583038,0.137193295,0.137466457,0.137810948,0.138126007,0.138515728,0.138941097,0.139547747,0.140071203,0.140720432,0.141457319,0.141984379,0.142647337,0.14311124,0.143774326,0.144052926,0.144348553,0.144783545,0.14544983,0.146035218,0.14659665,0.147151239,0.147483576,0.147920944,0.148709365,0.149214292,0.149693063,0.150165425,0.150659915,0.150965234,0.151590084,0.152203638,0.152675424,0.15347601,0.153947017,0.154262343,0.154687372,0.154907522,0.155159967,0.155495733,0.155952679,0.156531819,0.156911208,0.157415221,0.157834626,0.158346758,0.158693161,0.15920874,0.159532474,0.159769881,0.16011542,0.160315208,0.160700602,0.161172863,0.161579362,0.16190899,0.162232194,0.162364263,0.162736349,0.163087566,0.163408343,0.163466077,0.163788505,0.164294066,0.164728572,0.165295855,0.16547329,0.165280876,0.165560466,0.165687296,0.166040096,0.166646367,0.167136998,0.167284619,0.167505833,0.167673967,0.167782206,0.168130362,0.168284597,0.168194557,0.168441736,0.168948629,0.169040372,0.169536601,0.169920493,0.169859772,0.170020051,0.170511723,0.170824732,0.170956865,0.171103888,0.171236017,0.171455599,0.171809731,0.171950374,0.171922877,0.171965573,0.172112137,0.172415925,0.172837982,0.173082927,0.172985911,0.173226405,0.173514593,0.173697516,0.173778016,0.173952489,0.174023423,0.174326113,0.17476238,0.174875448,0.174665054,0.174876856,0.175018411,0.175052448,0.175424734,0.175750128,0.175970701,0.17619809,0.176717716,0.177009931,0.177110283,0.1772022,0.176809466,0.176846614,0.177395418,0.177645474,0.177913983,0.178132445,0.178222219,0.178372793,0.17850616,0.178608554,0.178443128,0.178508163,0.178948186,0.179199044,0.179387881,0.179509033,0.179643904,0.179881215,0.17990993,0.179921152,0.179947714,0.180036821,0.180342551,0.180479602,0.180593891,0.180877868,0.181250523,0.181428092,0.18155859,0.181624487,0.181481021,0.181503791,0.181452068,0.181548511,0.181574302,0.181613888,0.181778241,0.181638913,0.181497969,0.181390669,0.181388733,0.181487754,0.181602584,0.181909107,0.182005945,0.18198417,0.18173806,0.181536945,0.181306214,0.180985951,0.18111738,0.181110611,0.181010287,0.181108903,0.180977123,0.180740978,0.180646221,0.180787411,0.180905291,0.18083643,0.18075367,0.180810337,0.18055074,0.1802721,0.179991301,0.179853577,0.179850271,0.179550824,0.179434125,0.17904957,0.178857702,0.178847615,0.178901436,0.178676807,0.178582728,0.178136463,0.177634946,0.177489363,0.177405583,0.177392024,0.177227287,0.176599672,0.176319219,0.175889858,0.175795556,0.175948537,0.175869274,0.175573662,0.175310273,0.174843809,0.174305693,0.173573037,0.173222444,0.173108744,0.172821563,0.17277011,0.172664494,0.172267918,0.172198552,0.172158382,0.171505333,0.170896332,0.170471671,0.170041363,0.170021054,0.169809631,0.169628348,0.169593996,0.1695354,0.168754237,0.168186254,0.167903971,0.167745752,0.167628687,0.16749474,0.166967343,0.166727808,0.166641294,0.166456116,0.166386376,0.166122759,0.165821717,0.165682075,0.165443591,0.164906805,0.164631291,0.164813812,0.164684226,0.164492575,0.164670869,0.164516353,0.164596813,0.164331078,0.163622615,0.163572581,0.163555287,0.163508152,0.163658345,0.163667759,0.163129739,0.163158216,0.163119759,0.163046288,0.163077599,0.163042174,0.163055019,0.163167367,0.163155509,0.162785801,0.162619726,0.162397788,0.162635105,0.162483015,0.162558189,0.162571472,0.163533008,0.163900301,0.16398977,0.163898408,0.162843059,0.162368058,0.162129253,0.16140234,0.161480301,0.161946037,0.162188041,0.162203275,0.162209671,0.162322924,0.161966946,0.162061703,0.162038835,0.161823887,0.162224696,0.162525893,0.162398724,0.162407028,0.162705053,0.162305949,0.161530309,0.162158136,0.161624862,0.160573751,0.160025848,0.16052404,0.160324232,0.159714575,0.159776206,0.159891752,0.15941488,0.159737396,0.160411992,0.160000457,0.16026121,0.159976293,0.158985237,0.158704441,0.157652184,0.157008394,0.155527924,0.155235615,0.155038156,0.154144006,0.153535424,0.153190362,0.152106344,0.15120442,0.151002623,0.149857689,0.14840451,0.14741979,0.146258121,0.145074766,0.143617045,0.142389242,0.141090507,0.139353743,0.137476655,0.135706503,0.133377531,0.131507029,0.12928834,0.12754104,0.124876607,0.122502351,0.119746727,0.11653522,0.114574735,0.111861595,0.109871104,0.107952521,0.105653719,0.103127676,0.100428413,0.097892115,0.095239678,0.092746169,0.090150035,0.087326728,0.08432027,0.081841136,0.079992052,0.07763147,0.075864988,0.074586101,0.072843534,0.071205825,0.069886369,0.068204311,0.066899904,0.065217196,0.063998758,0.062438662,0.060902171,0.059688313,0.05842832,0.057627918,0.056989144,0.056172709,0.055128256,0.054328622,0.053780449,0.053560295,0.052603709,0.052488355,0.052588679,0.052334293,0.05202243,0.051509516,0.050533454,0.049885313,0.049466284,0.049307702,0.049506833,0.049587349,0.04915172,0.048630665,0.04815204,0.047947848,0.047784131,0.047412114,0.047351483,0.047437345,0.047391584,0.047285871,0.047571484,0.047395513,0.047026142,0.046803493,0.046563096,0.046810985,0.047090461,0.047110782,0.047207274,0.047109927,0.046589156,0.046430711,0.046399756,0.046295853,0.046142564,0.046641225,0.047356169,0.048164374,0.048970125,0.04940703,0.049569981,0.049371082,0.049334843,0.049069813,0.049187586,0.049281991,0.049573702,0.050296991,0.050450568,0.05069644,0.05130189,0.05171678,0.05256555,0.053242874,0.053912768,0.054321536,0.05452009,0.054899978,0.055427517,0.05577237,0.056079466,0.056158504,0.055992033,0.055977222,0.056143603,0.05620927,0.056309972,0.056366921,0.056755988,0.057211095,0.057989768,0.059495994,0.060223567,0.06083466,0.061218966,0.060945273,0.061218611,0.061603502,0.061589235,0.061972909,0.062411615,0.063100528,0.064010505,0.065061194,0.066419105,0.067135408,0.067620519,0.068440984,0.068354286,0.068266263,0.069480449,0.069764772,0.069998,0.070782844,0.071446212,0.07135848,0.072125342,0.073561453,0.074376239,0.075111753,0.075637085,0.076070549,0.076182342,0.07625097,0.076327241,0.076439919,0.076806872,0.077289999,0.078037685,0.078800549,0.07956488,0.080015338,0.080587452,0.081022553,0.081273771,0.082046308,0.082646988,0.083356434,0.084058504,0.084527883,0.085305382,0.086484723,0.086643356,0.086983485,0.087305037,0.086711553,0.086790232,0.087452641,0.087550604,0.087782257,0.087781187,0.088012682,0.088324524,0.088764971,0.089137081,0.089932632,0.090770697,0.091337816,0.092157399,0.092545278,0.092868959,0.093083888,0.093053945,0.093459639,0.093414323,0.094184837,0.095100406,0.095448321,0.096183595,0.096900474,0.096995265,0.096997693,0.096923594,0.097351601,0.097098495,0.097134041,0.097507602,0.097937138,0.098440894,0.098983241,0.100011601,0.101125149,0.102034973,0.102844,0.103115969,0.102754751,0.101881426,0.102027938,0.102469297,0.103101955,0.104180688,0.104682867,0.10489873,0.105685477,0.106203615,0.105850327,0.106328021,0.106981661,0.106957901,0.107658593,0.107936387,0.10763709,0.108097372,0.108680417,0.108443778,0.108935414,0.109387999,0.109158964,0.109211689,0.109601006,0.109513333,0.109624002,0.110556908,0.111311277,0.111168136,0.112132996,0.112286231,0.112367864,0.113555166,0.113692519,0.11339333,0.113250141,0.113226915,0.113373664,0.113498855,0.113894954,0.114623866,0.115379591,0.116274222,0.117288251,0.118525476,0.119459358,0.119543677,0.119921028,0.119294357,0.119161747,0.119755307,0.118843632,0.119965384,0.120131448,0.119523732,0.119579933,0.119645613,0.119417219,0.12009012,0.120607014,0.121254797,0.122129471,0.123004515,0.124137464,0.123522617,0.12279266,0.122802431,0.123630407,0.123482961,0.12384403,0.123531063,0.12275758,0.122334437,0.12242255,0.122191025,0.123051546,0.123662354,0.124889965,0.124408453,0.125375554,0.123634036,0.124755924,0.125390776,0.126126421,0.124539104,0.125946307,0.124888582,0.124839474,0.125644056,0.126165827,0.126100518,0.126354392,0.125922184,0.125390867,0.126596697,0.126909733,0.126952421,0.127230661,0.127177684,0.126486126,0.126262218,0.125033555,0.123638957,0.123956581,0.124159844,0.124220157,0.123976817,0.124050522,0.123654643,0.124347507,0.123142237,0.124047031,0.123246558,0.124036336,0.124722717,0.124300311,0.125355505,0.124919847,0.123525335,0.122875101,0.121719814,0.121461648,0.12141581,0.121333681,0.122904246,0.124279678,0.123656929,0.124028399,0.12428958,0.12518609,0.125389366,0.124462824,0.124149702,0.124935527,0.123815366,0.124830343,0.123932887,0.12371469,0.124948614,0.123940441,0.12459445,0.125234558,0.126420433,0.125764736,0.125644503,0.125561432,0.12513072,0.125652095,0.124829128,0.125057524,0.125261135,0.125420121,0.126509384,0.126802808,0.128755331,0.129582278,0.129537721,0.128846577,0.127049595,0.126927932,0.127324378,0.128806467,0.129418956,0.129452494,0.129037391,0.129588111,0.128299232,0.129285429,0.129537261,0.128923697,0.128448416,0.127692111,0.126193244,0.125694442,0.125659778,0.124499888,0.122821811,0.123446839,0.123431929,0.123487308,0.124372315,0.123869976,0.125094737,0.125449377,0.124864569,0.12469053,0.124111615,0.124673781,0.125199419,0.124970834,0.125736772,0.123833976,0.123130731,0.122594145,0.120922241,0.120745609,0.120486337,0.119796154,0.120026324,0.120788003,0.121778126,0.120211817,0.119455625,0.117622755,0.115928346,0.115019272,0.116006577,0.117842322,0.118083395,0.118911927,0.120344775,0.121820136,0.122050428,0.120491537,0.119724616,0.118698516,0.118739848,0.118300929,0.119175,0.121337966,0.121808974,0.122280304,0.121735421,0.117601765,0.115829928,0.114477659,0.115014359,0.115247988,0.115732536,0.115684804,0.116435627,0.116135199,0.115644468,0.114664208,0.111293118,0.108407687,0.108419389,0.107972584,0.110450858,0.113430502,0.110280894,0.109006804,0.107253738,0.105409259,0.107367281,0.107535003,0.107605669,0.109051388,0.109528588,0.110223871,0.112003141,0.108636311,0.10462583,0.104742512,0.104239135,0.105835217,0.105610869,0.105432286,0.106489718,0.103424201,0.103659883,0.107015676,0.105894237,0.104243296,0.103362586,0.100659341,0.098579394,0.096308215,0.095628257,0.096135094,0.095443793,0.09702602,0.09757416,0.097087766,0.093915121,0.093801889,0.098092412,0.101635395,0.107837984,0.10920168,0.105189322,0.104060849,0.10395235,0.104367211,0.107185488,0.109039866,0.10687026,0.105632124,0.106277227,0.104407568,0.102192843,0.100710115,0.098307863,0.097283109,0.098854553,0.096768125,0.095009606,0.093710586,0.089820185,0.088065234,0.087272428,0.085951489,0.084421638,0.084338253,0.086655306,0.087256924,0.089442717,0.088632258,0.082068879,0.081096393,0.082705728,0.082022806,0.081995861,0.083953514,0.084470252,0.085766641,0.090023404,0.089837319,0.088655451,0.086062207,0.082969908,0.084565524,0.085425784,0.089010676,0.087652924,0.087949161,0.085861579,0.083605562,0.085498616,0.087881766,0.085477372,0.087552036,0.088481937,0.08648855,0.089499762,0.087258404,0.085124611,0.086642853,0.084194083,0.082301549,0.082664658,0.077999958,0.074175636,0.074507653,0.076990125,0.07592286,0.074983451,0.072274869,0.062333509,0.061526174,0.060438111,0.057253585,0.063822061,0.067020076,0.072025029,0.078217084,0.077730091,0.074478307,0.07008018,0.069555052,0.071453983,0.066176037,0.060304402,0.05792188,0.054775376,0.05699849,0.058612087,0.060099033,0.061602074,0.060133562,0.057270552,0.051619504,0.035584446,0.034688108,0.038984761,0.041537572,0.051226423,0.054756525,0.052686923,0.051250237,0.051244258,0.057470657,0.062013329,0.061744353,0.06233643,0.064187278,0.059758104,0.06121222,0.061368043,0.062564802,0.073709888,0.073593539,0.071090487,0.069778974,0.061613801,0.056613766,0.05524682,0.047748575,0.037709159,0.034428231,0.049440288,0.052347625,0.053133192,0.061461587,0.044839112,0.035508795,0.04223599,0.041961279,0.043030077,0.057313358,0.065784666,0.057723622,0.053533807,0.041722481,0.038101134,0.037169985,0.043587283,0.05906287,0.049504857,0.047505126
/data/asd/1/1549991117-00.asd,sp2_run8,72,20,72,0,20.1659,0,0.044959909,0.048737962,0.053689895,0.058189048,0.060978806,0.057452914,0.053172222,0.050628825,0.047146776,0.048010494,0.045796886,0.047166229,0.053455982,0.048899038,0.051562975,0.056127392,0.053413545,0.05328865,0.051471508,0.050019643,0.052300595,0.051419078,0.054810499,0.056705497,0.054871118,0.054241327,0.052926606,0.05378255,0.057500701,0.055367387,0.053603367,0.056616098,0.053754226,0.054102109,0.055585929,0.057159506,0.056305117,0.055644532,0.058713067,0.058278816,0.05615855,0.056204267,0.058479263,0.058271634,0.057568722,0.058192735,0.058206617,0.057740217,0.058479189,0.059960748,0.060617837,0.059409356,0.058961494,0.060236808,0.060197261,0.060763481,0.061159814,0.06002725,0.061527551,0.062712369,0.062917969,0.062069337,0.062894581,0.063528691,0.062329408,0.062638855,0.06297726,0.0639329,0.064446734,0.064355237,0.064326843,0.064229208,0.064853737,0.065808273,0.066851766,0.06622802,0.067385572,0.067035524,0.067037639,0.068482047,0.0684215,0.068400285,0.069223919,0.069790271,0.069921554,0.069604147,0.070614086,0.071469412,0.070818688,0.070653436,0.0719643,0.07206605,0.071965475,0.072373061,0.073780951,0.073416192,0.073508841,0.074048663,0.073778723,0.074456578,0.075073233,0.075218787,0.075410809,0.075788664,0.076236958,0.0763442,0.076669985,0.076796477,0.076862698,0.077640087,0.077495813,0.077253789,0.078102338,0.078571358,0.078574622,0.078853949,0.079288515,0.079405023,0.07944571,0.079788222,0.079551128,0.079940662,0.080721718,0.081300351,0.081197299,0.08156724,0.081803643,0.081215099,0.081907589,0.082381798,0.082524199,0.082722224,0.083088583,0.08324935,0.083477451,0.084152145,0.084217907,0.084148402,0.08472846,0.084944727,0.085296821,0.08582722,0.085991544,0.086335803,0.086431087,0.086496164,0.08735406,0.087695069,0.087985294,0.088169578,0.088624369,0.088876158,0.089302959,0.090196258,0.09007521,0.090042055,0.090400521,0.090663068,0.091341337,0.09197734,0.091920854,0.09230356,0.092806263,0.093043867,0.093104006,0.093360829,0.093826268,0.094185359,0.094417696,0.095088978,0.095359624,0.095399158,0.095473164,0.095751129,0.096290946,0.096988271,0.097218317,0.097301969,0.097709852,0.098265874,0.098574189,0.098897314,0.098988381,0.099234667,0.099758541,0.099969449,0.10032501,0.100847368,0.101157843,0.101419161,0.101590913,0.102141249,0.102363211,0.102437318,0.102898724,0.103496106,0.103707906,0.103811101,0.104158281,0.104443306,0.1047881,0.104973669,0.105196002,0.105748354,0.105731048,0.106014409,0.106332062,0.106538887,0.10697071,0.107196498,0.107319292,0.107673847,0.10811688,0.1084761,0.108629878,0.108750856,0.108929821,0.109193022,0.109320742,0.109647113,0.109910685,0.109874333,0.109910352,0.110208445,0.110326674,0.110395827,0.110425848,0.110424248,0.110542245,0.1107832,0.11109479,0.111239756,0.111245867,0.111334843,0.111356795,0.111444503,0.111473079,0.111380444,0.111460355,0.111573921,0.111522401,0.111577712,0.111686346,0.111673816,0.112122652,0.112198711,0.112213976,0.11237303,0.112285819,0.112421922,0.112718004,0.112574449,0.112465535,0.112434746,0.112552525,0.112776787,0.112844891,0.11289465,0.112644203,0.112830977,0.112951902,0.112747448,0.112836639,0.112893929,0.112981801,0.112875073,0.112879827,0.112976833,0.113161423,0.113074429,0.113018781,0.113087266,0.113225942,0.113196582,0.113203645,0.113251483,0.113224508,0.11329095,0.113299058,0.113244643,0.113285242,0.113275777,0.11333381,0.113638082,0.113522737,0.113475092,0.113393074,0.113429609,0.113522236,0.113519026,0.113538093,0.11353464,0.113522284,0.113514943,0.113513358,0.113601544,0.113557275,0.113435727,0.113441227,0.113500404,0.113592729,0.113609134,0.113370123,0.113325669,0.113369663,0.113318176,0.113463152,0.113331215,0.113210741,0.113197312,0.113076131,0.11309981,0.113395404,0.113162221,0.112956208,0.112941939,0.11299099,0.113079047,0.113060045,0.113162741,0.113143598,0.113176875,0.113257329,0.113264413,0.113422891,0.113575244,0.113538728,0.113675354,0.113802544,0.113744361,0.113975155,0.113961363,0.113967385,0.114247259,0.114375574,0.11451884,0.114802053,0.114760249,0.114701482,0.11484488,0.11493563,0.115008125,0.115143904,0.115387932,0.115537923,0.115529492,0.115555264,0.115866682,0.115927915,0.116082747,0.116174311,0.11622629,0.116478179,0.116535411,0.11647678,0.116675956,0.116846338,0.117016531,0.117209722,0.117178239,0.117310505,0.117614454,0.117716313,0.117818601,0.117926069,0.118031764,0.118270437,0.118229705,0.118294298,0.118606955,0.118659683,0.118908917,0.119121412,0.119152622,0.119101922,0.119209685,0.119266615,0.119464381,0.119601943,0.119662973,0.119812073,0.119772472,0.120100413,0.120148434,0.120280428,0.120713749,0.120673729,0.120722677,0.12088948,0.120933311,0.121219874,0.121388303,0.121333946,0.121476267,0.121666483,0.121875543,0.122089078,0.122284756,0.122463376,0.122504375,0.122553328,0.122754335,0.122903562,0.12286848,0.123305068,0.123449891,0.123509755,0.123749489,0.123702512,0.123736722,0.123945719,0.123999821,0.124349387,0.124276334,0.124157629,0.124583875,0.124777138,0.124836527,0.124889092,0.124904827,0.125190439,0.125422109,0.125473567,0.125995218,0.125971057,0.125809101,0.126076833,0.126257626,0.126465472,0.126654387,0.126661661,0.1268553,0.127020607,0.127212569,0.127221129,0.127449697,0.127425184,0.127655029,0.127527687,0.127542548,0.1278372,0.127896573,0.128067891,0.12841349,0.128359719,0.128516875,0.12857301,0.128655471,0.128947651,0.129041613,0.128987637,0.129065106,0.128929987,0.129386338,0.129763138,0.129460674,0.129578911,0.129561527,0.129804088,0.129857242,0.130062301,0.130157397,0.130105943,0.129868647,0.130025158,0.130272174,0.130445246,0.130502043,0.130439492,0.130237928,0.130615852,0.1308234,0.13086836,0.130999347,0.130591868,0.130741461,0.131400578,0.130982946,0.131320669,0.130892825,0.130964316,0.13134412,0.131271088,0.131327997,0.131306226,0.131055753,0.131557602,0.131197717,0.131494278,0.131400255,0.13112728,0.131482447,0.131578546,0.131391884,0.131721005,0.131964097,0.13140315,0.131437893,0.13210794,0.131068455,0.131306252,0.131299141,0.130749382,0.131659436,0.131747856,0.131505565,0.131697633,0.132017881,0.131665981,0.132019489,0.131397311,0.132230514,0.131869218,0.131009179,0.13037805,0.131271929,0.132229306,0.13202262,0.131741448,0.131732658,0.131737978,0.131690709,0.132781016,0.132143273,0.131928593,0.132313327,0.13203234,0.132112943,0.13179218,0.132452885,0.131460172,0.131477507,0.132405958,0.132229573,0.132743342,0.132751162,0.132230562,0.131926038,0.132168287,0.13285608,0.132085734,0.132191528,0.132229756,0.132294595,0.132158363,0.132239015,0.132102075,0.132142829,0.132277054,0.132395894,0.132309629,0.132317226,0.131901597,0.132418181,0.132375539,0.132670395,0.13268126,0.132608245,0.132405317,0.132937764,0.132621555,0.132718075,0.133079178,0.133141405,0.133213709,0.133343556,0.133001067,0.133236155,0.133340766,0.133021996,0.132783535,0.132989464,0.133454457,0.133199743,0.133354659,0.133614508,0.133437561,0.133620164,0.133526195,0.133518716,0.133333507,0.133532972,0.133869968,0.134142409,0.133621771,0.13381695,0.134014235,0.134091045,0.134269863,0.134100294,0.133524063,0.133809134,0.134313268,0.13436065,0.134259457,0.133739014,0.134379182,0.134377613,0.13401492,0.134424999,0.134190757,0.134303259,0.134643816,0.134083342,0.13448864,0.135151459,0.134699244,0.134550602,0.134834724,0.134741607,0.135006863,0.1346236,0.134555469,0.135423261,0.134812921,0.135052385,0.134846321,0.13504969,0.136399238,0.136220141,0.135593402,0.135939478,0.135391027,0.136143333,0.136797831,0.135453686,0.136160175,0.13594064,0.134768465,0.137068996,0.136571374,0.136164716,0.13734453,0.135619106,0.13642172,0.136931479,0.136046192,0.13733838,0.136138098,0.135383034,0.137353238,0.137472476,0.137324603,0.137509564,0.137630375,0.138492697,0.137974489,0.136862866,0.138114986,0.137352365,0.138579064,0.138395465,0.138871681,0.138442117,0.138665514,0.139865376,0.139788507,0.139071068,0.138974659,0.138636772,0.138648978,0.139140026,0.139280437,0.139170069,0.13922867,0.138862522,0.138992423,0.139757166,0.140069468,0.140430233,0.140604886,0.140505857,0.139545134,0.139594865,0.140141432,0.140122925,0.140316546,0.140352107,0.140064449,0.140087931,0.140871886,0.14105284,0.140818452,0.140950384,0.141211388,0.141204331,0.141487608,0.141816118,0.141515946,0.140810659,0.140816235,0.141074236,0.141076413,0.141471933,0.141573081,0.141306977,0.141462606,0.141997166,0.142115688,0.141933974,0.142174072,0.142599236,0.142451291,0.142284522,0.142001255,0.141711118,0.141371345,0.141181485,0.141385018,0.141550157,0.141889973,0.141994877,0.142356509,0.142414122,0.142954696,0.143339637,0.143321448,0.143659984,0.14356863,0.143758489,0.144392915,0.144219218,0.14431932,0.144402915,0.144404305,0.144166782,0.14442424,0.144366023,0.143970747,0.144099493,0.143946201,0.144049855,0.144322739,0.144337462,0.144322696,0.144443222,0.144732726,0.144916107,0.144844588,0.144817621,0.144846519,0.14484932,0.144680367,0.144845789,0.145121131,0.145157994,0.145018148,0.145043102,0.145186622,0.145129889,0.145538456,0.145779715,0.145704771,0.145751,0.145762631,0.145813208,0.14578039,0.14568765,0.14562471,0.145724732,0.14584657,0.146172324,0.146538748,0.146657265,0.146332384,0.146250763,0.146314713,0.14652862,0.146740335,0.146712442,0.146746141,0.146825952,0.146844316,0.146955971,0.147094451,0.147205546,0.147286629,0.147128678,0.147111019,0.147255464,0.146951839,0.146914551,0.146938163,0.146909912,0.146771493,0.146737312,0.146936603,0.146958072,0.147145349,0.147195094,0.147052477,0.146896716,0.146787372,0.146527983,0.14651534,0.146578587,0.146413566,0.146495123,0.146487401,0.146142364,0.145957873,0.146135609,0.146494319,0.146431803,0.146258922,0.14632649,0.146269394,0.146233865,0.146195939,0.146053183,0.145938078,0.145873744,0.145974542,0.146237477,0.146548475,0.146804004,0.146989412,0.147132808,0.147127066,0.146844256,0.146892519,0.146738513,0.146677338,0.146806855,0.147245647,0.147370822,0.147435037,0.147437932,0.147248497,0.147185601,0.147314159,0.147468873,0.147466893,0.147655217,0.14799383,0.148181787,0.148311442,0.14840169,0.148328098,0.148223249,0.148268993,0.148727412,0.148995107,0.149210309,0.149433918,0.149482906,0.149480824,0.149587256,0.14966322,0.149901543,0.150023055,0.149908457,0.15013001,0.150029521,0.149945281,0.150182988,0.150459883,0.150551875,0.150520589,0.15059938,0.150776762,0.15085556,0.15120556,0.151452309,0.151185953,0.151277773,0.151347937,0.1515678,0.15192886,0.152178359,0.152358958,0.152407283,0.152317858,0.152395845,0.152523559,0.152570008,0.152651801,0.152851713,0.152921342,0.153008775,0.153250553,0.15366121,0.153813518,0.154104671,0.154185816,0.154005613,0.154083196,0.154276945,0.154409404,0.15447139,0.154753595,0.154941829,0.15505122,0.155197683,0.155346362,0.15543168,0.155515285,0.155708889,0.156047344,0.156247095,0.156372017,0.156486799,0.156533085,0.156601052,0.15676748,0.156887471,0.156763727,0.156817517,0.157053787,0.157208305,0.157619527,0.157851607,0.157948895,0.158102829,0.158257964,0.158396042,0.158677234,0.158975294,0.159139793,0.159242468,0.159282409,0.159079387,0.159097078,0.159265594,0.159418966,0.159747008,0.159957945,0.16003539,0.160134041,0.160225756,0.160240651,0.160220958,0.160323989,0.1603886,0.160542405,0.16074843,0.160922449,0.161083065,0.161292955,0.16141833,0.161369981,0.161470732,0.161600823,0.161699579,0.161838458,0.161863673,0.161680835,0.161812729,0.162200767,0.162381584,0.162573505,0.16261883,0.162553578,0.162545301,0.162397326,0.162386618,0.16243139,0.16250815,0.16243346,0.162402555,0.162421043,0.162347567,0.162352924,0.162549456,0.162585771,0.16246142,0.162474663,0.162568175,0.162476813,0.162371631,0.162309328,0.162109308,0.161993942,0.162034487,0.161829934,0.161491576,0.161290747,0.16106149,0.160908616,0.16120828,0.161214193,0.160925081,0.160818981,0.160697118,0.160372264,0.160242257,0.160349649,0.160219845,0.159998268,0.159745634,0.159335101,0.159171872,0.159154896,0.158951564,0.158791267,0.158554203,0.158077455,0.157954002,0.158082916,0.157971056,0.157923028,0.157779971,0.157539197,0.157370115,0.157260668,0.157096666,0.156803478,0.15669369,0.156459092,0.15614052,0.156125875,0.156213886,0.155926132,0.155596624,0.155380923,0.154946762,0.154600899,0.154386189,0.154072909,0.153521401,0.153204894,0.153085177,0.152832738,0.15264596,0.152142198,0.151322372,0.150604208,0.149852887,0.149064943,0.148430239,0.147468856,0.146183134,0.145111648,0.143899506,0.142734253,0.141562249,0.140612775,0.139238107,0.137639836,0.136153598,0.134556441,0.133030839,0.131578994,0.130058766,0.128414981,0.12679884,0.125408633,0.123789507,0.121950562,0.120179041,0.118332295,0.11670747,0.11531064,0.113937887,0.112488182,0.111215803,0.109868793,0.108669992,0.107564267,0.106471964,0.105296345,0.104201851,0.10314849,0.102209153,0.101478055,0.100776033,0.099979505,0.099182125,0.098473845,0.097544226,0.096988942,0.096730854,0.096312578,0.096002966,0.095573005,0.094944364,0.094547647,0.094327277,0.094029997,0.093756556,0.09345143,0.093019618,0.09269182,0.092456752,0.092212493,0.091968211,0.091768052,0.091489465,0.091296872,0.091253209,0.091137134,0.091053955,0.090943248,0.090773565,0.090737197,0.090673558,0.090554164,0.090618953,0.090563366,0.090507124,0.090508481,0.09060906,0.090759955,0.090931131,0.090963686,0.091101836,0.091115473,0.091253989,0.091372258,0.091609178,0.091893171,0.092130574,0.092268716,0.092407093,0.092479429,0.092712525,0.09303004,0.093392044,0.093809929,0.094214979,0.094627148,0.095018778,0.095614268,0.09600836,0.09629033,0.096702557,0.097080098,0.097547823,0.098168089,0.098670237,0.099100174,0.099618838,0.099964131,0.100406985,0.101031696,0.101359092,0.101727424,0.102144619,0.102510127,0.103021961,0.10387076,0.104552802,0.10519221,0.105491096,0.106061494,0.106470576,0.107059897,0.107669608,0.108349042,0.108948354,0.109717623,0.110569972,0.111343765,0.111990553,0.112680135,0.113147588,0.113818796,0.114566551,0.115202919,0.115546799,0.116205019,0.116763941,0.11746906,0.118376068,0.119012802,0.119415922,0.119995539,0.120381276,0.120838454,0.121583112,0.122309054,0.122752162,0.123335047,0.123778592,0.124504006,0.125271151,0.125761734,0.126337125,0.126927194,0.127345926,0.127847176,0.128580858,0.129085733,0.129460835,0.129983564,0.130356108,0.130919502,0.131639408,0.132112119,0.132677716,0.13310721,0.133638203,0.133974898,0.134636956,0.135228198,0.135944168,0.136552534,0.136842441,0.137289498,0.137761514,0.138203889,0.138886123,0.139439145,0.140029472,0.140666514,0.141162042,0.141586783,0.142072905,0.14221622,0.142536423,0.143161315,0.143699088,0.144326845,0.144770106,0.145118525,0.145399347,0.145535997,0.145920616,0.146490615,0.146803891,0.147173803,0.147500762,0.147899229,0.148200983,0.148661388,0.149009037,0.149410101,0.149846523,0.150163339,0.150524334,0.150912004,0.151311895,0.15156997,0.151818574,0.151929469,0.152293972,0.152528482,0.152893158,0.153277853,0.153551355,0.153769021,0.154074861,0.154335472,0.154512671,0.154761329,0.155079884,0.155196737,0.155446457,0.155620787,0.156047383,0.156459173,0.156728354,0.157051943,0.157263446,0.157559074,0.157762145,0.157952678,0.158170839,0.158323771,0.158424079,0.158929912,0.159378443,0.159608244,0.159796621,0.160022782,0.160328188,0.160557811,0.160706162,0.160879484,0.161094606,0.161331952,0.161575629,0.161977594,0.162024433,0.162061346,0.162224366,0.162131907,0.162236961,0.162398326,0.162632969,0.162902047,0.163241647,0.163626871,0.163883419,0.164069475,0.164365115,0.164304268,0.164498493,0.16486071,0.165176994,0.165338305,0.165434643,0.165482284,0.16574488,0.166247268,0.166281717,0.166183707,0.166380631,0.166476949,0.16667819,0.167044927,0.167114021,0.167213899,0.167398569,0.16749192,0.167645732,0.167999695,0.168227885,0.168361332,0.168513577,0.168642009,0.168585129,0.168678166,0.168733339,0.168365362,0.168479588,0.168904726,0.169279473,0.169649683,0.169723206,0.1695425,0.169415914,0.169275678,0.169289101,0.169318096,0.169440438,0.169739917,0.169913771,0.169896269,0.170022903,0.17016823,0.170346297,0.170547836,0.170269587,0.170245301,0.17003861,0.170006676,0.170164923,0.170219585,0.170192878,0.170060174,0.169956275,0.169769379,0.169760397,0.16967363,0.169778883,0.169821661,0.16965738,0.169721607,0.169688697,0.169570054,0.169586221,0.169617176,0.169784346,0.169952998,0.169788812,0.169471717,0.169303857,0.169049559,0.168848327,0.168867384,0.16877024,0.168602483,0.168267948,0.167986748,0.16800556,0.168092499,0.167885645,0.167829145,0.167511869,0.167245894,0.166956348,0.1669524,0.16670197,0.166519337,0.166060885,0.165715052,0.165790203,0.165841559,0.165955321,0.165816046,0.16504423,0.164719107,0.1644306,0.164245479,0.16387545,0.163706137,0.163384963,0.163263201,0.163451661,0.162936144,0.162179425,0.161507547,0.16102536,0.161007631,0.161102453,0.161068623,0.160797408,0.160386522,0.1603027,0.159739706,0.15921585,0.159240098,0.158852051,0.158662679,0.158256316,0.157784437,0.157727195,0.157569105,0.157458283,0.157536937,0.157039292,0.156763467,0.156450119,0.155754549,0.155326522,0.155281885,0.155226091,0.155192204,0.155156149,0.154870887,0.154526011,0.154114852,0.15377097,0.153338457,0.152968423,0.15289205,0.152745993,0.152593656,0.152262646,0.152024475,0.151841937,0.151312589,0.151178813,0.151473394,0.151690433,0.151483551,0.15127668,0.151172978,0.150801275,0.151136194,0.151248904,0.151043293,0.150849345,0.15057828,0.150703636,0.151029747,0.151312579,0.151269731,0.15112378,0.151020207,0.150811396,0.150988881,0.151768418,0.15195994,0.152761737,0.153071329,0.152649065,0.15258638,0.152326265,0.151880346,0.151921202,0.152010766,0.152168038,0.152296658,0.152284549,0.151416237,0.151379257,0.151958131,0.151952476,0.152271595,0.153111456,0.152766803,0.151963337,0.152030049,0.151818327,0.151808581,0.152303754,0.152220512,0.15204819,0.152653859,0.152331122,0.152052323,0.15163578,0.151683399,0.151402783,0.150860547,0.150758368,0.150599066,0.150093411,0.149749037,0.150059018,0.149395552,0.148898884,0.14870577,0.14864667,0.148698401,0.14844264,0.148305156,0.147332194,0.146752371,0.146497318,0.145603661,0.144858329,0.144230427,0.142963956,0.141530486,0.141201134,0.14011124,0.139190798,0.138878649,0.138170282,0.136971804,0.134838761,0.133014574,0.130180579,0.128409918,0.127559336,0.126143125,0.124569037,0.123483511,0.121148122,0.118673723,0.116522965,0.114346602,0.111843027,0.109409601,0.107587614,0.104444454,0.102509257,0.100946467,0.098540371,0.096134186,0.093594407,0.090881306,0.088220439,0.085683428,0.082906084,0.080256326,0.077654749,0.07555185,0.073833024,0.072360672,0.071251157,0.069922094,0.068210026,0.066388524,0.064316611,0.062112383,0.060488427,0.058885395,0.057432807,0.056576889,0.05588013,0.055181048,0.054851198,0.054363212,0.053648379,0.052859022,0.052275232,0.051740048,0.051318887,0.051346259,0.051196964,0.050911775,0.050390491,0.049863043,0.049019416,0.047972148,0.047224966,0.046381116,0.045833919,0.045321095,0.045435948,0.045486066,0.045692099,0.04554778,0.045399928,0.045266077,0.04493069,0.04485841,0.044659796,0.044700905,0.044497129,0.044071602,0.043659173,0.043291998,0.042677422,0.042629824,0.042816965,0.043232354,0.043302895,0.043130052,0.043212373,0.042893794,0.043230679,0.04341459,0.043734395,0.04343363,0.043719296,0.043952545,0.044546859,0.045075895,0.045415431,0.046088305,0.046191804,0.046358723,0.04645859,0.046086543,0.046154465,0.046349374,0.046484398,0.04713946,0.047799668,0.047857862,0.0484427,0.048851373,0.048738799,0.048886225,0.04910036,0.049124848,0.049017859,0.049088075,0.049476796,0.050070861,0.050597281,0.051447943,0.05183307,0.051863383,0.05235002,0.053157219,0.053521307,0.054005376,0.054412858,0.054273538,0.054311697,0.054461982,0.055052642,0.055349373,0.055784572,0.056424563,0.057057662,0.057264984,0.057512979,0.057984682,0.058556941,0.059184061,0.060069734,0.060825364,0.06143992,0.061955586,0.06247673,0.062963028,0.06356585,0.063685693,0.064024941,0.06465397,0.064807862,0.064890743,0.065228842,0.065201681,0.065713038,0.066716636,0.067498782,0.068161661,0.068682004,0.069141875,0.069812299,0.070607315,0.071508141,0.072042308,0.072716701,0.073032748,0.072960077,0.073197189,0.073083714,0.073339796,0.074269035,0.074893798,0.075362352,0.076126552,0.076356111,0.076417362,0.076833358,0.077554239,0.077872567,0.077922709,0.078114865,0.078236535,0.078829666,0.080008355,0.080790848,0.081554447,0.082232288,0.082720496,0.083666171,0.084875339,0.085671336,0.08590802,0.085232337,0.085215758,0.084505905,0.084358349,0.084875831,0.085165468,0.085777346,0.0862076,0.087069386,0.087354783,0.087545129,0.088057748,0.087910683,0.088081168,0.08869216,0.089313457,0.08952067,0.090159993,0.090238582,0.090389235,0.090409825,0.091030516,0.091622301,0.092763778,0.093066255,0.093092184,0.093251401,0.093297147,0.093619748,0.094159701,0.094435701,0.094384493,0.094434551,0.094953374,0.095606352,0.096309752,0.097216841,0.097830045,0.098473544,0.099465767,0.100346141,0.100085064,0.100585464,0.100540361,0.100167331,0.100932306,0.101192749,0.101192534,0.101587548,0.101777154,0.101292122,0.101130287,0.101573618,0.101962095,0.102580529,0.104070191,0.104371142,0.104634814,0.105023341,0.104948057,0.104648661,0.106047636,0.10648786,0.10686686,0.108849747,0.109107357,0.108340711,0.108182604,0.10820296,0.108257218,0.108748268,0.10895514,0.108808934,0.109056362,0.109551368,0.109740099,0.110334629,0.111424519,0.111243848,0.111677503,0.111176988,0.111213381,0.112067592,0.111593927,0.112954319,0.113580578,0.113126742,0.112978571,0.112789292,0.112041013,0.112067193,0.11133547,0.111537539,0.112293348,0.112949534,0.114309523,0.114268366,0.114374707,0.115293781,0.11643122,0.117000664,0.117589285,0.116633832,0.115796677,0.115475718,0.115576238,0.115568231,0.116176295,0.116334427,0.117320872,0.116732222,0.117179103,0.114953045,0.115984642,0.115614383,0.115397091,0.114344618,0.115799668,0.116337834,0.117764341,0.119004179,0.119891462,0.119930912,0.119410649,0.118675417,0.11778401,0.118852732,0.119123599,0.119354163,0.120031057,0.120416641,0.119862363,0.120298116,0.120695528,0.119930216,0.120751382,0.120903523,0.119790785,0.118280098,0.117440586,0.116173227,0.117107977,0.116355049,0.11735926,0.117310677,0.117982772,0.117445817,0.116963665,0.118324098,0.118099921,0.117352088,0.117058978,0.116048977,0.115658963,0.115610676,0.115458165,0.115636827,0.116927898,0.117022746,0.118146877,0.118961906,0.120399673,0.119114779,0.116885588,0.116632845,0.116705859,0.11682997,0.118372064,0.117871955,0.117509365,0.118885349,0.118192265,0.118922125,0.119401151,0.12107484,0.121022835,0.121272034,0.12263768,0.122091549,0.12101019,0.119752022,0.119371658,0.119270764,0.120220243,0.120980737,0.120549872,0.120435035,0.120241022,0.119666069,0.118871954,0.118319975,0.118303966,0.118275856,0.117842383,0.116754584,0.1168625,0.116442811,0.11763816,0.119098052,0.120270272,0.11928603,0.118300498,0.116695108,0.116325049,0.117089226,0.117026425,0.116752761,0.116080775,0.114262712,0.115235434,0.117047906,0.117520311,0.118406018,0.117534739,0.116947042,0.116846612,0.11645782,0.115714494,0.116434301,0.116045643,0.116345959,0.116443892,0.116577397,0.117608844,0.118475448,0.117873983,0.117838046,0.117300279,0.117511691,0.117503837,0.117797419,0.11746795,0.116741484,0.115350793,0.115354288,0.116565302,0.1157608,0.115595598,0.116363459,0.116296327,0.115168426,0.114428864,0.114041898,0.112391771,0.112230275,0.112444235,0.112039503,0.113045257,0.113107611,0.110327026,0.109763637,0.109524323,0.109398352,0.110039366,0.109961053,0.108088392,0.107514505,0.107573759,0.107798086,0.10680189,0.108918121,0.109013245,0.10904406,0.109636339,0.109139939,0.108896779,0.107703877,0.106428025,0.106616749,0.105645466,0.106334388,0.108773254,0.10860568,0.109059318,0.109294148,0.108991084,0.10707251,0.106409578,0.106281262,0.104082406,0.104234138,0.104509494,0.103815473,0.103379705,0.101512408,0.100147618,0.09954011,0.100186031,0.099369864,0.099696764,0.100713684,0.097311869,0.096652673,0.098978761,0.098472094,0.096695581,0.094806278,0.093555833,0.093148583,0.094534877,0.097612846,0.099080464,0.09848877,0.097527876,0.097734449,0.097511407,0.096672548,0.095760264,0.097292572,0.097957541,0.099651521,0.09895655,0.094107402,0.091701614,0.08993509,0.090137954,0.093845273,0.095712545,0.094460877,0.093342191,0.091956544,0.090696494,0.090463559,0.089530708,0.087423797,0.086137788,0.085810114,0.086265093,0.088220824,0.090708748,0.095409172,0.095275943,0.090982972,0.090428533,0.088344762,0.086827096,0.086899556,0.088060322,0.090353784,0.091644458,0.096171144,0.096871545,0.091996938,0.090252207,0.0875405,0.08647402,0.087829973,0.086178627,0.082297484,0.080051872,0.079085898,0.078442922,0.080044332,0.082713736,0.08247373,0.082962978,0.080164505,0.078596803,0.073726434,0.073796325,0.072472785,0.069648908,0.071595032,0.073018898,0.07508684,0.07669589,0.075399068,0.067295088,0.064570525,0.069716613,0.071489127,0.078455979,0.084243843,0.08014794,0.080647293,0.075709733,0.068345017,0.066840565,0.067550745,0.069752843,0.077650736,0.087642976,0.086559977,0.085558676,0.081410442,0.07115766,0.064499416,0.057769263,0.060818092,0.066780468,0.07219325,0.083948683,0.089372878,0.089140946,0.089812009,0.085167804,0.075449118,0.06949259,0.065666145,0.060748012,0.065924591,0.064890179,0.062087195,0.078208352,0.086266434,0.091864164,0.100807896,0.09751795,0.094613967,0.098791989,0.090880875,0.083183407,0.075358811,0.068978653,0.068326376,0.071468521,0.066139657,0.058179235,0.057598404,0.056463188,0.06462994,0.071497272,0.076314281,0.076754277,0.086989402,0.081510415,0.055335741,0.052598445,0.052639918,0.068346115,0.080362293,0.092520638,0.095130131,0.077558888,0.077182154,0.070810863,0.054841425,0.060255016,0.066896877,0.07507867,0.096150116,0.105684358,0.10600012,0.10824677,0.098957117,0.080424298,0.07656388,0.058105375,0.042213129,0.054718916,0.057699363,0.066160988
/data/asd/1/1549991132-00.asd,sp2_run8,72,0,72,0,-0.0354659,0,0.046363759,0.051575275,0.049783875,0.047559512,0.054927534,0.058553697,0.052082892,0.051626487,0.056861576,0.058934843,0.052442,0.050737331,0.057879675,0.059018827,0.055907773,0.052995751,0.050366899,0.051989052,0.052242306,0.052242521,0.052061546,0.052499124,0.052881871,0.052321436,0.053116988,0.055617231,0.055198089,0.053650032,0.056077849,0.05451283,0.053842258,0.05747209,0.057332473,0.055464438,0.054394862,0.058742107,0.055101632,0.053220722,0.058604267,0.056759894,0.056091187,0.057706113,0.059219508,0.058492398,0.058829614,0.058977632,0.056427644,0.057362294,0.05952115,0.060346668,0.058917877,0.05851961,0.058911062,0.059609303,0.060120483,0.060419888,0.060787583,0.060744104,0.063196075,0.062844136,0.060691539,0.061132129,0.062770875,0.063190687,0.062811333,0.062496574,0.063961305,0.064963733,0.062098499,0.063168998,0.064471829,0.064768039,0.065554725,0.066319669,0.066177493,0.065454759,0.066884943,0.066610191,0.067046406,0.068272115,0.067481993,0.06730022,0.06829041,0.069037165,0.069285598,0.069348345,0.070031231,0.070611104,0.070270567,0.070400106,0.071610879,0.071529116,0.071586766,0.072083903,0.073122595,0.072628635,0.072818524,0.073834764,0.073419152,0.074185345,0.075124467,0.074653426,0.074472256,0.0750259,0.075706161,0.075744402,0.075907959,0.076039325,0.076322772,0.07665413,0.076836282,0.076971748,0.077248386,0.077787009,0.077717137,0.077565101,0.078038113,0.078684026,0.078888886,0.079053713,0.079384756,0.079554357,0.079856249,0.080224953,0.080418441,0.080660999,0.080656988,0.080362247,0.081157576,0.081627958,0.08164353,0.081692083,0.082232214,0.082780626,0.082705933,0.083231989,0.083418683,0.083526211,0.083664391,0.084020844,0.084503992,0.084699182,0.085053596,0.085286887,0.0852239,0.085621994,0.086677977,0.08700884,0.087036379,0.087384597,0.087631574,0.087647035,0.088068011,0.088749919,0.088852733,0.089146246,0.089455346,0.089533735,0.090133264,0.090728271,0.090822253,0.091242888,0.091608891,0.091976922,0.092191309,0.092324141,0.092832942,0.09347449,0.093318949,0.093805502,0.094381739,0.094636396,0.094904305,0.095067068,0.095389722,0.095955256,0.096056941,0.096214997,0.096730634,0.09720436,0.097398581,0.097762209,0.098117111,0.09827294,0.098612846,0.099085789,0.099218193,0.099687672,0.100042108,0.100412544,0.100495771,0.100831336,0.101047938,0.101324398,0.101873137,0.102491131,0.102407937,0.102566099,0.102785235,0.1029934,0.103609936,0.103810568,0.103931098,0.104318224,0.10436741,0.104733312,0.104933738,0.105200921,0.10565093,0.105921741,0.106085994,0.106335104,0.106597909,0.106903614,0.107193317,0.107471896,0.10771281,0.108015233,0.108145252,0.10847519,0.108742959,0.108844316,0.108815248,0.109111443,0.109176326,0.109218517,0.109455104,0.109487975,0.109236018,0.109365604,0.109392289,0.109377914,0.109449684,0.109377123,0.109323313,0.109446622,0.109420718,0.109689359,0.109921428,0.109911397,0.110029846,0.110195426,0.110313032,0.110347471,0.110497651,0.110510054,0.110655474,0.110783307,0.110751223,0.110750653,0.11075885,0.110803072,0.110930151,0.110919735,0.110850766,0.11099268,0.111109808,0.111237348,0.111021916,0.111109669,0.111176176,0.111085529,0.111042155,0.111136056,0.111309973,0.111270681,0.11123752,0.111261328,0.111365196,0.111201238,0.111286019,0.1114074,0.111393142,0.111517608,0.111480791,0.111429459,0.111563329,0.111485958,0.111480563,0.111519701,0.111381691,0.111460328,0.111545761,0.111609056,0.111517206,0.111599722,0.11163297,0.11164673,0.111652749,0.111516084,0.11159052,0.111664107,0.111657297,0.111599207,0.111569361,0.111604012,0.111580329,0.111479467,0.111602316,0.11154668,0.111611101,0.111678343,0.111522885,0.111512861,0.111523887,0.111380021,0.111472584,0.111366266,0.111251856,0.111079328,0.111066648,0.11113225,0.111157592,0.111031917,0.110969034,0.110957636,0.110801878,0.110901504,0.110895094,0.110906615,0.111004616,0.111028577,0.11106927,0.111120018,0.111205749,0.111331804,0.111310665,0.111494687,0.111788091,0.111809943,0.111915221,0.111878297,0.111850672,0.112144324,0.112264392,0.112415072,0.112628272,0.112591987,0.112679846,0.112884456,0.112922936,0.11299633,0.113026688,0.113239297,0.113364843,0.113263919,0.113345101,0.113727098,0.113802669,0.113869926,0.114049072,0.114169977,0.114355731,0.114352776,0.114339328,0.11455379,0.114575514,0.114764403,0.114987556,0.114945145,0.115163641,0.11541077,0.115487315,0.115708526,0.115801404,0.115759819,0.11586356,0.115934424,0.116127601,0.116513752,0.116603323,0.116725945,0.116807134,0.116796551,0.116867123,0.117022627,0.117144292,0.117364659,0.117374173,0.117561344,0.117807761,0.11774151,0.117946015,0.118013941,0.118109321,0.118397494,0.118374735,0.11849348,0.118741155,0.118746009,0.11900075,0.119143881,0.119032212,0.119265018,0.119393398,0.119560604,0.119933237,0.119972104,0.120269297,0.120485054,0.120397437,0.120590058,0.120750483,0.120799368,0.121152564,0.121276077,0.121320246,0.121463751,0.121413915,0.121448941,0.121643408,0.12172958,0.122107425,0.122020312,0.121888406,0.12233003,0.122365504,0.122336973,0.122451635,0.12256065,0.12290324,0.123167414,0.12320286,0.12357289,0.123546169,0.123500428,0.123778514,0.123955932,0.12418543,0.124350168,0.124371895,0.124614138,0.124747042,0.12495546,0.125068936,0.125263526,0.125147378,0.125371081,0.125412576,0.125400673,0.125552531,0.125781174,0.125953651,0.12622368,0.126208377,0.126368053,0.126461873,0.126609098,0.126907614,0.126771339,0.12670726,0.126936195,0.126876221,0.127079596,0.127427738,0.127366795,0.127389821,0.127377109,0.127639231,0.127753604,0.127895354,0.127944483,0.127888551,0.127633839,0.127940098,0.128276251,0.128424192,0.128356373,0.12832253,0.128197532,0.128688304,0.128819789,0.12891553,0.12904177,0.128489991,0.128695072,0.129317901,0.128917213,0.129329149,0.129009096,0.128972787,0.129179869,0.129053865,0.129304981,0.129407558,0.129131683,0.129634524,0.129377114,0.129693153,0.129431614,0.129260269,0.129420222,0.129459448,0.12952215,0.129790492,0.130016291,0.129560009,0.129695118,0.130112859,0.129081148,0.129505681,0.129455777,0.129010853,0.130038379,0.129958087,0.129758963,0.129847388,0.130156672,0.129896838,0.130249205,0.129665013,0.130569122,0.130228297,0.129328181,0.128807851,0.129658023,0.130445462,0.130198625,0.129951322,0.129973724,0.130155811,0.130034363,0.131214221,0.130556508,0.130112076,0.130604336,0.130319642,0.130326126,0.12996334,0.130900737,0.130180647,0.130017822,0.130726763,0.130521162,0.131068794,0.131121338,0.1308125,0.130459166,0.130416765,0.131236491,0.130639704,0.130791001,0.130666686,0.130728203,0.130462977,0.130680735,0.130927916,0.130726927,0.130877204,0.130995314,0.130892331,0.130982048,0.130699594,0.131239463,0.131167447,0.131591139,0.131584067,0.131200609,0.130803513,0.131651189,0.131784022,0.131993779,0.131833487,0.131894127,0.131926925,0.131643981,0.131757364,0.132005445,0.132129785,0.132164128,0.131983878,0.132056032,0.132355313,0.132123824,0.132382889,0.132732857,0.132552039,0.132848173,0.13254178,0.132436926,0.132482394,0.132506208,0.132605037,0.133001694,0.132658985,0.132607847,0.132839995,0.132944138,0.133402653,0.133245732,0.13346891,0.133365889,0.132928939,0.132988497,0.133556635,0.133096483,0.133533952,0.13392824,0.133409201,0.134008655,0.133995427,0.133346692,0.133460586,0.133348834,0.133889205,0.134176957,0.134168804,0.134198232,0.133984557,0.134010304,0.134248555,0.134059364,0.134013099,0.134699734,0.134051234,0.134338016,0.134448019,0.134694083,0.135817349,0.135842165,0.135337753,0.135821372,0.135431538,0.135671186,0.135651732,0.134978287,0.135543503,0.135910706,0.135300258,0.136230682,0.1358718,0.135817812,0.136143053,0.135754636,0.136412379,0.136070654,0.135517626,0.137026798,0.136000677,0.135773223,0.137284109,0.135917585,0.136347869,0.137277646,0.13675048,0.138027546,0.137531888,0.136581362,0.13791278,0.138110843,0.138247467,0.137572171,0.138384969,0.138758627,0.139068209,0.138757166,0.138862565,0.139482527,0.139554973,0.139238672,0.139331186,0.139296208,0.139435473,0.139696161,0.1399148,0.140064613,0.140023533,0.139409259,0.139588878,0.139708818,0.139528709,0.139748585,0.140553112,0.140748686,0.140747047,0.140875325,0.140951036,0.141205891,0.141645406,0.14187895,0.142199812,0.142154818,0.141747651,0.141435979,0.141165624,0.140711341,0.140989926,0.141728867,0.141778865,0.142032658,0.142379277,0.142498571,0.142699646,0.143046838,0.143140025,0.143198763,0.143076407,0.143100464,0.143359866,0.14354252,0.143887139,0.144257688,0.144537325,0.144435888,0.144158952,0.14411093,0.14402956,0.143757486,0.143604239,0.143502438,0.14337001,0.143456551,0.143987874,0.144698655,0.144985177,0.14477752,0.144376026,0.144275852,0.14413754,0.14407788,0.144240042,0.144117877,0.144056079,0.143783109,0.143898295,0.144033917,0.144458237,0.144634085,0.144587072,0.144504491,0.14412047,0.144091518,0.144234835,0.14446298,0.144563081,0.144653033,0.144962832,0.145260307,0.145331465,0.145210974,0.14474926,0.144710156,0.144682948,0.144705371,0.144640826,0.144731781,0.144763474,0.144968719,0.145273121,0.145525562,0.145706271,0.145500689,0.145552047,0.145737845,0.145871849,0.146209767,0.146324953,0.146352138,0.146411827,0.146270438,0.146028868,0.14602095,0.146199177,0.146547229,0.146716125,0.146801228,0.147159051,0.147334276,0.147216756,0.147327827,0.147159125,0.146936541,0.146815034,0.147010176,0.147096546,0.147104056,0.147113246,0.147041581,0.147027555,0.147185923,0.147219071,0.147316992,0.147237984,0.147320595,0.147481171,0.147495569,0.147774452,0.147736973,0.147588397,0.147570596,0.147616908,0.147426584,0.147206759,0.14723119,0.14702918,0.146765201,0.146708421,0.146717185,0.14671892,0.146776251,0.146881331,0.146868415,0.146822078,0.146752399,0.14664728,0.146536,0.146381475,0.146148449,0.146078284,0.145842067,0.145727317,0.145956213,0.146159822,0.146274757,0.146338599,0.14625755,0.146174185,0.146135984,0.146217155,0.146408307,0.146594207,0.146683001,0.146959838,0.146961668,0.14686866,0.146962005,0.14694381,0.146820222,0.146919934,0.146984206,0.147093941,0.147201128,0.147376781,0.147739538,0.147891156,0.147800757,0.14815196,0.148210686,0.148171977,0.148525297,0.14860224,0.148707201,0.148848771,0.14886252,0.148897467,0.148783493,0.148751043,0.149140289,0.149185426,0.149345914,0.149352333,0.149232524,0.149351362,0.14957298,0.149738452,0.149764839,0.150051553,0.150162687,0.150262054,0.150495969,0.150973321,0.151144347,0.151370712,0.151617325,0.151470509,0.151653996,0.151861063,0.152110795,0.152300171,0.15245763,0.152500722,0.152737171,0.152856149,0.153177803,0.153448959,0.15338841,0.153317963,0.153402708,0.153411008,0.15360465,0.15369621,0.153722416,0.153815259,0.154189329,0.154270246,0.154452116,0.154616813,0.154492675,0.154624624,0.155001248,0.155211941,0.155308885,0.155397149,0.155306104,0.155368198,0.155705681,0.155959797,0.156152081,0.156415421,0.156642508,0.156749317,0.156891179,0.157079489,0.157173933,0.157177051,0.15735203,0.15756092,0.157668379,0.157845161,0.157942792,0.158212215,0.158333095,0.158473857,0.158682281,0.158682827,0.158680619,0.158769474,0.158842518,0.158979703,0.159170136,0.159264873,0.159332668,0.159432103,0.159523921,0.159704425,0.160037741,0.160166674,0.160075149,0.160119392,0.160235517,0.160223286,0.160368752,0.160471608,0.160357805,0.16032314,0.160325279,0.160390065,0.160498284,0.160680045,0.160833324,0.161046959,0.1612016,0.161313856,0.161466091,0.161668833,0.161668278,0.161415355,0.161469581,0.161597997,0.161676543,0.161914517,0.161961861,0.16189043,0.161909555,0.161850508,0.161866852,0.16190554,0.161872097,0.161834642,0.161908923,0.161954,0.1620477,0.16195369,0.161786445,0.161799777,0.161695062,0.161735132,0.162094988,0.162054272,0.161837113,0.161727189,0.161482272,0.161393065,0.161408901,0.16135156,0.161277893,0.161174071,0.161149522,0.1610204,0.160996767,0.160836115,0.160474212,0.160302603,0.160205674,0.160087777,0.160005604,0.160045283,0.159986551,0.15986616,0.15973067,0.159583674,0.15948989,0.159335234,0.159178034,0.159075382,0.158884264,0.158710065,0.15858649,0.158426479,0.158198984,0.158012293,0.157846159,0.157784048,0.157661827,0.157457552,0.157270619,0.156977714,0.156821514,0.156540213,0.156289895,0.15615786,0.155942014,0.155701455,0.155605086,0.155412898,0.15509128,0.154791902,0.154366594,0.154030099,0.153773116,0.153409578,0.153005958,0.152615892,0.152134267,0.151585455,0.151101934,0.150475133,0.149897852,0.149156037,0.148225912,0.147287162,0.146416992,0.145415811,0.144322614,0.143157287,0.141891764,0.140430767,0.139102717,0.137821647,0.13631216,0.134701122,0.133129361,0.131346435,0.129802655,0.128402399,0.126716424,0.125083734,0.123440805,0.121452153,0.119774124,0.118555578,0.117024159,0.11551977,0.114053652,0.112114032,0.110701975,0.109546615,0.10834819,0.107187279,0.106141847,0.105059355,0.103988503,0.103260498,0.102366908,0.101261582,0.100468304,0.099695245,0.098939424,0.098368168,0.097858996,0.097303014,0.09671412,0.096250772,0.095777023,0.095347547,0.095026361,0.094562402,0.093991753,0.093650602,0.093318123,0.093013899,0.092912558,0.092607081,0.092118952,0.091853546,0.091677953,0.091565926,0.091543103,0.091415645,0.09136961,0.09123159,0.091156874,0.090981206,0.090749065,0.090691253,0.090456245,0.090358864,0.090650081,0.090679512,0.090605962,0.090700346,0.09077941,0.090742246,0.0909345,0.091137186,0.091296055,0.091372086,0.091510169,0.091575775,0.091854086,0.092316415,0.092595023,0.09275113,0.092971661,0.093141038,0.093435471,0.093960574,0.094342923,0.094593014,0.094894263,0.095236035,0.09552412,0.095975492,0.096369363,0.09677862,0.097231846,0.097664723,0.098152831,0.098612669,0.099135188,0.099780398,0.100422524,0.100966422,0.101491243,0.102044687,0.102412049,0.102887718,0.103304759,0.103641267,0.104112298,0.104673872,0.10529501,0.1059394,0.106494157,0.107188774,0.107793425,0.10844592,0.109049519,0.109689077,0.110211062,0.110837156,0.111419448,0.112091085,0.112582965,0.113252544,0.113879698,0.114593349,0.115385609,0.116064682,0.116477007,0.117115842,0.117630047,0.118169293,0.118684328,0.119279682,0.119812825,0.120434968,0.121085586,0.12160624,0.122137307,0.122759177,0.123052922,0.123594002,0.124111677,0.124795532,0.12550801,0.12597751,0.126415013,0.127005236,0.12761201,0.128156402,0.128862819,0.129411012,0.129807844,0.130374312,0.130738678,0.131281309,0.131876615,0.132284592,0.132839636,0.133269329,0.133905391,0.134220466,0.134629529,0.135155056,0.135785284,0.136459279,0.137237875,0.137906349,0.138395092,0.138838566,0.139267242,0.139665229,0.140102158,0.140645535,0.14105144,0.141379501,0.141887549,0.142152214,0.142607755,0.14350687,0.143954661,0.144275893,0.14469621,0.144731406,0.145080207,0.145764545,0.146195772,0.146685751,0.146999408,0.147295746,0.147646197,0.148152144,0.148454408,0.148840697,0.149188736,0.149613682,0.150003485,0.150367901,0.15068203,0.150794759,0.151241917,0.15170502,0.152121448,0.152621443,0.153012086,0.153031233,0.15332479,0.153560378,0.15383455,0.154169854,0.154550141,0.154785094,0.155135119,0.155670643,0.15609097,0.156388612,0.156616769,0.156540031,0.156845097,0.157133976,0.157329571,0.157644805,0.157731487,0.157803382,0.158007088,0.158254239,0.158524241,0.158803598,0.158981546,0.159468595,0.159944872,0.160541087,0.160705697,0.160625086,0.160880239,0.161221306,0.161371246,0.161770245,0.161908877,0.161624489,0.16173636,0.162035103,0.162188792,0.162656864,0.162956066,0.162889799,0.163105106,0.163260383,0.163416281,0.163587181,0.163792402,0.163784714,0.163931771,0.164368728,0.164665391,0.164652528,0.164847764,0.16506316,0.165324194,0.165564617,0.165548912,0.16524974,0.165483191,0.166081277,0.166143836,0.166319699,0.166488441,0.166191066,0.166333653,0.166676199,0.166744321,0.167084606,0.167210362,0.167083133,0.167147292,0.167216255,0.167441308,0.167788745,0.168028373,0.168104121,0.168225997,0.168607489,0.168814045,0.168823772,0.168878459,0.168771674,0.168930286,0.16908596,0.169126803,0.169217796,0.169308592,0.169643433,0.169657829,0.169602995,0.169694706,0.169662703,0.169772836,0.169945918,0.169945043,0.169853086,0.169901597,0.169795738,0.169857597,0.169971506,0.169994996,0.17036157,0.170350428,0.170260981,0.170171756,0.16978079,0.169772354,0.169877924,0.170186855,0.170359515,0.170211701,0.17001627,0.169906816,0.169849452,0.16985788,0.169993053,0.169835456,0.169843139,0.170218956,0.170399427,0.170365353,0.170186402,0.169877516,0.169399998,0.169168077,0.168989937,0.168939551,0.169244074,0.169276735,0.169178262,0.169100567,0.169120085,0.168713289,0.168550736,0.168279588,0.168016095,0.167843197,0.167769472,0.167343471,0.167200913,0.166962861,0.166506676,0.166464235,0.166367045,0.166121238,0.165829771,0.165261453,0.164975706,0.164575876,0.164430219,0.164524529,0.164357943,0.163933298,0.163853514,0.163893907,0.163681947,0.163261844,0.162881843,0.162155038,0.161815418,0.16181719,0.161469361,0.161252666,0.160905061,0.160284526,0.159771058,0.159375611,0.159217616,0.159188477,0.15891261,0.158246219,0.157837668,0.157466471,0.157192022,0.156913333,0.156804651,0.15645462,0.156375317,0.156378532,0.155625876,0.155298379,0.155213834,0.155024538,0.154753581,0.154536158,0.153929172,0.153490329,0.153482261,0.153363185,0.1530937,0.152722644,0.152718812,0.152409526,0.152307219,0.152420189,0.152050886,0.151991722,0.152082405,0.152105045,0.15227035,0.152085219,0.151491341,0.151186847,0.151048073,0.150621588,0.150483903,0.150393576,0.150735136,0.150867481,0.150845108,0.151094616,0.150976292,0.150954212,0.15103912,0.150990878,0.150686706,0.150957745,0.150727281,0.151166228,0.150960812,0.150526296,0.150423894,0.150183338,0.150233797,0.150247744,0.150326472,0.150370732,0.149990757,0.150380619,0.150678383,0.151049402,0.151784096,0.1520485,0.151895105,0.151546644,0.151712929,0.151814765,0.151423438,0.151305222,0.151644952,0.151908022,0.151846193,0.152054339,0.151796609,0.151294915,0.151025407,0.15065462,0.150870351,0.150478182,0.150654051,0.150593187,0.150051217,0.150044942,0.150523985,0.150087771,0.149156864,0.149457907,0.14894179,0.148955474,0.148663753,0.148531317,0.148413239,0.147176217,0.146657042,0.145598458,0.145082799,0.145230269,0.144495227,0.14403226,0.143985655,0.142881849,0.141562742,0.141137577,0.139707886,0.138201849,0.137094207,0.1358494,0.13456848,0.133013843,0.131807157,0.13068379,0.129283365,0.128045429,0.126558252,0.124570871,0.122771504,0.12036412,0.117775856,0.115283574,0.11343129,0.110744367,0.107949945,0.106013523,0.103021387,0.100403473,0.098390886,0.096670909,0.095084311,0.093044044,0.090532767,0.088279053,0.086097703,0.083448275,0.080773591,0.078411475,0.075845195,0.073675626,0.071707013,0.070034377,0.069022389,0.066774606,0.064012229,0.062351585,0.060424628,0.058994995,0.057731297,0.057195172,0.056009525,0.054818815,0.05415207,0.053311606,0.052829151,0.052263096,0.051081189,0.050823074,0.050381309,0.050138718,0.049771858,0.049294902,0.048723394,0.047918841,0.047398297,0.046916582,0.046377823,0.046158946,0.046228462,0.046164429,0.046288732,0.04619127,0.045525762,0.044860411,0.04415118,0.043681636,0.043773364,0.043646384,0.043591399,0.043576146,0.043203156,0.043089655,0.043036286,0.043198387,0.042969519,0.042945562,0.042801839,0.042375652,0.042587279,0.042762548,0.04307866,0.043406998,0.043253892,0.043595099,0.043871579,0.044312293,0.044098631,0.044192982,0.044179596,0.044131388,0.044893505,0.045452729,0.045623961,0.045810906,0.045666347,0.045671896,0.045902131,0.045993057,0.046047665,0.045668337,0.045438913,0.045436788,0.045220192,0.045350109,0.04564093,0.045940097,0.046530145,0.047637993,0.04808852,0.048352996,0.049010833,0.049516547,0.049756112,0.050408952,0.050661808,0.050358742,0.050262983,0.050450613,0.051142804,0.051504153,0.052156906,0.052608591,0.052673588,0.053003492,0.05353083,0.054239902,0.054829484,0.055276946,0.055282038,0.055648663,0.055874013,0.056173791,0.056691594,0.057595218,0.058169151,0.058695992,0.059268552,0.059651783,0.059979653,0.060251591,0.060423276,0.060790019,0.061140257,0.062182881,0.063294474,0.063860452,0.064494185,0.065064611,0.065109928,0.065699056,0.066608463,0.067479503,0.067663062,0.06742462,0.067563791,0.067427099,0.067462436,0.06854066,0.069231989,0.070121158,0.070698883,0.07140159,0.07195527,0.072176634,0.07248569,0.072997626,0.073269895,0.074183717,0.074795315,0.075023334,0.076002032,0.076471877,0.07638257,0.076642583,0.077031004,0.076949085,0.076677448,0.07718193,0.077964252,0.078658474,0.079988657,0.080687421,0.080669103,0.081105441,0.081864843,0.082346806,0.082857264,0.083293833,0.083834692,0.084178058,0.084229337,0.084293517,0.084410899,0.084439021,0.084522279,0.08510004,0.085192864,0.084840251,0.085952914,0.086469109,0.086879261,0.087572191,0.087911631,0.088206057,0.088922153,0.089119665,0.089914427,0.089994676,0.090012441,0.090392716,0.090827484,0.091664068,0.092351862,0.092671067,0.093229885,0.093549296,0.094058444,0.0940436,0.09377889,0.093531825,0.093832757,0.094299304,0.094659507,0.094937252,0.095174581,0.095066938,0.095879489,0.097285088,0.097429633,0.098361047,0.09933104,0.099376413,0.100237998,0.100783532,0.100946458,0.101595919,0.102371739,0.102368371,0.10270261,0.103349261,0.103867653,0.104133218,0.104682535,0.104294349,0.103696834,0.103364961,0.102542636,0.101870775,0.102865789,0.102588858,0.102965022,0.105156891,0.105979438,0.106753518,0.107034462,0.107045992,0.107129417,0.106851781,0.106982981,0.107392781,0.107845398,0.108459125,0.108631162,0.109860989,0.110633512,0.110859955,0.111694173,0.111229543,0.110974321,0.111644941,0.110858763,0.111953752,0.111959526,0.111617518,0.112161096,0.112450228,0.113091426,0.113461972,0.112266259,0.112095911,0.111979193,0.111836697,0.113479652,0.113370096,0.11371058,0.115361525,0.116111084,0.115194722,0.115573268,0.11423589,0.113482262,0.114640274,0.115013947,0.11445145,0.114891092,0.114670001,0.115315797,0.114406821,0.114750373,0.112159276,0.113326809,0.113066141,0.114292475,0.114604866,0.116653489,0.116824799,0.117654942,0.118726347,0.118972249,0.118628325,0.118330343,0.117338446,0.115592179,0.116332418,0.116344267,0.116520958,0.117608653,0.11797937,0.118137062,0.118248558,0.116788003,0.115846939,0.116702671,0.117181436,0.118526261,0.118733831,0.119270393,0.11867665,0.118130082,0.116571544,0.116919967,0.11492065,0.11561208,0.117190128,0.116995534,0.1183612,0.118381887,0.116724408,0.116870225,0.118095039,0.118315033,0.118765401,0.118523262,0.117782777,0.117971347,0.117143747,0.115865478,0.115329453,0.115171044,0.114019212,0.11384355,0.114703631,0.115492797,0.116070498,0.117712758,0.117322232,0.117523541,0.118790903,0.11739586,0.117360233,0.116696615,0.117239641,0.116013092,0.115749276,0.116328562,0.115828944,0.115545956,0.114245834,0.114069575,0.113722146,0.11337084,0.113788985,0.113259412,0.113466829,0.114181151,0.11599896,0.117844742,0.118474646,0.119241439,0.118777784,0.118118297,0.117190707,0.116415752,0.115983214,0.116993518,0.11765717,0.11881079,0.11922258,0.118359432,0.116729475,0.115684976,0.114367334,0.113786668,0.113260845,0.113023496,0.114097207,0.115321968,0.116208083,0.116097855,0.114413657,0.113296485,0.114321274,0.115053665,0.116633396,0.116376871,0.116956122,0.117584362,0.116269459,0.115831149,0.114989701,0.112930336,0.112770643,0.112302746,0.112674325,0.112797928,0.113658923,0.113357241,0.113388188,0.114435954,0.114634635,0.112938037,0.11284518,0.11278821,0.111911644,0.112651356,0.113461527,0.114311569,0.113258156,0.111521644,0.111639825,0.1110914,0.110527396,0.110448503,0.10932364,0.107816229,0.107662566,0.106540571,0.106354664,0.106683499,0.107027896,0.107295853,0.108283779,0.109762737,0.10988211,0.109901629,0.108663649,0.105364143,0.103849615,0.105088074,0.105226877,0.105789394,0.106206387,0.103938887,0.10386787,0.10503713,0.106225538,0.105651303,0.104770188,0.104522655,0.102850859,0.104057697,0.105286232,0.105231078,0.105336009,0.105347071,0.103651299,0.102740081,0.101040757,0.098681879,0.098775244,0.095611738,0.092876652,0.093137498,0.092818673,0.094098608,0.094584599,0.095238254,0.093984444,0.091813911,0.091478282,0.089825802,0.08924609,0.087226896,0.08664899,0.088223209,0.089784985,0.091850754,0.092341442,0.092792748,0.089515455,0.089062232,0.090317994,0.090274202,0.092353885,0.092640655,0.092779061,0.092550396,0.091551114,0.092429543,0.092686557,0.092945556,0.096812902,0.096975121,0.094221087,0.093100213,0.090512285,0.088327507,0.086612707,0.086376827,0.086409349,0.086240506,0.087768543,0.088577648,0.09126634,0.092090171,0.093510798,0.093710752,0.092097887,0.088636996,0.08176965,0.079299928,0.077326049,0.075975644,0.079491383,0.080167166,0.08019839,0.080245684,0.078602921,0.078533971,0.077994803,0.080265744,0.08295651,0.088251823,0.098171385,0.099787111,0.102648789,0.10065698,0.090385271,0.086017988,0.08033156,0.080935076,0.083681769,0.085231524,0.088118836,0.08669816,0.081214963,0.081745,0.078202081,0.077700328,0.076140071,0.074027985,0.071524924,0.071717705,0.074076984,0.074230196,0.081313699,0.081395561,0.081029714,0.081063312,0.073142782,0.072659038,0.071845661,0.065817835,0.06757705,0.065696195,0.064015853,0.072059063,0.07525534,0.075560731,0.080330024,0.077322818,0.07721317,0.083788305,0.078110886,0.07539782,0.076931467,0.073327265,0.074101646,0.075779545,0.077410656,0.07850076,0.083706341,0.086799533,0.084535036,0.081368169,0.074972347,0.076852216,0.07866849,0.076684945,0.073127052,0.067162682,0.059407666,0.061239406,0.064242507,0.070738515,0.078020221,0.082833425,0.078331404,0.066936585,0.057257993,0.052754073,0.053383124,0.055912561,0.059585631,0.058808257,0.053815425,0.05106609,0.040093999,0.039516852,0.043462645,0.047502521,0.064089917,0.068259968,0.064339321,0.06787498,0.064336933,0.072301059,0.078185764,0.074999574,0.074729566,0.073955244,0.076846386,0.082191202,0.086447281,0.088557004,0.080468317,0.072595314,0.071329326,0.076915399,0.085148619,0.081632914,0.085017777,0.093815153,0.099966482,0.108115192,0.097048964,0.086587016,0.071409496,0.067942639
/data/asd/1/1549991144-00.asd,sp2_run8,72,0,72,0,-0.0354659,0,0.044206786,0.051792217,0.053679218,0.046718432,0.047088415,0.053891798,0.044817327,0.047815528,0.055686818,0.051026168,0.047768321,0.04753148,0.050004037,0.048274113,0.048809941,0.04972106,0.050367271,0.05119257,0.052865133,0.05405136,0.054882129,0.053143832,0.052981243,0.053597538,0.054280719,0.0512538,0.050197258,0.051632409,0.052808812,0.053965264,0.054791044,0.057247029,0.055808005,0.05356845,0.053996448,0.056572696,0.055674082,0.053741385,0.057165369,0.057164754,0.055308842,0.055359794,0.056998776,0.056831836,0.057636086,0.058339172,0.055956284,0.056568103,0.057845365,0.057088642,0.057372867,0.057778298,0.059233735,0.060236882,0.060007555,0.060027011,0.06034429,0.060636523,0.060432035,0.060035151,0.06040616,0.061932473,0.062298938,0.062339371,0.062291735,0.061606001,0.062098253,0.06361698,0.062843319,0.062701267,0.062850477,0.062714376,0.064635108,0.065880982,0.066560276,0.065769345,0.065770006,0.065192789,0.065713184,0.067406577,0.067134528,0.06694739,0.067641243,0.068333093,0.068364466,0.068516547,0.069459822,0.069853918,0.069407622,0.069853484,0.071704202,0.07141538,0.071058062,0.071307409,0.072092586,0.072670168,0.072967255,0.073216116,0.073037444,0.073539079,0.073924583,0.073663904,0.074084023,0.074598979,0.075018909,0.075406845,0.075423542,0.07570054,0.075788197,0.07577791,0.076147753,0.076491337,0.076666591,0.076939098,0.076868469,0.07718116,0.077133898,0.077670667,0.078241484,0.078878942,0.078620909,0.078554193,0.078912596,0.079600593,0.079584982,0.079872699,0.080394871,0.080098661,0.080660863,0.080909204,0.081058369,0.080956107,0.081334263,0.081628831,0.081720478,0.082609474,0.082976585,0.082945694,0.083049761,0.083577717,0.083970995,0.084268351,0.084319657,0.084438439,0.084654272,0.084889231,0.085733698,0.085976208,0.086228696,0.086661171,0.086811923,0.087115315,0.087829907,0.087988122,0.088184413,0.088803877,0.089257186,0.089326868,0.089666884,0.089836863,0.090000671,0.090578494,0.091081172,0.091612629,0.09153189,0.091627001,0.092128377,0.092765568,0.092786736,0.093201518,0.093371522,0.093525235,0.093694895,0.094109958,0.095096742,0.09518701,0.095167435,0.095626147,0.09608507,0.096353728,0.096558932,0.097184632,0.097304381,0.097563468,0.0980252,0.098315989,0.098489843,0.09891465,0.099281629,0.099869733,0.099767652,0.100167472,0.100554374,0.10056334,0.100944036,0.10151419,0.101652653,0.101712145,0.101930446,0.10230045,0.102529329,0.102898142,0.103272268,0.103467397,0.10348992,0.103835279,0.104133255,0.104383149,0.104832702,0.105124734,0.105241265,0.105466598,0.105895579,0.106332416,0.106561597,0.106809135,0.106911222,0.107086975,0.107315793,0.107677527,0.108015663,0.10818104,0.108284293,0.108359405,0.108350871,0.108480561,0.108538819,0.108500728,0.108359684,0.108505386,0.108547069,0.108549113,0.108578404,0.1085396,0.108527471,0.108624162,0.108531772,0.108676143,0.108945723,0.109106257,0.109180075,0.109220194,0.109357891,0.109451362,0.109630661,0.109714269,0.109882858,0.109890765,0.109804795,0.109832507,0.109930124,0.10987894,0.109925313,0.109930523,0.109993125,0.11014422,0.110227734,0.110316823,0.110037362,0.110163583,0.110347058,0.110285237,0.1101751,0.110257279,0.110378359,0.110194733,0.110285423,0.110339988,0.110282285,0.110282581,0.110385731,0.110491799,0.110558003,0.110684729,0.110642501,0.110552339,0.110528498,0.110482846,0.110519809,0.110517246,0.110506281,0.110544445,0.110539489,0.110709068,0.110614536,0.110643934,0.11070086,0.110747541,0.110673286,0.11062273,0.110743979,0.110616992,0.110593525,0.110643624,0.110804732,0.11080552,0.110733868,0.110771409,0.110729639,0.110692352,0.1107067,0.110630412,0.110533181,0.110531195,0.110453128,0.110397312,0.110655006,0.110557115,0.110344831,0.110329472,0.110287837,0.110251127,0.11027777,0.110219782,0.110136985,0.110098854,0.109978025,0.109998564,0.11004983,0.110150738,0.110165269,0.110216656,0.11030818,0.110298445,0.110413546,0.110510215,0.110470925,0.110700209,0.110845744,0.110795274,0.110924997,0.111131235,0.111069904,0.1111665,0.111219209,0.111340732,0.111573155,0.111489916,0.111556286,0.111828392,0.111904391,0.111910907,0.111992289,0.112292045,0.11245982,0.112433151,0.112586669,0.112816156,0.112801522,0.113011655,0.113214328,0.113165117,0.113112893,0.113319955,0.113364695,0.113528981,0.113615501,0.113781084,0.114045236,0.114075796,0.1142868,0.114359841,0.114364726,0.114608067,0.114812304,0.114794609,0.114909241,0.115127358,0.115203108,0.115438979,0.115521244,0.115641419,0.115713236,0.115762885,0.115938948,0.115999654,0.116141088,0.116393371,0.116338199,0.116550705,0.116839853,0.116792229,0.116955703,0.117005131,0.117141951,0.117597382,0.11751323,0.117522931,0.117724426,0.117706841,0.11791609,0.118124722,0.118112899,0.118263906,0.118494736,0.11863872,0.118778203,0.118973902,0.119185981,0.119215101,0.119247788,0.119516482,0.119749778,0.119674082,0.119968233,0.1202698,0.120331744,0.120352727,0.120312756,0.120405822,0.120641205,0.120651952,0.121056753,0.120985255,0.120820779,0.121252187,0.121319788,0.121359753,0.121546924,0.121510503,0.121811856,0.122048236,0.122034039,0.122436106,0.12254328,0.122559327,0.12278777,0.12288877,0.123083732,0.123286397,0.123325169,0.123529132,0.123645556,0.123875176,0.123961714,0.124154403,0.124075669,0.124333285,0.124330688,0.124274793,0.12440522,0.12464615,0.124825321,0.125200751,0.125254429,0.125354634,0.125352409,0.125372514,0.125585612,0.125693114,0.125631046,0.125764024,0.125697723,0.125919178,0.126319277,0.126185716,0.126241079,0.126286599,0.126535998,0.126552227,0.126764568,0.126735435,0.126668762,0.126564062,0.126668234,0.127006182,0.127285725,0.127251068,0.127203089,0.126966327,0.1272827,0.12762268,0.127645212,0.127763582,0.127474578,0.127653643,0.128195754,0.127764704,0.128172076,0.12793423,0.127895991,0.128107766,0.127983064,0.128053431,0.128154596,0.127967463,0.128405939,0.128035765,0.128267457,0.128173839,0.128071261,0.128365289,0.12826102,0.128078435,0.128446262,0.128783066,0.128311142,0.128342192,0.128894281,0.127863664,0.128154832,0.128285717,0.12754968,0.128368787,0.128530315,0.128304569,0.128582422,0.128998236,0.128616911,0.128956351,0.128310606,0.129170891,0.128842815,0.12815536,0.127642886,0.128416195,0.129148201,0.129063093,0.128744766,0.128551772,0.1287345,0.128776954,0.130011233,0.129458537,0.129049788,0.129438241,0.129172628,0.129106249,0.128898564,0.129781441,0.128755821,0.128377604,0.129250477,0.129406184,0.129998987,0.129608364,0.129335176,0.129127969,0.129051626,0.129865052,0.129180802,0.129344512,0.129329743,0.129354339,0.129242392,0.129486869,0.129447236,0.129438347,0.129442528,0.129596006,0.129638866,0.129663781,0.12910816,0.129697648,0.129820204,0.129951876,0.130086904,0.130029322,0.129785672,0.130250381,0.130194477,0.130357612,0.13024792,0.130492711,0.130738485,0.130599364,0.130350249,0.130307577,0.130453781,0.130754953,0.130643502,0.130748625,0.131219518,0.130990616,0.130789476,0.131121812,0.130967487,0.131153577,0.131318941,0.131215614,0.131085229,0.131392376,0.131246563,0.131742475,0.131676235,0.131428431,0.131556772,0.131604678,0.131797321,0.131813854,0.131460401,0.132012537,0.132466014,0.131843484,0.132016775,0.131714462,0.13218517,0.132295697,0.131805543,0.132286241,0.13246746,0.132027719,0.132022392,0.131825595,0.132231075,0.132471042,0.132011972,0.132104926,0.132457346,0.132309526,0.132543714,0.132559549,0.132557764,0.13267151,0.132509122,0.133411274,0.133837359,0.132995001,0.133946721,0.134043229,0.133506758,0.133721522,0.132938881,0.13373134,0.134497876,0.132937102,0.134290824,0.134748365,0.133232305,0.134006149,0.13376998,0.134055206,0.134827203,0.133062805,0.133862853,0.134608244,0.133849956,0.134994426,0.134186304,0.133504894,0.134493141,0.133936733,0.135051833,0.136002319,0.135563293,0.135581732,0.135172836,0.134784573,0.136234648,0.135269707,0.135843601,0.135613295,0.135749889,0.136140804,0.136379569,0.13647311,0.1365954,0.136789941,0.136966746,0.137170986,0.13727846,0.137334991,0.137321962,0.136929047,0.136923138,0.137063593,0.137369145,0.138002402,0.138709923,0.138963052,0.138992236,0.139138297,0.139144766,0.139120835,0.13913781,0.139277576,0.139409731,0.13945131,0.139880125,0.139904838,0.139373725,0.139272833,0.139634228,0.139572041,0.139662099,0.14019658,0.140859192,0.141176591,0.141020162,0.140727898,0.140872383,0.140833612,0.14083695,0.141479533,0.141512699,0.141016769,0.141180429,0.141723024,0.141829669,0.141642971,0.141600812,0.141004509,0.14066356,0.14102017,0.141389406,0.141743906,0.142314113,0.14243351,0.14235219,0.142198243,0.142001939,0.141983268,0.141931941,0.141951347,0.142186354,0.142218664,0.142691374,0.143100293,0.14275236,0.142810762,0.142976618,0.14225897,0.142057257,0.142362656,0.14244253,0.142079519,0.142307481,0.142521665,0.142312238,0.142447375,0.142546074,0.142744444,0.143224301,0.143474509,0.143358827,0.143357478,0.143464666,0.143447332,0.143405666,0.14339553,0.143727015,0.143913521,0.143962761,0.144051609,0.144118508,0.143839425,0.143634968,0.143697041,0.143876347,0.14397807,0.144104914,0.144256183,0.144429661,0.144654835,0.144792925,0.144816441,0.144978599,0.14520542,0.145394474,0.145455241,0.145512401,0.14565357,0.145644815,0.145597376,0.145763898,0.145928559,0.145926036,0.146198361,0.14644692,0.146374432,0.146412933,0.14649041,0.14647523,0.146383199,0.146457616,0.146522305,0.146468096,0.146556172,0.146571262,0.146703362,0.146700605,0.146860596,0.146925007,0.147183854,0.147479522,0.147379641,0.147349825,0.147169395,0.146975279,0.146758563,0.146640152,0.146385776,0.146005992,0.145886663,0.146069805,0.145903103,0.145742678,0.14585819,0.146133531,0.146276979,0.14632096,0.146491595,0.14632531,0.145950904,0.145824199,0.145418912,0.145233432,0.145205566,0.145233224,0.145307944,0.145290757,0.145500479,0.145431261,0.145431245,0.145386955,0.145335523,0.145249812,0.145279769,0.145546895,0.145515066,0.145410867,0.145373588,0.145631821,0.145730373,0.145918445,0.146139145,0.146210473,0.146151371,0.146352897,0.146385656,0.146238724,0.14620045,0.146360563,0.146571519,0.147030885,0.147150408,0.147166054,0.147317199,0.14729216,0.147395897,0.147411063,0.147620536,0.147793986,0.147884499,0.147920042,0.147671817,0.147703817,0.14790208,0.14801136,0.148370344,0.148715701,0.148759383,0.148890837,0.148801098,0.148933349,0.149368139,0.149518684,0.149822848,0.149910368,0.149928213,0.14972928,0.149748171,0.149939331,0.150217894,0.150430284,0.15061525,0.150683874,0.150904651,0.151162804,0.15135254,0.151410173,0.151769697,0.151842319,0.152148206,0.152626486,0.152648687,0.152552925,0.152518977,0.152439859,0.152238928,0.152392964,0.15284987,0.153063503,0.153338248,0.153509922,0.153634758,0.153830757,0.154101399,0.154322016,0.154547582,0.154611415,0.154608632,0.154721845,0.154857737,0.154944256,0.155188416,0.155481296,0.155703488,0.15590277,0.156046265,0.155988319,0.156104204,0.156216118,0.156396964,0.156873938,0.157105259,0.157117289,0.157170259,0.157250828,0.157322003,0.157672283,0.157793974,0.157750861,0.157838956,0.157785534,0.157901889,0.158100948,0.158421497,0.15853155,0.158511477,0.158579359,0.158663923,0.158791299,0.159279565,0.159432928,0.159253639,0.159301531,0.159175829,0.159302598,0.159870264,0.160021301,0.160069607,0.160172826,0.160164869,0.160063258,0.160052456,0.160163343,0.160325605,0.160633342,0.160706734,0.160808909,0.160831441,0.160650828,0.160672565,0.160837793,0.160813414,0.160678238,0.160760488,0.160955941,0.161062222,0.161216425,0.161240074,0.161221892,0.161268441,0.161447009,0.161438913,0.161389587,0.161268893,0.160992418,0.160834081,0.160781448,0.160818309,0.160852907,0.161043249,0.161133222,0.161246561,0.161263042,0.161334841,0.161271628,0.161009826,0.160975652,0.161089804,0.161026093,0.161050465,0.16092147,0.160503156,0.160280925,0.160222471,0.160143713,0.160294497,0.160278806,0.160049295,0.159916638,0.159749531,0.159410797,0.159330266,0.159392552,0.159311727,0.159244365,0.159133587,0.158927297,0.158834579,0.158815835,0.15861303,0.158249234,0.157966536,0.157580637,0.157434165,0.157498217,0.157317073,0.157049041,0.156905238,0.156790581,0.156666649,0.156583785,0.156465116,0.156140364,0.156028959,0.155816816,0.155699178,0.155589649,0.155394365,0.155177538,0.15498484,0.15486378,0.154827305,0.15455197,0.154134392,0.153775349,0.153361728,0.152999539,0.152813787,0.152493061,0.151940731,0.15143793,0.150956786,0.150352771,0.149901301,0.14920552,0.148307983,0.147323111,0.146283331,0.145235327,0.144097773,0.142909184,0.141643918,0.140332137,0.139027406,0.137737249,0.136250942,0.134667676,0.133119015,0.131424031,0.129810774,0.128289648,0.126580288,0.124793575,0.123196905,0.121609805,0.119955091,0.118390915,0.116882872,0.115432278,0.113989498,0.112490724,0.111125101,0.109557113,0.108242425,0.107079381,0.105964539,0.104873095,0.103779569,0.102816864,0.101855254,0.100888985,0.100096258,0.099323945,0.098589307,0.09801862,0.09745134,0.096941581,0.096548025,0.096039929,0.095474432,0.09497824,0.094420426,0.09395786,0.093597968,0.093235332,0.092823946,0.09254291,0.09234079,0.09208079,0.091946143,0.091725081,0.091543163,0.091365801,0.09117122,0.090935938,0.090682219,0.090480887,0.090323342,0.090214385,0.090272444,0.090258353,0.090028739,0.089911257,0.089972735,0.089897627,0.089883536,0.090044885,0.090167491,0.090203465,0.090396329,0.090569017,0.090686777,0.090623822,0.090721377,0.090709372,0.090967972,0.091363257,0.091684176,0.09193708,0.092179479,0.092374063,0.092669304,0.093055047,0.093478972,0.093925689,0.094248191,0.094530548,0.094819397,0.095196877,0.09557066,0.096033682,0.096507601,0.096987906,0.097455653,0.097883022,0.09836474,0.098821438,0.099401543,0.099993099,0.100579538,0.101241249,0.101691445,0.102195381,0.102653536,0.103102975,0.103614924,0.104153992,0.104774699,0.105404094,0.105778754,0.106472704,0.107169655,0.107842046,0.10846207,0.109080465,0.109517488,0.110163533,0.110805463,0.11153825,0.112178878,0.112910077,0.113516369,0.11422953,0.114913413,0.115612609,0.116122702,0.116760992,0.117297647,0.117836499,0.118253079,0.118868723,0.119518715,0.120119449,0.120669035,0.121147416,0.121558104,0.122220765,0.122754511,0.123337401,0.123823213,0.124527558,0.125180117,0.125649393,0.126294816,0.126842165,0.127235097,0.127693411,0.128214719,0.128719082,0.129306442,0.129979479,0.130517878,0.131124805,0.131730539,0.132160027,0.132588947,0.132996593,0.133588314,0.133924978,0.134545378,0.135048838,0.135485756,0.135961152,0.136228312,0.136696216,0.13725774,0.137743505,0.138428822,0.138869707,0.13917794,0.139610067,0.140103205,0.140573098,0.141101377,0.141511104,0.141830175,0.142271607,0.142671113,0.143024005,0.143554887,0.144031056,0.144424402,0.144962674,0.145437786,0.145798845,0.146110758,0.146575971,0.146948074,0.147422061,0.147746177,0.148198171,0.148474428,0.148653201,0.149064087,0.149476221,0.149859232,0.150307005,0.150776521,0.151042907,0.151361919,0.151651578,0.151991169,0.151996055,0.152359302,0.152839599,0.153209192,0.153688929,0.154116651,0.154352876,0.154603753,0.154978136,0.155346787,0.155508839,0.155684975,0.155673292,0.156000241,0.156356793,0.156525359,0.15669236,0.15687786,0.157180016,0.157483532,0.158036851,0.158382758,0.158643748,0.158693341,0.158984131,0.159303878,0.159507661,0.159618014,0.15981238,0.160117103,0.160359301,0.160559619,0.161011325,0.161253226,0.161260817,0.1614247,0.161717008,0.161736563,0.161836876,0.162079674,0.162167231,0.162434358,0.162858566,0.163094662,0.163188256,0.163392185,0.16351204,0.163548417,0.163609729,0.163765514,0.163531011,0.163667413,0.164063524,0.164460877,0.164968065,0.16503542,0.164878647,0.165054178,0.165224347,0.165227993,0.165409713,0.165747229,0.165971004,0.166199439,0.166399842,0.166409181,0.166276413,0.166370059,0.166483446,0.166575008,0.166831055,0.166995295,0.166956967,0.166984211,0.166885376,0.166792756,0.166878208,0.167138019,0.167370259,0.16754219,0.167856542,0.168195875,0.168299431,0.168368925,0.168538359,0.168533762,0.168500465,0.168449108,0.168384567,0.168440893,0.168613571,0.168752206,0.168773302,0.16886466,0.169047794,0.169190022,0.169223826,0.169309518,0.169408618,0.169407634,0.169755375,0.1697032,0.169437801,0.16937851,0.169183434,0.169143172,0.169123737,0.16913241,0.169184624,0.169540359,0.169855774,0.169776406,0.169548536,0.169153754,0.168920174,0.168772952,0.168738978,0.168715579,0.168512863,0.168480223,0.168689637,0.168771231,0.168645395,0.168400502,0.168138409,0.168212173,0.168381404,0.167949507,0.167667352,0.167598387,0.167610986,0.167478765,0.167420524,0.166882239,0.166614236,0.166525443,0.166519401,0.166300971,0.166265943,0.166076263,0.165692874,0.16567359,0.16561065,0.165202134,0.165059505,0.164810518,0.164484493,0.164102564,0.163954767,0.163661551,0.163491334,0.16322431,0.163180739,0.163281713,0.162773644,0.162024449,0.161395976,0.160757,0.160496675,0.160694179,0.160601582,0.160214528,0.159772537,0.159652936,0.159195443,0.158545739,0.158446264,0.15809713,0.157853876,0.157419511,0.157020108,0.156373234,0.15579966,0.155456944,0.155388593,0.155394497,0.155301003,0.154953947,0.154489926,0.154000319,0.154072384,0.153921689,0.153596866,0.153463298,0.15305447,0.152702521,0.152517912,0.152393853,0.152229715,0.151855041,0.151804109,0.151347651,0.151110822,0.151236152,0.151073179,0.150922908,0.150865349,0.150705698,0.150718272,0.150640869,0.150123602,0.149695288,0.149674322,0.149281666,0.149220638,0.149388163,0.149729047,0.14993133,0.149777291,0.149565976,0.149654241,0.149826256,0.150023614,0.150256066,0.149737272,0.15000848,0.150082843,0.150048296,0.150117818,0.150611833,0.150798655,0.150654242,0.150910683,0.151150103,0.150980271,0.151279387,0.152040232,0.152117127,0.151231721,0.150988799,0.149987328,0.149695793,0.149894999,0.150175376,0.150468341,0.150787837,0.150700797,0.150883323,0.151197208,0.151203536,0.151316235,0.151564261,0.151405746,0.151135757,0.151832077,0.151606273,0.151207974,0.1508384,0.151238214,0.151151121,0.150819235,0.150811862,0.150880576,0.150225523,0.149733103,0.150035274,0.149563356,0.14984067,0.149520792,0.148936169,0.148672463,0.147619588,0.146907303,0.145404346,0.144738344,0.144532353,0.143942921,0.143597649,0.143992553,0.143074858,0.141795779,0.141463444,0.14000082,0.139033468,0.13798126,0.13636285,0.135079872,0.133264575,0.131895234,0.130916655,0.12946897,0.127828493,0.126104021,0.12371461,0.122020288,0.120150176,0.118296325,0.116334228,0.114661065,0.112269161,0.109418411,0.107616501,0.104997662,0.102509235,0.100309034,0.098179425,0.095802606,0.093112866,0.090414793,0.087434504,0.084938544,0.082437458,0.079785695,0.077335369,0.074836666,0.072887798,0.07097644,0.069499342,0.06819031,0.06633531,0.064440263,0.062762925,0.061007159,0.059717954,0.058421178,0.05717774,0.056100163,0.055190524,0.054525537,0.053821713,0.053163025,0.052721614,0.051768311,0.050766264,0.049957346,0.049281761,0.048509899,0.047948218,0.047667737,0.047367873,0.047459407,0.047274445,0.046664432,0.045818111,0.045180318,0.044680296,0.04409405,0.044229136,0.044673298,0.044855585,0.045166856,0.045071763,0.044624246,0.044187952,0.043387013,0.042984698,0.042743411,0.042424107,0.041944157,0.042091781,0.042176037,0.041930897,0.042012643,0.041964905,0.041768593,0.041997894,0.042726739,0.043213851,0.042927238,0.043132888,0.043408564,0.043518143,0.043171134,0.043802655,0.044102887,0.044015358,0.044391012,0.044604869,0.044722163,0.044588346,0.04449234,0.044682083,0.044963875,0.045123434,0.045289831,0.045889433,0.046028028,0.046341302,0.047035241,0.047032968,0.046922772,0.047121873,0.047454515,0.047890696,0.048222709,0.048639729,0.049169479,0.049438794,0.049587133,0.049965614,0.050133017,0.050369529,0.050549245,0.050905186,0.051328525,0.051811734,0.052787792,0.053387905,0.053710615,0.054164818,0.054715717,0.054998614,0.055203799,0.055495636,0.055226269,0.055005554,0.055533922,0.056025202,0.056517522,0.057488554,0.058062171,0.058005769,0.058499451,0.059258979,0.059919683,0.060301257,0.061145488,0.061367183,0.061610448,0.062320385,0.062731181,0.063168,0.063779145,0.064425603,0.065201934,0.065947541,0.066552181,0.067360296,0.068287652,0.068624577,0.069021034,0.069345246,0.068948324,0.068536614,0.068324286,0.068056875,0.06833798,0.069284324,0.070099153,0.071357924,0.072042979,0.072734601,0.072760838,0.073191472,0.073773151,0.074187529,0.075155566,0.075623826,0.075442422,0.076028022,0.076864616,0.077167396,0.078247821,0.078840998,0.078817129,0.078876031,0.078969113,0.078663931,0.078013159,0.078019016,0.079201753,0.079837257,0.080595278,0.081851326,0.082753643,0.0828353,0.083170112,0.08382194,0.084252468,0.084918591,0.085404501,0.086200976,0.086454236,0.086359848,0.086767939,0.087005943,0.087046799,0.087389068,0.087396179,0.087631485,0.088468972,0.088696328,0.089655308,0.08997244,0.090215468,0.090745125,0.091720239,0.092738876,0.092218117,0.091895243,0.092265813,0.092351413,0.092943494,0.094057262,0.094189445,0.093796137,0.094404717,0.095704957,0.096254543,0.096781263,0.096898108,0.096126006,0.096352508,0.096767738,0.096229522,0.09638818,0.097501281,0.097744731,0.098789705,0.099203998,0.098788804,0.09939515,0.100392762,0.100359784,0.10115969,0.101700639,0.10099124,0.101313703,0.102433166,0.102699639,0.103744568,0.10460278,0.104263389,0.103791043,0.104263516,0.104341758,0.104518144,0.106376611,0.106727895,0.106571387,0.106578728,0.10665547,0.106875315,0.107176245,0.107517403,0.108046133,0.108500863,0.108902789,0.109325565,0.109901771,0.109934847,0.109817749,0.110619387,0.110049387,0.110215993,0.110916603,0.109624245,0.110630573,0.111483859,0.110812175,0.109618518,0.109598335,0.109952728,0.110153486,0.110051808,0.110625056,0.11117097,0.111326357,0.112576454,0.112812421,0.111881432,0.111648716,0.11255344,0.112899929,0.11377305,0.114371316,0.114323049,0.114980472,0.115394981,0.115109866,0.115554802,0.114994945,0.115845848,0.1154819,0.116324264,0.115134495,0.116311548,0.116375173,0.116821766,0.115134396,0.116518453,0.115630388,0.115115578,0.115535202,0.115430068,0.115284944,0.115757184,0.11548894,0.115326289,0.116364628,0.116268465,0.115923731,0.115159416,0.11503236,0.114938886,0.11515899,0.1148529,0.1143604,0.115575596,0.115887672,0.116864524,0.117638269,0.117702078,0.116615016,0.117015442,0.115584674,0.116437676,0.116812826,0.11762174,0.117364857,0.117026565,0.118051833,0.118022117,0.117963722,0.118116834,0.118003223,0.117724011,0.117189555,0.116590009,0.116599831,0.116928403,0.115598588,0.114717962,0.114221527,0.114250262,0.114775622,0.114606129,0.114896269,0.115890099,0.11499568,0.115436147,0.114838372,0.11510761,0.116454356,0.116150014,0.116596435,0.116236039,0.116939308,0.11558745,0.115597652,0.116531124,0.116254202,0.116702702,0.115679022,0.114803734,0.114515648,0.114661319,0.115318875,0.115145617,0.116389353,0.116528496,0.11715175,0.11772519,0.116143513,0.115701613,0.115937487,0.116736305,0.11706331,0.116809727,0.116633396,0.117530646,0.116919687,0.117697953,0.117402388,0.117089264,0.116255822,0.116436079,0.118533289,0.118917122,0.118275043,0.117353838,0.115255113,0.115223404,0.114740693,0.114494416,0.114985819,0.114124819,0.115222718,0.115437207,0.115284521,0.113141372,0.111748635,0.111550012,0.112665616,0.113129106,0.114173179,0.114704276,0.114099861,0.113584776,0.113607159,0.113386336,0.11364119,0.112560185,0.111785277,0.111159467,0.110654245,0.109594892,0.110056382,0.111835247,0.111774425,0.113012356,0.113977176,0.113601489,0.11239556,0.110468461,0.110651536,0.111693333,0.111996037,0.111988226,0.111423413,0.110050769,0.109840115,0.109635578,0.109067079,0.108167634,0.106710202,0.103443325,0.101532454,0.098395483,0.097658549,0.099179234,0.099171981,0.098726872,0.101040905,0.100922729,0.101999147,0.104066304,0.104111454,0.103402007,0.103255005,0.103626426,0.102702636,0.101629037,0.101825046,0.101744156,0.101794102,0.102630247,0.102103255,0.102549852,0.103189683,0.103446086,0.104259122,0.103167207,0.101523596,0.100820835,0.100299788,0.097844272,0.096603846,0.0969251,0.095164625,0.094467532,0.094179547,0.095198502,0.097415019,0.098389187,0.09887287,0.097907792,0.095793067,0.094108163,0.093594903,0.094114121,0.096289121,0.096437842,0.094949661,0.092849074,0.088373665,0.088176495,0.089548093,0.091195954,0.096356346,0.096764647,0.097280648,0.097809005,0.09664661,0.096053297,0.094178997,0.092475029,0.091233383,0.090732571,0.091955037,0.093032622,0.093318687,0.091442754,0.089151006,0.086772185,0.083124597,0.080076117,0.075785781,0.076162582,0.080267648,0.082659306,0.090254419,0.092434388,0.089058167,0.089199458,0.089010751,0.088603417,0.088203015,0.085965812,0.083456012,0.081971739,0.081826726,0.081319887,0.078995279,0.079521652,0.081423508,0.082537866,0.083824389,0.083735549,0.083237058,0.080275326,0.075254726,0.072703146,0.068578567,0.068765035,0.075315436,0.077247015,0.082200697,0.084350699,0.081307791,0.081343009,0.075717107,0.072525666,0.069779163,0.067630268,0.067704965,0.064540028,0.061788212,0.064584075,0.063995348,0.066571111,0.076692781,0.08190885,0.087203374,0.093519915,0.096049864,0.093346013,0.088821783,0.081189157,0.079941395,0.078632632,0.084097883,0.090308724,0.089289573,0.091283561,0.088907493,0.084909216,0.082417995,0.078125167,0.067680672,0.060730246,0.060369737,0.062248184,0.068318768,0.065029994,0.066210272,0.067596457,0.06630343,0.076530993,0.078640255,0.070085424,0.064664517,0.068158288,0.069833211,0.069348682,0.069031036,0.066722845,0.061682974,0.068383353,0.071331834,0.066929883,0.070552889,0.070543833,0.064308471,0.063014559,0.055719264,0.052729899,0.053167986,0.059903914,0.067176729,0.063664311,0.072215187,0.074479784,0.075121034,0.074934608,0.06469411,0.061277819,0.062517308,0.065528185,0.076399894,0.080527404,0.086257251,0.08350963,0.081765927,0.076107405,0.068314191,0.070889189,0.073319941,0.079071702,0.079699817,0.083177675,0.086693027,0.087178753,0.099660102,0.104514231,0.096813658,0.080608801,0.072932204,0.064000867,0.061198414,0.100150824,0.118314432,0.120114392,0.140230082,0.11000866
/data/asd/1/1549991158-00.asd,sp2_run8,252,20,72,0,20.0493,0,0.046094816,0.045695571,0.05256382,0.061132824,0.065556316,0.058204746,0.052562641,0.053145865,0.054399249,0.056929476,0.056133422,0.057451557,0.058294278,0.048190034,0.049524962,0.056743988,0.056478441,0.057451272,0.056271985,0.054915081,0.055139877,0.054190675,0.05407074,0.055144878,0.058766265,0.059467756,0.056110823,0.055682165,0.05884677,0.057672002,0.056323207,0.058985384,0.059082311,0.057347126,0.055590515,0.058230624,0.05803725,0.057005281,0.059381882,0.058258248,0.057644378,0.058547562,0.060699995,0.060326839,0.061802681,0.062202332,0.058226251,0.060953967,0.062020163,0.059600465,0.059087134,0.060903103,0.062540516,0.06151542,0.061970465,0.063733143,0.065152136,0.064575844,0.063829576,0.06420676,0.064646225,0.063953703,0.064238173,0.065295849,0.065972756,0.065967374,0.066429291,0.067280308,0.066030065,0.0666682,0.067434804,0.067884458,0.069054801,0.069515972,0.069246333,0.068208992,0.070185515,0.070348457,0.070126915,0.071028249,0.071216979,0.071262847,0.071671279,0.07195099,0.072403827,0.072826881,0.07336936,0.07373751,0.07368442,0.073968655,0.074986476,0.074913032,0.07480197,0.075083196,0.076231432,0.075890594,0.076291618,0.077164036,0.076733182,0.077464563,0.078226005,0.07777574,0.077884982,0.078763524,0.079637544,0.079386624,0.079845058,0.080106923,0.080047871,0.0802832,0.08059829,0.080917248,0.081086112,0.080965708,0.081352541,0.082069584,0.081838851,0.082318887,0.082563186,0.082722029,0.083070154,0.083144095,0.083505855,0.083987823,0.083966743,0.084422067,0.084843615,0.084796559,0.085647742,0.085697619,0.08541987,0.085545161,0.08601408,0.086369113,0.086304201,0.087028389,0.087336079,0.087596444,0.088114856,0.08818572,0.088485044,0.089218167,0.089256474,0.089805217,0.090066088,0.089961519,0.09054998,0.090894414,0.09128702,0.091508788,0.092137471,0.092369099,0.092293847,0.093228198,0.093251499,0.093434074,0.094287387,0.094447878,0.094781438,0.095254066,0.095279037,0.095934885,0.096547632,0.096916132,0.097055658,0.097238706,0.097711583,0.098187275,0.098479742,0.098962877,0.098941007,0.099647607,0.099705458,0.099641987,0.100413408,0.100829083,0.100965739,0.101357852,0.101936184,0.102474346,0.10278084,0.103101712,0.103264575,0.103522473,0.103807235,0.104039322,0.104396736,0.104894085,0.105206159,0.105733979,0.105884664,0.106501009,0.106967647,0.107060382,0.107321813,0.107826349,0.1080443,0.107987836,0.10825723,0.108702909,0.109034281,0.109469178,0.109858129,0.110192224,0.110235458,0.110461099,0.110556745,0.110936332,0.111297324,0.111521053,0.111654203,0.11195508,0.112376685,0.112587714,0.112678508,0.112964381,0.113183744,0.113505997,0.113839155,0.114230961,0.114609296,0.114843124,0.114909005,0.115317786,0.115437893,0.115420889,0.11550731,0.11557689,0.115572243,0.115705373,0.115915432,0.115885933,0.115723538,0.115854016,0.115882452,0.115961949,0.115972402,0.116135448,0.116336947,0.116541818,0.116701154,0.116778258,0.116891784,0.117003765,0.117032701,0.117059392,0.117205492,0.117180975,0.117160191,0.117330088,0.117474433,0.117563798,0.117648389,0.117642314,0.117732127,0.11778023,0.117718291,0.117743361,0.117496682,0.117692861,0.1178862,0.117826912,0.117744041,0.117800888,0.117918221,0.117822838,0.11792263,0.118072125,0.11817183,0.118080064,0.118054747,0.118106685,0.118163223,0.118291701,0.118334998,0.118260311,0.11811582,0.11815531,0.118237954,0.118344473,0.118346281,0.118334048,0.118305685,0.118521622,0.118449782,0.118512509,0.118544213,0.11854522,0.118395578,0.118316133,0.118493055,0.118558195,0.118505113,0.11854361,0.11873719,0.118733405,0.118638429,0.118500552,0.118528585,0.118426423,0.118542878,0.118696098,0.118553732,0.118510593,0.118435891,0.118459393,0.118438618,0.118420098,0.118549048,0.118358247,0.118299799,0.118302902,0.11823333,0.118049193,0.118042886,0.118172723,0.118020272,0.117930713,0.117946344,0.118116546,0.118088177,0.118204845,0.118301858,0.118305557,0.118344271,0.118384198,0.118489638,0.118701587,0.118921835,0.118962682,0.119095182,0.119163521,0.119214014,0.119530375,0.119553026,0.119618521,0.119850726,0.119829018,0.119880098,0.120094055,0.120187624,0.12031884,0.12039291,0.120658396,0.120837265,0.120882974,0.120909598,0.121189761,0.121196782,0.121160318,0.121204737,0.121334196,0.121675748,0.121782458,0.121779172,0.121965942,0.121992229,0.122244861,0.122478137,0.122426652,0.122649978,0.122743458,0.122834755,0.123209004,0.12333495,0.123284403,0.123394693,0.12356601,0.12372699,0.124021378,0.124022809,0.12409964,0.124191117,0.124218541,0.12439194,0.12448439,0.124517318,0.124682288,0.124833823,0.124968382,0.125226198,0.125302354,0.125453715,0.125468668,0.125645158,0.126008627,0.125889265,0.125962887,0.126127717,0.126082102,0.126399058,0.126629676,0.126546231,0.126730231,0.126936169,0.127211571,0.127519847,0.127575978,0.127778758,0.127973403,0.128098437,0.128225763,0.128347284,0.128348101,0.12858973,0.128777293,0.128863084,0.129048211,0.129013775,0.129152152,0.129375615,0.129342224,0.129569574,0.129550372,0.1295221,0.129832851,0.130072531,0.130113905,0.130176493,0.130350007,0.130542405,0.130619644,0.130674415,0.131081234,0.131056287,0.131078302,0.131401574,0.131596306,0.131735444,0.131905008,0.132080139,0.132247598,0.132325499,0.132536464,0.132437347,0.132626979,0.132643481,0.132924352,0.132983835,0.133039726,0.133240457,0.133279576,0.133431752,0.133831371,0.13387113,0.133947884,0.134080961,0.134164353,0.134283495,0.13436141,0.134303224,0.134425022,0.134367423,0.134734345,0.135098041,0.134844598,0.134832286,0.134740783,0.13506474,0.135213714,0.135351006,0.135256453,0.135166629,0.135111872,0.135248779,0.135587789,0.135862649,0.135762817,0.135662486,0.135612952,0.136084496,0.136144596,0.136143126,0.136260515,0.135842338,0.135984264,0.136567814,0.136074114,0.136475746,0.136315029,0.136289098,0.136438925,0.136304454,0.136518474,0.13663581,0.136267767,0.136716312,0.136285997,0.136561088,0.136504527,0.136296277,0.13660574,0.136626094,0.136518155,0.136717685,0.137018163,0.136511729,0.136427487,0.136931276,0.135869169,0.136241534,0.136529279,0.135823419,0.136698018,0.136844817,0.136584287,0.136720104,0.137152561,0.136709665,0.137169031,0.136450549,0.137188255,0.136853852,0.136035033,0.135506371,0.136380999,0.137026015,0.136829138,0.136675096,0.136575907,0.136856745,0.136658883,0.137770224,0.137301379,0.136757698,0.136969107,0.136798421,0.137097564,0.136585531,0.137322094,0.136293671,0.136109531,0.137069761,0.136891968,0.137312678,0.137385522,0.136855015,0.136582638,0.136717747,0.137348339,0.136649533,0.136883871,0.13681929,0.136901505,0.136640224,0.13672581,0.136704395,0.136540112,0.136883562,0.137086789,0.136733238,0.136792385,0.136290672,0.136765699,0.13674577,0.137073898,0.137114084,0.136897499,0.136879978,0.137520858,0.13730876,0.137317598,0.137150049,0.137623392,0.137719749,0.137419834,0.137459384,0.13762613,0.137427954,0.137301702,0.137084987,0.137212225,0.137666825,0.137470771,0.137454461,0.137890741,0.137483812,0.137385998,0.137458322,0.137676246,0.137598369,0.137764912,0.137425828,0.138022264,0.138127048,0.137410285,0.137429173,0.137720242,0.138191,0.137990119,0.138092142,0.138142909,0.137821445,0.137933249,0.138398975,0.137984745,0.138310417,0.137974397,0.138002569,0.138693709,0.138259934,0.137881397,0.138148519,0.13786614,0.13791987,0.138017547,0.137672224,0.13803707,0.138388408,0.13793792,0.138412348,0.138211875,0.137650571,0.139038096,0.138582379,0.13903199,0.139254384,0.138368348,0.138978493,0.139034446,0.139088222,0.139838758,0.138372022,0.138399533,0.139063471,0.13857517,0.139648247,0.13945224,0.138107368,0.139535125,0.139390522,0.13934451,0.139925778,0.13915688,0.140113269,0.140026823,0.138664731,0.140171292,0.139142347,0.13863183,0.14024582,0.139469386,0.140042038,0.140580089,0.139846948,0.139951268,0.139819247,0.139496168,0.140352889,0.13930537,0.140454592,0.140551737,0.140879529,0.13990345,0.140028799,0.140964852,0.141227998,0.14128737,0.141433288,0.141488239,0.141564459,0.141789336,0.14191019,0.142085183,0.142120949,0.142025781,0.141888606,0.141539963,0.14148851,0.141901273,0.142229152,0.142506946,0.143113836,0.143137419,0.142427192,0.142619025,0.143177212,0.143417279,0.144049389,0.144266943,0.144114136,0.144348529,0.145041211,0.145478871,0.145264235,0.145006716,0.14472054,0.144464207,0.144287839,0.144786801,0.14491347,0.144503231,0.144694603,0.145544908,0.145693435,0.145612934,0.145769217,0.146209404,0.145925862,0.146001142,0.146643977,0.146619913,0.146539864,0.146543152,0.146504816,0.146441408,0.146135263,0.146100907,0.146502581,0.146564125,0.146438672,0.146591954,0.146701601,0.146930272,0.147320837,0.147349995,0.147119596,0.147122881,0.14728971,0.147237906,0.147072736,0.147212204,0.147111708,0.146601583,0.146522503,0.14659161,0.146558958,0.146564531,0.146933771,0.147297599,0.147327235,0.147316692,0.147349273,0.147566724,0.147683429,0.14792913,0.148190155,0.148278925,0.148329383,0.148393347,0.14840782,0.14841563,0.148463673,0.148459127,0.147924064,0.147863647,0.147835864,0.147656822,0.148082088,0.148445016,0.148593139,0.148891548,0.148963029,0.148768862,0.148621044,0.148726583,0.148824945,0.148899286,0.148951719,0.149160962,0.149369772,0.149500673,0.149583249,0.149778015,0.149613835,0.149341418,0.14961016,0.149840061,0.149913392,0.150139795,0.150410392,0.150708385,0.150781282,0.150750695,0.150849883,0.150849389,0.150573928,0.150591274,0.150493317,0.150510207,0.150326166,0.150149824,0.150069918,0.15043036,0.150658396,0.150889428,0.151261276,0.150951079,0.150751952,0.150661343,0.150565073,0.150367631,0.150223921,0.150372787,0.150374076,0.150272437,0.150100196,0.149978598,0.14989979,0.149945095,0.150047164,0.149925087,0.149724206,0.149691269,0.149825359,0.149966086,0.14993674,0.149838597,0.149861975,0.149762843,0.149641543,0.149784816,0.149836015,0.149744504,0.149624506,0.149643516,0.149685489,0.149627682,0.149895838,0.150194817,0.150384835,0.150542148,0.150619715,0.150618423,0.150551368,0.150612832,0.150468423,0.150372128,0.150477641,0.150667424,0.150936334,0.151292183,0.151488718,0.151555374,0.151565997,0.151626477,0.151885952,0.151774513,0.151653003,0.151845123,0.15176036,0.151719042,0.151828116,0.151819723,0.151947298,0.15218555,0.152336453,0.152523224,0.15265845,0.152812414,0.153115237,0.15323922,0.153422014,0.153782586,0.153967403,0.154004992,0.154317345,0.154432799,0.154367928,0.15444083,0.154709684,0.154843396,0.15515736,0.15537011,0.155403374,0.155489204,0.15519458,0.155317429,0.155670555,0.155944675,0.156238693,0.156773835,0.156983692,0.157162681,0.157420288,0.15762737,0.157619141,0.157636255,0.157663141,0.157642981,0.157874933,0.158380728,0.158580634,0.158901792,0.159059337,0.159105693,0.159200634,0.159240972,0.159361697,0.159467585,0.159544733,0.159718887,0.159864893,0.15986735,0.15998709,0.16013294,0.160187672,0.160310446,0.160513493,0.160701121,0.160820636,0.161007138,0.161315742,0.161454381,0.161557113,0.161667993,0.161546334,0.161561319,0.161682236,0.161827459,0.16224963,0.162447181,0.162602281,0.162883445,0.162856973,0.162959978,0.163101695,0.163157116,0.163263905,0.163343567,0.163462416,0.163620969,0.163716458,0.163859181,0.164009884,0.164204512,0.164275205,0.164142722,0.16418256,0.164300484,0.164363096,0.164548534,0.16475449,0.164964619,0.164974233,0.16499978,0.165224976,0.165295951,0.165352193,0.165415985,0.165519021,0.165503239,0.165397526,0.165487429,0.165656344,0.165617862,0.165599138,0.165642586,0.165593268,0.165608952,0.165659663,0.165669737,0.165906382,0.165940839,0.165813694,0.165793636,0.165777792,0.1655394,0.165613346,0.165826446,0.165860422,0.16586223,0.165933087,0.166115475,0.166117834,0.165988548,0.165992397,0.165943671,0.165892034,0.166060562,0.166037528,0.165820041,0.165742995,0.165600853,0.165482866,0.165442488,0.165351383,0.16535512,0.16531107,0.165365444,0.165289425,0.165137274,0.165007326,0.164899189,0.164780321,0.164592464,0.164398691,0.164236811,0.163966645,0.163869024,0.163955381,0.163877852,0.163782886,0.163618697,0.163385388,0.163189091,0.163104759,0.162980332,0.162765748,0.162537724,0.162355254,0.162169678,0.162084344,0.161992785,0.161822546,0.161690639,0.1616209,0.16156967,0.161295465,0.160916857,0.160792742,0.16051155,0.160269452,0.160288808,0.160162796,0.159890217,0.159696466,0.159528577,0.159269237,0.15904121,0.158683571,0.158258555,0.15785668,0.157411096,0.156809394,0.156063321,0.15532558,0.154515153,0.153716197,0.153063371,0.152160283,0.151137464,0.150191881,0.149170553,0.148097591,0.146920027,0.145830522,0.144518286,0.142947473,0.141526763,0.140067556,0.138545773,0.13695655,0.135351558,0.133554149,0.131850089,0.130271573,0.128682687,0.127024349,0.125322051,0.123649806,0.122071107,0.120554407,0.119158524,0.117737143,0.116415329,0.114932936,0.113704925,0.112690562,0.111614679,0.110490316,0.109383984,0.108185453,0.107143076,0.106400264,0.105667956,0.1048616,0.104057355,0.103454979,0.102689285,0.102213295,0.10205317,0.101577941,0.100999301,0.100513743,0.099886996,0.099411882,0.099138194,0.098786899,0.098352742,0.098060255,0.097840577,0.097611851,0.097504802,0.097270381,0.097055144,0.096822035,0.096402537,0.096153752,0.096132281,0.095960883,0.095824788,0.095702629,0.095613685,0.095612617,0.095622474,0.095573865,0.095652747,0.095625984,0.095608573,0.095747087,0.09587986,0.095975887,0.096204353,0.096350275,0.096522406,0.096604577,0.096775608,0.09692822,0.097178851,0.097434211,0.097750229,0.097979247,0.098192368,0.098471315,0.098760117,0.098965897,0.099367262,0.099785108,0.100163842,0.100696492,0.10101984,0.101375327,0.101765908,0.102144102,0.102555158,0.103101569,0.103526665,0.103774309,0.104233631,0.104809852,0.1054133,0.106051408,0.106596312,0.107051836,0.107475596,0.108194503,0.108733907,0.109302668,0.109877333,0.110276282,0.110902109,0.111633434,0.112203,0.112861822,0.113410441,0.114069053,0.114536995,0.115181787,0.115887284,0.116498432,0.116925634,0.117666927,0.118306177,0.118982437,0.11965762,0.120358355,0.120810863,0.121539004,0.12226025,0.123012137,0.123744247,0.124395242,0.124903422,0.125528989,0.126161891,0.126751731,0.127245066,0.12766476,0.127998522,0.128676196,0.129223954,0.129858649,0.130525798,0.131288855,0.131844941,0.132276379,0.132840991,0.133379915,0.133888221,0.134334576,0.13475887,0.135251081,0.135761953,0.136340599,0.136769921,0.137390401,0.138043582,0.138501822,0.139197042,0.139700026,0.140334119,0.140741093,0.141497099,0.14212363,0.14270797,0.143265307,0.14363177,0.144114306,0.144619707,0.145052019,0.145674357,0.146129015,0.146697347,0.147150593,0.147526364,0.147769814,0.14827324,0.148538256,0.148913824,0.149702163,0.15018708,0.15053843,0.151021601,0.151375931,0.15173655,0.152190644,0.152707864,0.153273483,0.153646417,0.154108342,0.154520404,0.154956914,0.155273067,0.155708069,0.15602417,0.156338105,0.156698269,0.157035501,0.157318307,0.157442723,0.157885788,0.158278415,0.158664006,0.159145278,0.159579746,0.15966138,0.160069541,0.160579137,0.160894577,0.161214632,0.161566796,0.161648445,0.161817647,0.162165029,0.162483599,0.162535575,0.162830131,0.163041105,0.16351897,0.164026879,0.164264965,0.164358386,0.164535164,0.164843794,0.165065643,0.165383541,0.16559725,0.165657987,0.165693224,0.166086145,0.16648328,0.166676601,0.166881362,0.167108469,0.167488821,0.167988782,0.168181145,0.168304195,0.168594194,0.168766292,0.169057501,0.169650799,0.169661658,0.169384649,0.169572005,0.169623092,0.169831462,0.170254349,0.170459201,0.170367756,0.170595067,0.170904432,0.17101605,0.171093328,0.171358153,0.171253578,0.171412168,0.17190295,0.172160736,0.172142072,0.172197671,0.172287807,0.172574001,0.173138278,0.173131344,0.173033388,0.173168966,0.173185557,0.173264563,0.173326363,0.173354211,0.173610696,0.173847316,0.174114864,0.174232203,0.174158751,0.17438197,0.174603124,0.174779852,0.174999542,0.175053456,0.175228214,0.175402446,0.175435015,0.175481645,0.175604702,0.175855012,0.176063772,0.176156493,0.176276517,0.176293175,0.176309975,0.17637356,0.176548488,0.176630495,0.176751526,0.17685175,0.176685091,0.176704441,0.176820283,0.176859741,0.176752168,0.176967908,0.177150622,0.177306797,0.17764236,0.177448716,0.177115633,0.177364974,0.177369131,0.17720278,0.177129212,0.177064532,0.176805041,0.176948106,0.177205483,0.177078143,0.176989441,0.176878482,0.176779251,0.176639058,0.176739841,0.176934276,0.176837733,0.176847038,0.176770492,0.176732071,0.176706425,0.176331477,0.176014258,0.17614175,0.176344621,0.176720174,0.176787946,0.17678956,0.176844564,0.176563512,0.176324618,0.17575846,0.175335455,0.174890485,0.174813962,0.174645998,0.174460026,0.174235458,0.1737611,0.173464337,0.173399733,0.173336733,0.173230381,0.172982489,0.172649529,0.171927643,0.171737722,0.171462346,0.171285906,0.171258581,0.171291171,0.171334929,0.17100401,0.17035885,0.169936605,0.169219174,0.168764605,0.168773441,0.168471841,0.167978545,0.167674692,0.167209693,0.166526105,0.166361766,0.166552242,0.166541721,0.166714823,0.166243708,0.165472488,0.165048804,0.164842126,0.1642438,0.164011016,0.163937526,0.163910464,0.163686374,0.163206944,0.162954399,0.162605363,0.162453544,0.162678296,0.162410617,0.161600734,0.161146637,0.160751408,0.160304977,0.160073494,0.159777713,0.15959144,0.159342262,0.159219212,0.159383245,0.158948729,0.158707357,0.158545692,0.158055864,0.158059323,0.158195944,0.15799121,0.157738153,0.157982919,0.158068291,0.158082541,0.157857698,0.157890089,0.158103767,0.15824559,0.158126986,0.158009704,0.157814607,0.157308041,0.157339537,0.157776581,0.157680095,0.157608313,0.157205162,0.157029126,0.157066978,0.157321542,0.157791101,0.158195207,0.158501838,0.158779034,0.158656547,0.157784986,0.157662834,0.156949838,0.156788971,0.156875026,0.156917563,0.157026081,0.157066275,0.157369617,0.157779997,0.157555479,0.157600307,0.157877669,0.157822156,0.157838947,0.157860141,0.157725642,0.157744111,0.158610184,0.158138496,0.157543239,0.156955847,0.156481485,0.156211587,0.156320767,0.156381786,0.156557999,0.155800958,0.155059496,0.155363253,0.154756718,0.15480093,0.15455551,0.15410118,0.154066364,0.153367674,0.153116618,0.152454578,0.152077602,0.15169227,0.1508143,0.150047525,0.149234375,0.148027969,0.147000551,0.146649456,0.145548475,0.144072379,0.142582322,0.141125583,0.139641406,0.137912098,0.136703646,0.135923867,0.13455256,0.133335744,0.131696911,0.128981561,0.127353859,0.125459511,0.122765939,0.12061369,0.118556502,0.11585124,0.112963939,0.111032845,0.108098815,0.105522598,0.103350258,0.101044382,0.098644793,0.096072197,0.093739709,0.091374078,0.089121808,0.0868963,0.084433266,0.082012377,0.079321562,0.077275785,0.074702164,0.072344962,0.070484415,0.068009706,0.066399203,0.065265886,0.063933084,0.062956998,0.062198906,0.060879023,0.059601274,0.058485444,0.057405735,0.056450702,0.055714009,0.055050333,0.054058654,0.053345458,0.052577059,0.051844889,0.051198894,0.050761035,0.050420955,0.049890049,0.049225317,0.048229644,0.047525031,0.046849332,0.046739665,0.046812136,0.047329122,0.047278665,0.047176041,0.047395691,0.046870224,0.046575448,0.046984478,0.046386432,0.045870147,0.045797753,0.04530029,0.0451415,0.045257972,0.045466479,0.045178072,0.045289386,0.045286543,0.045028894,0.044699794,0.044491197,0.044653519,0.044706849,0.044843242,0.04523606,0.045514681,0.045533984,0.045561244,0.045826714,0.046120374,0.04613848,0.046210696,0.046381658,0.046618294,0.046839924,0.046864793,0.047081458,0.047216282,0.047495693,0.047779566,0.048403314,0.049089918,0.050088834,0.050578996,0.050875742,0.051229848,0.050763331,0.050655331,0.050693139,0.050647804,0.050348702,0.050634599,0.051024162,0.051467981,0.052531793,0.053139136,0.053733609,0.05452389,0.054549427,0.054731362,0.055000301,0.055240595,0.055504435,0.05587775,0.05616375,0.05633006,0.056925742,0.057633102,0.058432092,0.058829275,0.059438665,0.059631818,0.059875209,0.060353953,0.061008074,0.061667648,0.062424453,0.063113815,0.06372056,0.064338556,0.064515057,0.064683939,0.065186501,0.065730758,0.066414083,0.066896925,0.067103259,0.066995916,0.067287247,0.067699845,0.068167762,0.06870688,0.069214127,0.069738644,0.070510492,0.071093091,0.0717585,0.072412422,0.072854888,0.07315091,0.073570341,0.074074325,0.074523255,0.074953066,0.075646229,0.076039235,0.076316463,0.076641214,0.077149409,0.077405498,0.077272336,0.077480774,0.077816836,0.078064819,0.078713149,0.079976512,0.08022215,0.080213252,0.080951831,0.081493269,0.082224051,0.083788951,0.084769239,0.085129175,0.084895966,0.085299169,0.085196466,0.08520651,0.084973186,0.085408747,0.085648576,0.085899796,0.086354931,0.086846928,0.087971021,0.08843436,0.088879266,0.089553582,0.089390388,0.089909016,0.090783266,0.091433389,0.0922074,0.09246772,0.092941538,0.094127272,0.094232324,0.094664817,0.094680781,0.094274406,0.094638713,0.095710297,0.0971105,0.097278088,0.097405163,0.09835352,0.098348069,0.098950225,0.099806247,0.099630001,0.099049835,0.099278319,0.099521149,0.099928707,0.100392109,0.100825348,0.101355252,0.102461061,0.103642193,0.103966337,0.104654339,0.105057106,0.10510198,0.105606307,0.105783186,0.105387231,0.10580392,0.106211996,0.106042871,0.106655866,0.107193715,0.107578706,0.107822351,0.107870195,0.107715106,0.108134795,0.107751363,0.108140624,0.109347588,0.110969597,0.111604842,0.111987564,0.113235401,0.113134058,0.112217496,0.111831901,0.111299018,0.111194905,0.111640103,0.111995461,0.112489389,0.113168277,0.114230966,0.114821581,0.116123202,0.116766952,0.116570995,0.116974133,0.116282182,0.115957696,0.116742489,0.116217543,0.117526015,0.118135265,0.117749848,0.117628316,0.117907095,0.118505266,0.119134916,0.119223727,0.119303155,0.1188044,0.118522573,0.118958125,0.11811675,0.117447195,0.11755531,0.118327983,0.11806746,0.118742659,0.118622186,0.118643239,0.119897528,0.12044993,0.120741594,0.121470889,0.120597744,0.12130818,0.120795495,0.121199156,0.118783797,0.119571799,0.119702647,0.120221732,0.119036164,0.12139744,0.120221179,0.119999326,0.120674411,0.120906366,0.120653686,0.120945969,0.120595678,0.119591996,0.12102752,0.122425243,0.122841935,0.123433746,0.123796326,0.122939732,0.123310384,0.123774134,0.123095815,0.124198168,0.1243615,0.123100986,0.121596768,0.120801964,0.119786652,0.12068732,0.11982898,0.120643399,0.119600721,0.120442564,0.120733516,0.120544649,0.122260168,0.122690757,0.122769924,0.123148046,0.123591786,0.123593575,0.122821324,0.122191018,0.122329338,0.122826919,0.121804452,0.121196953,0.120950809,0.122116329,0.123287579,0.124732732,0.126686908,0.127856337,0.126847775,0.126578818,0.12535334,0.125060955,0.125821687,0.124180944,0.124129742,0.123368339,0.123818123,0.12284639,0.122440682,0.121777777,0.121452804,0.122528883,0.122272655,0.123861996,0.124512822,0.124872602,0.125728577,0.125144836,0.125694777,0.12547934,0.124992844,0.122728228,0.120532612,0.11957111,0.1191382,0.121097971,0.121666644,0.121331169,0.122109384,0.123245763,0.122662152,0.123697501,0.123820075,0.122775426,0.120679521,0.120324055,0.120689046,0.121212562,0.122858686,0.12270158,0.121362515,0.122161488,0.122137418,0.122314668,0.122914069,0.122158208,0.12323621,0.123642409,0.123205811,0.122054216,0.121473123,0.121132313,0.121602471,0.121794369,0.122002874,0.12134218,0.120729727,0.120390796,0.121265633,0.121431768,0.121932936,0.120947322,0.120300003,0.119667283,0.118332883,0.116985006,0.116271251,0.115409433,0.114605565,0.115663372,0.115829578,0.115036628,0.114515689,0.113600963,0.114665652,0.117621056,0.118443094,0.118274184,0.117418998,0.115715001,0.115402925,0.113233682,0.112772867,0.113990325,0.113902944,0.112722352,0.112754984,0.111764535,0.1117301,0.113165794,0.114028233,0.111357935,0.110198556,0.110563533,0.109304773,0.109619201,0.111048578,0.108705212,0.107842969,0.108682393,0.107809391,0.105589674,0.104299067,0.103756928,0.102421337,0.103536206,0.104405482,0.103283313,0.102552489,0.103859569,0.103809567,0.10450571,0.105087193,0.103606524,0.104071658,0.104473282,0.104143357,0.10632748,0.108686494,0.108397474,0.106692436,0.107591726,0.104356163,0.09917081,0.098243876,0.097150264,0.097540536,0.099285547,0.10046295,0.099890449,0.099538323,0.09810482,0.096779952,0.095852361,0.09296521,0.092432461,0.091785799,0.091889085,0.093643888,0.09300346,0.094449499,0.095885619,0.095846765,0.095801947,0.093324021,0.093443483,0.097518061,0.100005565,0.105007666,0.105766555,0.099263034,0.095139084,0.089212426,0.089006725,0.093789071,0.093673558,0.095700944,0.096422256,0.094397964,0.094585508,0.09600062,0.095899364,0.096249948,0.094048202,0.088504047,0.086492474,0.08258033,0.079977013,0.081815328,0.08326759,0.084764018,0.084096596,0.081312399,0.082279888,0.084783102,0.08716379,0.090259855,0.092559657,0.094808984,0.093212096,0.091800823,0.089673719,0.081416356,0.07744161,0.077726755,0.075408967,0.078045983,0.083129881,0.083543195,0.086156201,0.087933423,0.087388605,0.087267311,0.09036492,0.088543265,0.085807461,0.083412912,0.078080274,0.072403204,0.067001974,0.065670258,0.068386891,0.068355658,0.067845737,0.070533734,0.069323711,0.075724336,0.07636774,0.074311402,0.079612538,0.077265952,0.080604246,0.09032479,0.088097185,0.082429246,0.079329201,0.076559996,0.07518432,0.074814078,0.077752635,0.076983053,0.077252338,0.085540925,0.084596316,0.076587786,0.069072726,0.057537406,0.05128245,0.062051983,0.068869087,0.068068237,0.071168425,0.06649257,0.063219233,0.063261702,0.06413279,0.066575071,0.07205335,0.07766773,0.085729542,0.079858951,0.069392634,0.054886931,0.039350009,0.039288057,0.040493499,0.040340727,0.041689074,0.038527518,0.036614506,0.039128994,0.046169409,0.061647041,0.066432307,0.069807765,0.068586261,0.055516207,0.055001277,0.066580376,0.071826437,0.078654809,0.080513174,0.067439585,0.049199909,0.038361582,0.035262335,0.031075053,0.038307124,0.055538848,0.059260052,0.069798895,0.08239504,0.081596366,0.079234688,0.070277234,0.057477064,0.047689567,0.038027753,0.0434597,0.049811554,0.053226176,0.060614169,0.070721223,0.067488778
/data/asd/1/1549991173-00.asd,sp2_run8,252,40,72,0,40.1061,0,0.054699917,0.054391083,0.048298696,0.05467864,0.061089792,0.057428123,0.053279428,0.057923493,0.062828105,0.062165715,0.062941795,0.063705609,0.062620614,0.059374513,0.062517596,0.063718654,0.056477885,0.059746961,0.062178149,0.061731211,0.061788657,0.061837131,0.059872589,0.056288888,0.061478356,0.06321343,0.06079635,0.060525454,0.061528704,0.061702967,0.06050044,0.061774847,0.06378947,0.06433879,0.063736607,0.064866729,0.063929063,0.063347543,0.065683487,0.065159999,0.065037787,0.065507766,0.065881705,0.066637486,0.067624835,0.068954459,0.068620796,0.066590168,0.066511414,0.067271128,0.067113908,0.067288405,0.067588124,0.069231285,0.069895187,0.069515236,0.070077005,0.070221928,0.070634145,0.0706938,0.070380533,0.070364558,0.071250602,0.07134632,0.070196872,0.072099056,0.072161549,0.072411463,0.072519203,0.073554658,0.074074287,0.074180459,0.074266585,0.075324874,0.076298008,0.075195298,0.076747244,0.076242554,0.075945394,0.077209208,0.076891546,0.077019658,0.078189008,0.079075277,0.078499695,0.078487261,0.08012658,0.0806444,0.080410932,0.080661317,0.082397071,0.082034255,0.081638032,0.082129458,0.082753028,0.082862844,0.083535843,0.084243743,0.083991541,0.084538932,0.085233273,0.085303198,0.085183346,0.08554451,0.086180106,0.086171814,0.086431978,0.086602175,0.08655238,0.087471937,0.087669578,0.087612086,0.087944918,0.088587689,0.088828028,0.089054796,0.089293533,0.089625712,0.089726986,0.089600788,0.089995314,0.09021446,0.090497433,0.091225223,0.091307516,0.09144143,0.091659514,0.091964202,0.092429823,0.092500661,0.092703145,0.093210873,0.093880042,0.094132573,0.093925131,0.094637067,0.094942286,0.094889311,0.095549168,0.095836981,0.096229983,0.096711427,0.096805808,0.097171289,0.097666377,0.097838824,0.098532354,0.098696919,0.09876618,0.099514019,0.099648422,0.09959457,0.100179383,0.100893507,0.100960346,0.101204714,0.101656031,0.102199913,0.102773643,0.1028428,0.103224513,0.10388362,0.104125938,0.104095664,0.104527963,0.105032007,0.105693168,0.106083195,0.105950134,0.106423491,0.106898723,0.107272101,0.107751188,0.108099038,0.108447115,0.108684376,0.108814231,0.10911258,0.109802639,0.110289517,0.110423926,0.110832303,0.110990358,0.111315325,0.111899479,0.112343354,0.112610007,0.113109301,0.113400312,0.113805349,0.113948944,0.114446371,0.114614212,0.114897555,0.115248448,0.115706079,0.11602681,0.116162657,0.116535894,0.116936606,0.117300572,0.117644542,0.117896057,0.118105672,0.118056688,0.118550453,0.118887538,0.11906277,0.119411068,0.119601127,0.119739583,0.119984498,0.120436844,0.120812707,0.1208942,0.121234425,0.121395436,0.121576388,0.12191216,0.12226561,0.12265088,0.122838195,0.122908713,0.123181661,0.123371127,0.123632053,0.123748758,0.123879389,0.123957467,0.124057374,0.124193359,0.124217269,0.124042328,0.124057566,0.124080034,0.124239389,0.124363674,0.124405776,0.124616252,0.124778245,0.124907634,0.12493089,0.124948235,0.125023874,0.125118389,0.125199957,0.125419906,0.125503827,0.125347606,0.125385552,0.125531787,0.125701893,0.125794259,0.125731722,0.125765118,0.125909923,0.125956555,0.126052384,0.125953979,0.126069252,0.126096975,0.126029855,0.126007112,0.126130788,0.12634502,0.126231833,0.126184055,0.126248246,0.126276536,0.126398055,0.126456096,0.126494091,0.126579883,0.126667534,0.126693414,0.126653487,0.126584304,0.126606933,0.126690594,0.12667021,0.126625035,0.126654685,0.126674334,0.126879983,0.126933577,0.126957506,0.126815121,0.126943168,0.127033864,0.1268424,0.126869318,0.126973421,0.126990624,0.126992695,0.12705697,0.127077128,0.126937903,0.126884696,0.127079511,0.127052196,0.127066316,0.127103047,0.126981445,0.126943616,0.12686633,0.126860119,0.126984755,0.12690204,0.12682265,0.12679691,0.1267088,0.12669126,0.126816973,0.126606226,0.126463706,0.126462765,0.126449673,0.126502207,0.126492527,0.126628408,0.126702176,0.126713143,0.126771802,0.126868002,0.126952132,0.127031111,0.127075931,0.127172587,0.127410955,0.127474625,0.127591021,0.127648287,0.127701137,0.127986933,0.128019927,0.128270808,0.128616279,0.128525593,0.128445634,0.12878997,0.128918107,0.12885238,0.128874155,0.129233587,0.129492446,0.129350305,0.129499029,0.129821785,0.129805497,0.130005951,0.130130162,0.130109612,0.130315682,0.130457334,0.13049612,0.130731084,0.130836533,0.131162637,0.131349613,0.131132386,0.131369248,0.131731115,0.131843286,0.131871993,0.132153283,0.132213801,0.132355973,0.132446114,0.13244695,0.132731107,0.13286606,0.133074744,0.133292568,0.133317277,0.133383899,0.133542905,0.133618776,0.133719852,0.133694337,0.133899641,0.134212365,0.134199678,0.134360025,0.134427279,0.134594885,0.135040445,0.134947561,0.135064781,0.135341233,0.135466807,0.135614591,0.13579222,0.135902343,0.136022986,0.136123395,0.136351172,0.136660472,0.136711237,0.136993204,0.137216875,0.137301107,0.137423317,0.137622925,0.137707628,0.137917376,0.138073909,0.138185907,0.13838422,0.138440795,0.13850278,0.138695613,0.138760921,0.139140354,0.139036706,0.1389722,0.1395071,0.139568387,0.139489232,0.139572349,0.139725297,0.14006445,0.140296583,0.140371944,0.140885516,0.140894702,0.140837612,0.141094603,0.14128059,0.141429163,0.141555665,0.141731275,0.141909957,0.142020542,0.142281052,0.142388728,0.142611788,0.142567253,0.142921018,0.142907556,0.142859593,0.142995026,0.143204158,0.143459406,0.143798862,0.143774021,0.143899643,0.14399149,0.144079359,0.144287655,0.144416305,0.144409225,0.14448523,0.144260391,0.144600377,0.145095019,0.145034642,0.145035888,0.14499415,0.145287945,0.145414312,0.145503239,0.145537831,0.145561923,0.14546205,0.145604431,0.145881222,0.146180933,0.146176757,0.146035144,0.145892036,0.146379932,0.14657874,0.146510921,0.146599263,0.146273005,0.146409415,0.147123248,0.146726372,0.147186355,0.146829336,0.146871678,0.147219269,0.146953654,0.147062951,0.147166818,0.147002713,0.147509906,0.14717093,0.14752093,0.147289286,0.147135359,0.147490771,0.147508121,0.147446578,0.147778759,0.148011251,0.147486397,0.147508766,0.148091967,0.147016554,0.147431562,0.147401747,0.146693093,0.147688041,0.147893847,0.147708397,0.148024804,0.148522041,0.147922105,0.148413334,0.147616495,0.148434995,0.148252218,0.147245719,0.146516263,0.147530827,0.148584862,0.148340608,0.14805636,0.148141188,0.14826612,0.148214636,0.14942004,0.148680008,0.148069755,0.148564856,0.148422901,0.148542128,0.148175205,0.149124354,0.148056443,0.1480309,0.148959837,0.148710681,0.149142936,0.149275917,0.148712996,0.148583064,0.148805407,0.149418394,0.148525641,0.148780786,0.148867183,0.148845272,0.148700036,0.14883924,0.148710968,0.148622154,0.14885698,0.149055157,0.149026054,0.149061859,0.14861188,0.149411878,0.149604712,0.149465825,0.149426519,0.149437879,0.149252114,0.149615405,0.149676357,0.150246105,0.149891756,0.149791269,0.150033686,0.15022244,0.150055578,0.150159644,0.150243648,0.150356429,0.150449719,0.150449004,0.15069217,0.150465209,0.150512449,0.150822433,0.150534958,0.150876583,0.150870318,0.150789319,0.150703577,0.151104693,0.151122372,0.151543737,0.151265279,0.151050889,0.15116192,0.151144074,0.151390782,0.151723597,0.151042946,0.151024167,0.151393055,0.151342637,0.151820986,0.151326675,0.151664415,0.152092889,0.151136881,0.151795189,0.152357607,0.152042417,0.152325148,0.151965857,0.152092716,0.152467223,0.152089703,0.152195017,0.15219924,0.152020103,0.15262869,0.152576617,0.152097593,0.153270375,0.152968827,0.153217771,0.15318398,0.153025292,0.153610837,0.153652606,0.15364292,0.153945675,0.153233858,0.153755991,0.154424196,0.153777811,0.154591476,0.154290125,0.152886759,0.154300055,0.15441703,0.154305749,0.154712877,0.154574396,0.155169619,0.154604698,0.153898768,0.155429123,0.154788311,0.154323176,0.155713118,0.155327907,0.155248396,0.155058213,0.154731343,0.15577496,0.155622113,0.154275012,0.154564756,0.155875627,0.15619078,0.155764635,0.156117633,0.156659517,0.157026179,0.157580939,0.157547148,0.156821188,0.156946289,0.15729761,0.157428683,0.158060252,0.158061024,0.157132833,0.156968608,0.15760589,0.157751343,0.158126531,0.15852073,0.158348899,0.158175521,0.158336275,0.159035428,0.158789085,0.158315341,0.158015969,0.157293497,0.157290668,0.158083113,0.158280777,0.158533905,0.158755339,0.158871414,0.159170813,0.159078884,0.158756182,0.159076301,0.159548294,0.159420355,0.159852454,0.160051577,0.159332373,0.159383247,0.160275892,0.160418011,0.1604445,0.160372002,0.160266209,0.160022564,0.160163947,0.160454776,0.160414234,0.160410266,0.160653997,0.160697761,0.160733511,0.161170328,0.161154804,0.160868738,0.160689723,0.16056506,0.160486212,0.160501036,0.160796582,0.161383663,0.161705567,0.161789072,0.161855108,0.161856628,0.161773333,0.161760707,0.162033804,0.162074312,0.161950438,0.162051079,0.162069892,0.161885875,0.162159388,0.162216489,0.162340251,0.162498944,0.162335442,0.162496235,0.162722322,0.162772922,0.163126811,0.163285854,0.163381122,0.163527635,0.163545418,0.163735786,0.163795006,0.163675259,0.163624767,0.163333091,0.1633089,0.163618248,0.163835106,0.163970667,0.163924134,0.163909979,0.163919608,0.164079775,0.164408916,0.164433626,0.164381956,0.164413363,0.164295647,0.164385274,0.164512011,0.164442223,0.164464398,0.164460278,0.164408557,0.164300266,0.164364966,0.16462095,0.164740691,0.164833765,0.165056299,0.165044206,0.165067194,0.165153656,0.165347561,0.165381205,0.165326126,0.165290133,0.165211464,0.16495373,0.16520496,0.165372224,0.165552867,0.165461499,0.16521281,0.165041604,0.165052552,0.165187857,0.165179652,0.165353452,0.165401431,0.165119476,0.165019713,0.165173909,0.165141652,0.16488589,0.164966834,0.164910639,0.16470884,0.164777358,0.164800599,0.164536339,0.164588483,0.164544268,0.1645386,0.16464437,0.164535437,0.164552266,0.164634377,0.164708737,0.164764421,0.164875836,0.165214581,0.165373341,0.165432133,0.165338391,0.165287576,0.16525529,0.165338329,0.165537903,0.165544882,0.165703204,0.165786592,0.165845431,0.165831128,0.165622232,0.165810799,0.16606805,0.166047196,0.166350258,0.166469755,0.166343283,0.166421818,0.166572409,0.166792825,0.166920772,0.166941474,0.167223464,0.167297469,0.167386839,0.167635402,0.167658202,0.167771758,0.16797029,0.16794428,0.168156429,0.168437933,0.168470498,0.168606178,0.168659894,0.168760607,0.16890143,0.168984327,0.169276381,0.169238957,0.169079289,0.169219516,0.169549717,0.169824425,0.169994209,0.17007412,0.169951078,0.169935022,0.170041457,0.170211329,0.17029232,0.170449021,0.17032839,0.170583293,0.171023386,0.171273424,0.171576437,0.171847374,0.171556493,0.171435431,0.171584811,0.171708235,0.171928285,0.172325421,0.172462634,0.172479285,0.172650004,0.172919391,0.173023875,0.173168268,0.173319109,0.173666095,0.173844235,0.174026909,0.174141919,0.174260247,0.17398146,0.174223607,0.174435509,0.174354431,0.174607278,0.174924052,0.175010023,0.175145765,0.175450997,0.175626437,0.175563777,0.175623542,0.17585404,0.175896197,0.175852793,0.176020125,0.176018772,0.176166798,0.17655906,0.176785003,0.17716694,0.177397242,0.177550929,0.177802693,0.177917873,0.17804137,0.178285696,0.178508424,0.178714283,0.178911142,0.179045213,0.179129762,0.179210981,0.179225691,0.17942207,0.179668294,0.179861367,0.180023497,0.180236437,0.18049735,0.180615396,0.18075282,0.180939106,0.18113482,0.181127014,0.18102512,0.181126606,0.18118996,0.181192388,0.18141063,0.181932665,0.182008539,0.181932898,0.181957855,0.18166393,0.1816311,0.181796989,0.181955418,0.182240764,0.182366883,0.182315918,0.182300889,0.182358789,0.182402208,0.182339856,0.182376713,0.182512381,0.182486332,0.182576728,0.182718657,0.182629204,0.182348088,0.182298554,0.182264487,0.18230063,0.1824513,0.182460863,0.182408316,0.182309991,0.182250746,0.182160301,0.182048003,0.181925234,0.181626809,0.181462234,0.181474365,0.181363497,0.181272907,0.181163682,0.181073965,0.18098286,0.180965711,0.180963752,0.180817674,0.180556151,0.180353572,0.180066683,0.179965366,0.180012106,0.179786298,0.179511106,0.17936198,0.178942331,0.178777562,0.178979685,0.178857238,0.178722664,0.178618291,0.178353655,0.178146835,0.178158603,0.178102254,0.178105054,0.178041168,0.177753352,0.177582131,0.177427569,0.177368015,0.177093998,0.176758226,0.176778926,0.176779719,0.176555739,0.176612985,0.176354165,0.175633147,0.175308218,0.175006591,0.174746049,0.174703205,0.174409938,0.173960209,0.173614898,0.173206318,0.172697637,0.172110361,0.171498222,0.170980274,0.170246694,0.169516536,0.168586343,0.167562083,0.166484847,0.165372379,0.164110384,0.162753305,0.161213929,0.159787904,0.158314763,0.156767394,0.155195192,0.153614529,0.15190743,0.150301564,0.148817764,0.147082542,0.145218928,0.143604595,0.141946426,0.140171599,0.138637182,0.136963387,0.135059791,0.133547755,0.13220304,0.130756935,0.129277563,0.127869924,0.12626082,0.124981592,0.123898759,0.122715659,0.121719427,0.120693328,0.119522077,0.118724256,0.11796024,0.117398506,0.116751605,0.11607772,0.115390872,0.114538384,0.113990256,0.113591443,0.113078931,0.112617718,0.112158093,0.11168539,0.111331636,0.111061416,0.110742585,0.110427201,0.110080788,0.109697701,0.109455936,0.109426103,0.109231706,0.109056103,0.108839935,0.108538539,0.108271625,0.108121675,0.10790528,0.107771023,0.10770773,0.10750524,0.107378657,0.107500103,0.10752615,0.107649428,0.108006014,0.108136322,0.108086864,0.10834376,0.108422003,0.108660193,0.108950015,0.109162856,0.109204107,0.109439002,0.109581111,0.109908097,0.110247009,0.110484151,0.110797198,0.11107296,0.111275797,0.111652519,0.112105181,0.112472145,0.112907727,0.113217877,0.113560301,0.11398458,0.114503509,0.11499428,0.115545427,0.116111044,0.116596373,0.117113163,0.117737348,0.118326355,0.11863865,0.119141471,0.119681511,0.12015388,0.121102464,0.121701677,0.122174568,0.122710677,0.123018085,0.123572451,0.124321041,0.124857361,0.125569005,0.126254732,0.127030225,0.127665111,0.128404822,0.129101754,0.129767394,0.130227766,0.130987555,0.131601376,0.132375957,0.133222624,0.133983155,0.134607554,0.135333968,0.135862118,0.136572693,0.137307284,0.13797475,0.138463994,0.139151609,0.139805009,0.140520404,0.141285768,0.141819702,0.142269954,0.14298091,0.143412321,0.144025764,0.144756109,0.145532669,0.146052122,0.146493424,0.147089792,0.14772076,0.14837204,0.148945839,0.149399362,0.14995532,0.150574236,0.151226174,0.151784557,0.152416016,0.152851919,0.153283444,0.154055242,0.154555374,0.155273834,0.155648007,0.156166439,0.1566902,0.157337628,0.157949302,0.158415362,0.158927141,0.159377779,0.159813998,0.160350713,0.16085549,0.16157877,0.162241499,0.162852717,0.163445051,0.164059826,0.164342258,0.164653101,0.165218637,0.165626201,0.165841139,0.166320874,0.166704188,0.167137834,0.167755834,0.168268185,0.168805061,0.169162537,0.16949633,0.169872867,0.170470179,0.170747974,0.171084671,0.171387386,0.171640696,0.172040746,0.17237937,0.172793771,0.173191631,0.173657579,0.174082013,0.174460636,0.174670713,0.175104168,0.175424395,0.175778583,0.176081084,0.176385429,0.176810152,0.1771105,0.177114729,0.177318899,0.177477248,0.177896241,0.178461087,0.178749465,0.178700657,0.179059271,0.179252973,0.17945419,0.179807382,0.179992144,0.180286316,0.180598658,0.180957815,0.181317666,0.181769617,0.18188194,0.182229166,0.182633388,0.18286528,0.182926046,0.183082866,0.183227531,0.183047502,0.183066115,0.183293531,0.183601779,0.184085169,0.184446204,0.184925821,0.185104699,0.18528919,0.185556277,0.18559641,0.185771372,0.185766789,0.185992843,0.186361882,0.186723276,0.187227827,0.187329283,0.18719966,0.187437696,0.187442988,0.187648123,0.188241159,0.188586011,0.188675542,0.18874078,0.188831751,0.189090377,0.189481807,0.189511874,0.189550576,0.189831641,0.190077957,0.190299111,0.190384441,0.190515901,0.19093664,0.191264,0.191634074,0.191840011,0.191841339,0.191987187,0.192170405,0.19220687,0.192005819,0.191904094,0.19189329,0.192169252,0.192533908,0.192699747,0.192960154,0.193286938,0.193262609,0.193313775,0.193573417,0.193575227,0.193531444,0.193452925,0.193176485,0.193247672,0.19350359,0.193655439,0.193786012,0.193920501,0.194002931,0.194067178,0.194082084,0.193951479,0.193839596,0.194020927,0.194267453,0.194091508,0.1939614,0.193890052,0.193735363,0.193745042,0.193770782,0.193899406,0.19383733,0.194137606,0.194392957,0.194323434,0.194310739,0.194228874,0.194271838,0.194102899,0.193817948,0.193753837,0.193541052,0.193467245,0.193541485,0.193500383,0.193297794,0.193031307,0.192865141,0.192966385,0.192961836,0.192615121,0.192443549,0.192645076,0.192845737,0.192803649,0.192743026,0.192080247,0.191599852,0.191117168,0.191008338,0.190705843,0.190551258,0.190420459,0.189989338,0.189900202,0.189874198,0.189637981,0.189527839,0.18920896,0.188938737,0.188467928,0.188314288,0.187988906,0.187725705,0.187391478,0.187221549,0.187058667,0.186746887,0.185953409,0.185411779,0.184897555,0.184472708,0.184403622,0.184417244,0.183997828,0.183689465,0.18368308,0.183170208,0.182662001,0.182653743,0.182334996,0.182136553,0.181794526,0.181601571,0.181408209,0.18125696,0.180741515,0.18026053,0.179963028,0.179815905,0.179617039,0.179141231,0.178711889,0.178746011,0.178631664,0.178600859,0.178546579,0.177934967,0.177634778,0.177755592,0.177625137,0.177490874,0.177130019,0.176780092,0.176141946,0.175745856,0.175665529,0.175554862,0.175600668,0.17542319,0.17516495,0.175227048,0.175277814,0.175166444,0.175085809,0.175339677,0.175436498,0.175590152,0.175402695,0.175428609,0.175283669,0.174803881,0.17492958,0.17502569,0.174738297,0.174694522,0.174814436,0.174420288,0.17446061,0.174323491,0.175039898,0.175175513,0.175498512,0.175855682,0.176168016,0.176449369,0.176648999,0.176215553,0.176139077,0.175423315,0.175786217,0.176261038,0.176576284,0.177253052,0.177305214,0.176569953,0.176150894,0.176023375,0.175488187,0.175188753,0.175959403,0.176276154,0.176365977,0.176318423,0.175578787,0.175192266,0.175201003,0.176073943,0.175885398,0.176053086,0.17567556,0.175574515,0.175444358,0.175192628,0.175259148,0.175774017,0.175159633,0.174200466,0.174217632,0.173331371,0.172935657,0.172488022,0.172218615,0.172023232,0.170782068,0.170164925,0.168766665,0.168434541,0.167895998,0.167116886,0.166553888,0.16614284,0.1649534,0.164142359,0.163900538,0.162300254,0.1607865,0.159789081,0.158260702,0.156650917,0.155005358,0.153610729,0.152148922,0.150494499,0.149174417,0.147386665,0.144720243,0.142857689,0.140792164,0.138509787,0.13609753,0.134322763,0.131750486,0.128952231,0.126990363,0.123901927,0.121116247,0.118376163,0.115287327,0.112571938,0.109798592,0.107459661,0.104735826,0.102342017,0.099925969,0.097335698,0.094755131,0.092632405,0.090927055,0.08825553,0.085737543,0.083179928,0.08014249,0.078022676,0.076350111,0.074813667,0.073528576,0.072322563,0.070244611,0.068812753,0.067289696,0.066213696,0.066129271,0.06552813,0.065020641,0.063763177,0.062471289,0.061499991,0.060854282,0.060233474,0.059640107,0.059097264,0.05824205,0.057991653,0.057599768,0.057140151,0.056834597,0.056378262,0.055950262,0.055446953,0.055319111,0.054946,0.054415868,0.053934626,0.053443416,0.053633398,0.053635361,0.053556473,0.053729868,0.053135995,0.052659127,0.051982849,0.051736611,0.05126118,0.051009565,0.051259889,0.051732645,0.051838725,0.05233364,0.053135149,0.053226298,0.053219494,0.053521494,0.05360441,0.053259433,0.052832505,0.053010371,0.052850951,0.052594003,0.053104677,0.053578354,0.053737799,0.054501066,0.055086013,0.05543164,0.055769027,0.056200281,0.056369752,0.056220047,0.056799422,0.056981126,0.056925273,0.056947605,0.056621708,0.056777315,0.057252298,0.058149875,0.058776573,0.059734172,0.060325336,0.060878783,0.06114846,0.0611224,0.061469278,0.061817779,0.062067994,0.062895712,0.063614301,0.064162845,0.064713277,0.065392879,0.066119069,0.066470574,0.06672809,0.066979155,0.066878942,0.066757681,0.067633226,0.06883542,0.069482289,0.07024508,0.070729648,0.070350684,0.070786451,0.071626007,0.072480191,0.073633407,0.074629618,0.075062978,0.075392074,0.075649326,0.075591662,0.075862112,0.076208786,0.076418714,0.076776207,0.077428119,0.07824466,0.0791394,0.080296932,0.08131439,0.082062254,0.082765784,0.083468413,0.083635378,0.083583482,0.084036323,0.084420801,0.08523606,0.085840729,0.086519353,0.087095359,0.087339715,0.087770466,0.088570525,0.089190552,0.090355824,0.09127047,0.091870911,0.092847406,0.093457989,0.093717858,0.094140161,0.094538712,0.094334533,0.094087594,0.094324892,0.094338643,0.094575004,0.095370693,0.095736071,0.09591867,0.096230766,0.097146966,0.098077976,0.098711273,0.098953404,0.09965432,0.09993457,0.100308225,0.101166104,0.101826449,0.102810316,0.103303417,0.103997349,0.104367556,0.103696858,0.103813781,0.103876638,0.104002302,0.10457481,0.105275093,0.105551846,0.106108789,0.106352158,0.107287031,0.107614678,0.108260664,0.10905688,0.110388182,0.111440869,0.111542396,0.111853127,0.111787015,0.111894151,0.112617941,0.113559378,0.113161963,0.112608215,0.112639407,0.111864614,0.112249601,0.113568802,0.11427415,0.115331688,0.116596461,0.117558725,0.117445405,0.118079469,0.11850294,0.118168379,0.118601413,0.118939314,0.118893516,0.119571779,0.120724056,0.120568372,0.120653977,0.121039291,0.120731821,0.120850351,0.121649021,0.121573376,0.121477791,0.122146392,0.122413634,0.122626251,0.123890532,0.124049134,0.124139314,0.125170664,0.125142684,0.124596317,0.12462273,0.125264848,0.125674951,0.126372291,0.126809367,0.126782012,0.127192517,0.127845268,0.128501054,0.129714193,0.130239186,0.129860471,0.13042276,0.129736751,0.129707885,0.130534621,0.129672714,0.130783629,0.130528349,0.129945998,0.12991547,0.130402826,0.131818265,0.132606364,0.132147918,0.132385309,0.131661085,0.132441869,0.133728323,0.133486578,0.133513483,0.133707315,0.135116541,0.135816937,0.136819955,0.137044869,0.136556141,0.136235149,0.136417636,0.136091515,0.136545272,0.136019612,0.136978855,0.136091773,0.136924458,0.135470114,0.13718801,0.136942002,0.137618047,0.136075822,0.137588598,0.136503334,0.136144193,0.137055739,0.13731099,0.137580364,0.139140119,0.138886633,0.137859515,0.138659785,0.137712392,0.137100827,0.136725303,0.136555061,0.136178739,0.136607064,0.137125987,0.136437181,0.13750144,0.137422473,0.137781618,0.13707211,0.13698464,0.137034296,0.138168373,0.136208401,0.137048853,0.136517365,0.137416314,0.137539724,0.13723403,0.138719809,0.138836638,0.138705557,0.138980715,0.139143845,0.139183841,0.138675798,0.13825125,0.13914933,0.139995893,0.138686104,0.137627083,0.137018826,0.136926654,0.136596341,0.136103174,0.137254036,0.138191667,0.136434594,0.13751838,0.136632532,0.135590885,0.137078164,0.137158323,0.138159632,0.138571676,0.140397113,0.140835935,0.141097898,0.141833215,0.141092334,0.139863408,0.138166071,0.137946214,0.137409175,0.137173232,0.137501263,0.136019001,0.136708885,0.137457866,0.139184067,0.139859101,0.139019768,0.139901186,0.139158462,0.139102902,0.138991803,0.137190374,0.135492123,0.13593234,0.135876369,0.137082362,0.137905215,0.137295508,0.135565362,0.135754981,0.13695247,0.137463808,0.138755502,0.13875294,0.1371317,0.138172203,0.139317113,0.139454047,0.139367478,0.138175389,0.138620732,0.13888078,0.139116278,0.137551576,0.138766731,0.13972263,0.139242496,0.13989283,0.139597836,0.136978461,0.135688067,0.134279827,0.133456049,0.132321001,0.133168866,0.133742553,0.133834625,0.13546744,0.137177423,0.13689968,0.137035917,0.136663394,0.134588084,0.132599575,0.13227778,0.13139458,0.130886017,0.131098368,0.132823987,0.136198736,0.137410358,0.13796917,0.1366418,0.13280571,0.131707411,0.129134004,0.128223034,0.128761784,0.128719559,0.128525671,0.128632074,0.12854977,0.128565565,0.128574174,0.128261577,0.127173165,0.127184482,0.127944214,0.128367935,0.127790774,0.127444715,0.127470736,0.128417532,0.130175871,0.132021994,0.130521191,0.127776638,0.125967203,0.122948871,0.122488725,0.122343921,0.121681139,0.123030004,0.123585717,0.123115311,0.121384121,0.118741732,0.118883666,0.119417279,0.118933028,0.118748517,0.116603357,0.115080472,0.11615917,0.116102518,0.119446883,0.120278682,0.115134389,0.113585981,0.112222787,0.110402244,0.112743322,0.114298603,0.114170895,0.116447088,0.115889547,0.114202303,0.113950886,0.110981686,0.108109189,0.10663892,0.10638393,0.107951652,0.105954113,0.106060018,0.10741662,0.107324867,0.107006234,0.108522422,0.107819261,0.104946978,0.104653563,0.105246561,0.106460014,0.107032803,0.106851176,0.109418611,0.10960266,0.107687057,0.105609397,0.102258879,0.101592387,0.102858041,0.103271409,0.105948521,0.106839479,0.106751677,0.106746721,0.107010192,0.107056574,0.105076505,0.100880285,0.095146767,0.092177466,0.08898691,0.089503099,0.094876624,0.09691854,0.099240858,0.100643271,0.099561506,0.099936463,0.098293042,0.096510912,0.094177024,0.093606477,0.095856871,0.096875366,0.098979042,0.096974011,0.097219883,0.098631187,0.0959838,0.096896587,0.095629677,0.095059674,0.095264126,0.09855793,0.103129774,0.106878153,0.10730081,0.105584819,0.099722872,0.093067585,0.090794659,0.090274356,0.091959174,0.090516146,0.094119591,0.093931929,0.095880831,0.099143963,0.094055985,0.088807571,0.084137378,0.078326392,0.078102495,0.085467183,0.0880383,0.088541162,0.091098255,0.086485175,0.082869902,0.084606188,0.083909682,0.084520154,0.089429654,0.085250591,0.084418206,0.081038206,0.07359454,0.073849065,0.071547762,0.071274171,0.074654334,0.075219708,0.077975523,0.086565331,0.086552974,0.096858935,0.10772378,0.106516751,0.101213228,0.091486693,0.075846301,0.070556809,0.07329947,0.078668141,0.084051542,0.080393152,0.070777644,0.063503555,0.060655813,0.071400334,0.094914505,0.101282954,0.093422563,0.090879303,0.078919203,0.073960947,0.083703663,0.083784793,0.078403154,0.075710127,0.070668861,0.063297617,0.065884103,0.062641367,0.054706017,0.065019636,0.068346222,0.069513228,0.081538358,0.079923332,0.085568371,0.086799796,0.079555967,0.080016585,0.062636128,0.063280832,0.083352397,0.09451654,0.115988778,0.112550652,0.100309433,0.082751098,0.063551229,0.06355691
/data/asd/1/1549991189-00.asd,sp2_run8,252,60,72,0,60.0167,0,0.061084287,0.072993651,0.071341905,0.064389273,0.066060481,0.073924041,0.071435299,0.072881876,0.074186268,0.07383241,0.069484595,0.068939407,0.070356855,0.068575632,0.069185964,0.070356212,0.070240687,0.07449459,0.073505578,0.071893786,0.074467871,0.071400805,0.071800858,0.073382933,0.076035016,0.074237024,0.072212133,0.072499531,0.074257495,0.073038314,0.071930025,0.074651853,0.07510776,0.074668749,0.07502284,0.077689383,0.076339778,0.074562651,0.077518895,0.077634701,0.075248641,0.075273386,0.078465851,0.079095625,0.078843533,0.079706602,0.07985074,0.078957824,0.079748413,0.080095266,0.079366376,0.078955237,0.079520653,0.08141612,0.082339005,0.08315462,0.083371711,0.08267305,0.083482547,0.083308631,0.083025033,0.083880817,0.084221259,0.084315734,0.084675089,0.084913037,0.08544352,0.086067951,0.085852944,0.086345822,0.086898681,0.086946845,0.087295175,0.087702831,0.088621186,0.088752791,0.089082479,0.089608711,0.090456478,0.090500418,0.090469288,0.090545858,0.091415827,0.092039086,0.092722329,0.093298788,0.09435359,0.094298315,0.093802245,0.093881999,0.095070778,0.095077896,0.094827884,0.095662539,0.097029465,0.096751141,0.097269004,0.098360895,0.097662197,0.098428453,0.099175631,0.098873779,0.099276322,0.099784941,0.100555048,0.100974065,0.101040184,0.101342003,0.101486005,0.101908468,0.101862239,0.10182581,0.102493249,0.103052215,0.102948028,0.102991359,0.102916734,0.10406209,0.104683359,0.104716431,0.104794437,0.105002973,0.105385319,0.105498695,0.105928517,0.106498065,0.106785299,0.106731079,0.107263098,0.107545841,0.107670375,0.108212918,0.108455484,0.108621037,0.109126519,0.109454092,0.109705375,0.11015451,0.11043543,0.110855377,0.11143287,0.111841714,0.112039736,0.112468145,0.112750237,0.112844065,0.113326683,0.113596592,0.11398712,0.114392704,0.115084204,0.115400589,0.115350244,0.115935104,0.116370744,0.116853877,0.117401978,0.117755462,0.118138097,0.118370315,0.11880186,0.119169597,0.119629973,0.120456227,0.12050842,0.120718988,0.121415384,0.121913187,0.122036755,0.122502482,0.122735518,0.123171991,0.123436805,0.123572708,0.124130906,0.124637001,0.124915602,0.125338684,0.125708352,0.126339906,0.126736659,0.127064803,0.127355737,0.127610027,0.128031148,0.128510813,0.128795137,0.129440464,0.129906955,0.130243757,0.130155588,0.130649696,0.131140232,0.13132022,0.131725604,0.132219606,0.132478399,0.132808032,0.133275591,0.133520179,0.13369259,0.134121994,0.134342397,0.134513648,0.13466,0.135078681,0.135410508,0.13578517,0.136000553,0.13629801,0.136698898,0.136924745,0.137627378,0.138042003,0.137961605,0.13850413,0.138875629,0.139273733,0.139519792,0.139827928,0.140166002,0.140282848,0.14038623,0.140607784,0.140582665,0.140785016,0.140933993,0.140933683,0.140764577,0.140730993,0.140903084,0.140944343,0.140781092,0.140755451,0.140766296,0.141024577,0.141143202,0.141296205,0.141573873,0.141717158,0.14194455,0.142116204,0.142270046,0.14221371,0.142437342,0.142468228,0.142579922,0.142544904,0.142464378,0.142655969,0.14288138,0.143031588,0.143144375,0.143079783,0.143103029,0.143184399,0.143271142,0.143308352,0.143054783,0.143271471,0.143453702,0.143363109,0.143145223,0.143265392,0.143592468,0.143490656,0.143499448,0.143658047,0.143782982,0.14370438,0.14374,0.143812424,0.143822097,0.14395299,0.144023916,0.144079583,0.144088096,0.143961512,0.14388292,0.143892837,0.143999289,0.144093678,0.144161926,0.144428999,0.144218419,0.14430369,0.144365971,0.144303247,0.144339809,0.144296945,0.144358832,0.144337432,0.144408865,0.144424115,0.144466838,0.144542331,0.144481939,0.144406012,0.14451089,0.144470737,0.144509497,0.14454835,0.14458304,0.144570204,0.144440532,0.144387185,0.144534603,0.14439758,0.144211679,0.144195572,0.144345611,0.144410984,0.144393906,0.14430426,0.144203508,0.144213921,0.144215831,0.144186485,0.144139407,0.144339215,0.144392275,0.144400546,0.144480384,0.144524275,0.144523192,0.144613541,0.144756023,0.145109171,0.145332355,0.145334115,0.145534972,0.145594254,0.14552417,0.145802575,0.146047817,0.146079694,0.1462746,0.146294086,0.146390084,0.146649387,0.146717737,0.146685896,0.146772072,0.147138374,0.147405456,0.147381881,0.147486715,0.147777751,0.147775029,0.147913515,0.148107408,0.148230447,0.148436757,0.148456188,0.148485626,0.148806144,0.148925754,0.149211545,0.149485081,0.149393961,0.149493803,0.149758463,0.149924307,0.15014093,0.15033962,0.150374943,0.15042076,0.150434044,0.150652646,0.151036906,0.151127022,0.151499127,0.151590327,0.151580703,0.151739008,0.151806221,0.151909306,0.152119739,0.152123571,0.152277005,0.152608447,0.152614446,0.152815263,0.152949473,0.153108909,0.153493313,0.153563187,0.153586142,0.153779896,0.153939218,0.154046799,0.15418346,0.154286271,0.15449276,0.154684676,0.15492327,0.155198309,0.155337526,0.155632094,0.155801475,0.155932095,0.156128816,0.156344116,0.156418075,0.156821634,0.156928337,0.156990423,0.157234586,0.157219809,0.157311301,0.157554981,0.15761844,0.157947457,0.157796007,0.157761714,0.158266491,0.158334474,0.15838705,0.15856658,0.158705102,0.158979469,0.159166153,0.159269301,0.159755394,0.159773052,0.159827751,0.160078004,0.160230903,0.160516589,0.160793508,0.160874466,0.161071891,0.161187549,0.161582497,0.161624817,0.161770906,0.16164757,0.161988373,0.16204866,0.162110763,0.162343081,0.162510594,0.162717968,0.163118233,0.163136153,0.163260425,0.163307386,0.163438086,0.163783499,0.163897375,0.163718358,0.163798217,0.163768205,0.164125579,0.164592261,0.164490431,0.164563945,0.164618381,0.164940478,0.164962007,0.164969017,0.165081406,0.165148594,0.165025723,0.16533888,0.165680239,0.165870215,0.165849607,0.165724948,0.165548605,0.166119325,0.166483089,0.166458009,0.166574815,0.166179006,0.166376649,0.167122469,0.16653164,0.167029423,0.166884003,0.166847341,0.166930451,0.166821334,0.166999764,0.167088079,0.166750268,0.167310887,0.166871176,0.167222229,0.166998185,0.166781684,0.167209206,0.167235598,0.167118868,0.167685364,0.168019986,0.167321268,0.167409252,0.168127058,0.166879678,0.167230459,0.167550039,0.166728403,0.167824691,0.167914588,0.167573568,0.167894193,0.168470636,0.167806595,0.168286631,0.167641242,0.16871001,0.16835749,0.167312796,0.166613135,0.16773045,0.168693305,0.168509267,0.16826862,0.168111231,0.168370034,0.168308515,0.169734582,0.168993833,0.168386094,0.168788976,0.168682478,0.169095799,0.168715301,0.169679131,0.168258427,0.168087896,0.169267119,0.169076688,0.169655453,0.169899923,0.169284871,0.168906055,0.169061458,0.170058872,0.169158812,0.169236103,0.169077043,0.169454901,0.169226144,0.169605595,0.169863602,0.169529748,0.169589386,0.169685917,0.169582974,0.169767809,0.169265919,0.169911697,0.17004005,0.170416533,0.170464785,0.170261229,0.170209081,0.170921285,0.170833083,0.171110225,0.171069876,0.171048403,0.171113953,0.170987919,0.170881212,0.171341755,0.171427667,0.171241425,0.171218078,0.17150468,0.17205682,0.171925604,0.171894105,0.172282972,0.172074134,0.172394776,0.172371634,0.172253946,0.172123176,0.172568811,0.172518276,0.172643367,0.172374746,0.172652898,0.172798542,0.172930887,0.173112895,0.172874606,0.172849603,0.172927609,0.173141114,0.173085213,0.173460458,0.172673593,0.172859504,0.173423649,0.173174264,0.173733906,0.173838637,0.173749531,0.174234923,0.174009631,0.173968868,0.174254548,0.173838203,0.174133389,0.174894079,0.174573343,0.174531736,0.174140968,0.174289518,0.175113823,0.174463887,0.174858926,0.175285412,0.174747553,0.175410528,0.175622692,0.175923657,0.176348762,0.17550253,0.176402204,0.177243092,0.175920467,0.176220509,0.176079,0.175248225,0.176920586,0.176585415,0.176508527,0.177845729,0.176447195,0.177950495,0.178183834,0.176382971,0.178391329,0.177594181,0.176923032,0.178716378,0.178528869,0.178177424,0.177940487,0.177430436,0.178366266,0.179001284,0.178195127,0.178012933,0.17834029,0.179716923,0.17956088,0.179623074,0.179930968,0.179789005,0.179501225,0.179218295,0.178595629,0.17874293,0.179587181,0.17989552,0.180109838,0.180448168,0.180585032,0.180647443,0.180743577,0.180789511,0.180749322,0.180524537,0.180739098,0.181217383,0.18152001,0.18206458,0.182185728,0.181979686,0.181964654,0.18186519,0.182071526,0.182708315,0.182815568,0.18305877,0.183134546,0.183164291,0.183472479,0.183757517,0.18389712,0.183595829,0.183391198,0.183258605,0.183657847,0.183891063,0.184060968,0.184334991,0.184711047,0.184729802,0.18458598,0.184599636,0.184846854,0.184654788,0.184404653,0.184526002,0.184680333,0.184586699,0.184703829,0.185169021,0.185428729,0.185416048,0.185543055,0.185904109,0.185958603,0.18617407,0.18608736,0.185864403,0.18568233,0.18552682,0.185960079,0.18632759,0.186570175,0.186705909,0.186254754,0.186082367,0.186246164,0.186418988,0.187255952,0.187412083,0.187118508,0.187003657,0.186815379,0.186427384,0.186603708,0.186651992,0.18683917,0.187151724,0.187229531,0.187258817,0.187340702,0.187315858,0.187204676,0.187237826,0.187197611,0.187116115,0.18722687,0.187448324,0.187552359,0.187649319,0.187731729,0.187754993,0.188051726,0.188224229,0.188143909,0.188196863,0.188211988,0.188016551,0.187974478,0.188175179,0.188318009,0.188490775,0.188720021,0.189218692,0.189168865,0.188932862,0.189127098,0.189178776,0.189308909,0.189528823,0.189573598,0.189588778,0.189557019,0.189392828,0.189203791,0.189201916,0.18952214,0.189617517,0.189872391,0.190194502,0.19021231,0.189919043,0.189954437,0.189956792,0.190004163,0.189952299,0.190077377,0.190014045,0.190022319,0.190245807,0.190239536,0.190382486,0.19062952,0.190827412,0.190892971,0.190976424,0.190847442,0.190657918,0.190465164,0.190355615,0.190461778,0.190263605,0.19020085,0.190550591,0.190516735,0.190214121,0.190140003,0.189984834,0.189687163,0.189476757,0.189643312,0.189628126,0.189486747,0.189473573,0.189487233,0.189364016,0.189275413,0.189316122,0.189487206,0.189425891,0.189414152,0.189518258,0.189518733,0.189655201,0.189913751,0.190264896,0.190300732,0.190458253,0.190550334,0.190568274,0.190724658,0.190817902,0.190701996,0.19070557,0.190751124,0.190930808,0.191003419,0.190984527,0.191061029,0.191020511,0.190921845,0.191403685,0.19163176,0.191698214,0.191832439,0.191858212,0.192151942,0.19231112,0.192419145,0.192458932,0.192143341,0.192077918,0.192551515,0.192671311,0.192920713,0.192968546,0.192968769,0.193251323,0.193396311,0.193491097,0.193637333,0.193818226,0.194111201,0.194375649,0.194480068,0.19444359,0.19447776,0.194589344,0.19483168,0.194932007,0.195145735,0.195121588,0.195342397,0.195701344,0.195943171,0.196122131,0.196237793,0.196158538,0.196334071,0.196596681,0.196928932,0.196999272,0.197094246,0.197195057,0.19735163,0.19764838,0.198300904,0.198461011,0.198562965,0.198619794,0.198559718,0.198649778,0.198738384,0.198941213,0.199293774,0.199527722,0.199532755,0.199813927,0.199977776,0.199906432,0.200129776,0.200508973,0.200654487,0.200650579,0.200842597,0.200941245,0.201040858,0.201185049,0.201324634,0.201345843,0.201604086,0.20192883,0.202072455,0.202275433,0.202394379,0.202626442,0.202708192,0.202803997,0.203018343,0.202875382,0.20307519,0.203252632,0.203315581,0.20347692,0.203631819,0.203828705,0.204127001,0.204267242,0.204451384,0.204633169,0.204734836,0.204823674,0.204758779,0.204863403,0.20514012,0.205245851,0.205439445,0.205703939,0.205982519,0.205861042,0.205938032,0.206033543,0.206043017,0.205961014,0.205995578,0.206027535,0.206016626,0.206062166,0.206162933,0.206316521,0.206316591,0.206227245,0.206296593,0.206327491,0.206361924,0.206403818,0.206392624,0.206454993,0.206564703,0.206690776,0.206763089,0.206801322,0.206738313,0.206895822,0.206789954,0.206758253,0.206745245,0.20677906,0.206827576,0.206901119,0.207002476,0.207045749,0.207063213,0.206944247,0.206714077,0.206656915,0.206676016,0.206532627,0.206314565,0.206150896,0.205850789,0.205673208,0.205840893,0.205788023,0.205726504,0.205645851,0.205487925,0.205416091,0.205306648,0.205188608,0.204949816,0.204618761,0.204441762,0.204217146,0.204032467,0.203941663,0.203846362,0.203609116,0.203498455,0.203507661,0.20335575,0.203183982,0.20307482,0.202828961,0.202596028,0.20259554,0.202490581,0.202388781,0.202320397,0.202068279,0.20189717,0.201771647,0.201771393,0.201604234,0.201469179,0.201461651,0.20136804,0.201182929,0.201086144,0.200898569,0.200641474,0.200233547,0.19966815,0.199285014,0.198996934,0.198624326,0.198406852,0.198098418,0.197600002,0.197058328,0.196564911,0.195855421,0.195108654,0.194322104,0.193403298,0.19239565,0.191652598,0.190621398,0.189283635,0.187994386,0.186635798,0.185110817,0.183721686,0.182377657,0.18085916,0.179212006,0.177624894,0.175952806,0.174243668,0.172465252,0.170614218,0.16873187,0.166987552,0.165262425,0.163366995,0.161576049,0.159759544,0.157749174,0.156074622,0.154417339,0.152866114,0.151369398,0.149935781,0.14848706,0.147178527,0.145969131,0.144689519,0.143527613,0.142384663,0.141131095,0.140255015,0.139424899,0.138784409,0.138148177,0.137481002,0.136814878,0.135991257,0.135395377,0.134891693,0.134378517,0.13394602,0.133437429,0.133040466,0.132466482,0.131694646,0.131200069,0.130640875,0.130269261,0.130192325,0.129923249,0.12965847,0.129376277,0.12894917,0.128594633,0.128435786,0.12814161,0.127904287,0.12766198,0.127566873,0.127536675,0.127453982,0.127332329,0.127465353,0.127415684,0.127409008,0.127559196,0.12771529,0.127821168,0.128118932,0.128309686,0.128602348,0.128813945,0.129055903,0.12924963,0.129500473,0.129646376,0.129915611,0.130064006,0.130314464,0.130691483,0.13104961,0.13147217,0.131924901,0.132313963,0.132682247,0.133028959,0.133358528,0.133799222,0.134252299,0.134789362,0.135337716,0.13593861,0.136498958,0.136963382,0.137494175,0.138051571,0.138711708,0.139281587,0.139885223,0.140612522,0.141104521,0.141830555,0.142427015,0.142941364,0.14356348,0.14416613,0.144902376,0.145660149,0.146156607,0.146929087,0.147632902,0.148452286,0.149229748,0.149948836,0.150532188,0.151219267,0.151678223,0.152529847,0.153402342,0.154161011,0.154750115,0.155560464,0.156177342,0.156954348,0.157701939,0.15846726,0.159052277,0.159683536,0.160198815,0.160897936,0.161547654,0.162233153,0.16282948,0.163356586,0.163979786,0.164720254,0.165193648,0.165818176,0.16629273,0.16699466,0.167513406,0.167969637,0.168660767,0.169312922,0.170042176,0.1706253,0.171099642,0.171600665,0.171991589,0.172579703,0.173056908,0.173691326,0.174329643,0.174763606,0.175373196,0.175878704,0.176731976,0.177165304,0.177780213,0.17838994,0.179061448,0.179721135,0.180293429,0.180826386,0.18111022,0.18151835,0.182205234,0.18264025,0.183144906,0.183685868,0.184121415,0.184286185,0.184846792,0.185214326,0.185604057,0.186434861,0.187005345,0.187525024,0.188064499,0.188393969,0.188728822,0.189013222,0.189489738,0.190117332,0.190493897,0.190990225,0.191391287,0.19176845,0.192136372,0.192668939,0.193065646,0.193592809,0.193979312,0.194060572,0.194385015,0.19468684,0.195121312,0.195543133,0.195929432,0.196152063,0.196626608,0.197061108,0.197425541,0.197635417,0.197943308,0.19826972,0.198682053,0.199261131,0.199490849,0.199611479,0.200005524,0.200093359,0.200366307,0.200754686,0.201216404,0.201480017,0.201762384,0.202103648,0.202311123,0.202756942,0.203025753,0.203226951,0.203445919,0.203595308,0.203563305,0.203887549,0.204344676,0.204814805,0.204978294,0.205124918,0.205470865,0.205692998,0.20589695,0.206387694,0.206711936,0.206858431,0.207151171,0.207750366,0.207874226,0.207954074,0.208215982,0.208133906,0.208295029,0.208557803,0.208854872,0.209188695,0.209515195,0.209671073,0.209889054,0.210171521,0.210517316,0.210782954,0.210943955,0.210898155,0.21112902,0.211306851,0.211226798,0.211166791,0.21133299,0.211438893,0.211490167,0.211941887,0.212246228,0.212423672,0.212602893,0.212449239,0.212494557,0.212907768,0.213137786,0.213349636,0.213393526,0.213190147,0.213243654,0.213139076,0.21331753,0.21372823,0.213786924,0.21411017,0.214359957,0.214241445,0.214297825,0.21463827,0.214998987,0.215112588,0.215105123,0.215108796,0.215138626,0.215305923,0.215316945,0.215354293,0.215463695,0.215607455,0.215605173,0.215380004,0.215419687,0.215463441,0.215598749,0.215968258,0.215998875,0.21595946,0.215730299,0.215732483,0.21565679,0.215657601,0.21579146,0.215853524,0.215682874,0.215416578,0.215643923,0.215723436,0.216122391,0.216411857,0.216452655,0.216426368,0.216141752,0.216281976,0.216160049,0.215939712,0.216050521,0.215829304,0.215587873,0.215758327,0.216134998,0.216175896,0.215963387,0.215763642,0.21565995,0.215526417,0.215384454,0.215138078,0.214938545,0.214988449,0.214687246,0.214646183,0.214434698,0.214210428,0.214023022,0.214136575,0.213808565,0.213715501,0.213589819,0.213070232,0.212831048,0.21279803,0.212588126,0.212427397,0.212301174,0.212004645,0.211298171,0.211170513,0.210873393,0.210628483,0.210496739,0.210274511,0.20975249,0.209184393,0.208597784,0.208286228,0.207885408,0.207509149,0.207508754,0.207320993,0.207041373,0.206900477,0.206683129,0.20638017,0.20611049,0.205832733,0.205361121,0.204715479,0.203866702,0.203701147,0.203949374,0.203825574,0.203192997,0.203154097,0.202742374,0.202267381,0.202184245,0.201514752,0.200794966,0.201086449,0.200996652,0.200563221,0.20034918,0.199733275,0.199247102,0.199120813,0.199009546,0.198854504,0.19853713,0.198757688,0.198220694,0.197617828,0.197612615,0.19758936,0.197532374,0.197206969,0.196780656,0.196548087,0.196530635,0.196723958,0.196656685,0.196594101,0.196214787,0.196150266,0.196505235,0.196740563,0.196359388,0.196186404,0.196151996,0.195805105,0.195828026,0.196106662,0.196248427,0.19660288,0.196236479,0.19614034,0.196445829,0.196577555,0.197838343,0.198152807,0.197570504,0.197565787,0.19738975,0.196547836,0.196394088,0.196414306,0.196467369,0.195700986,0.195684057,0.195812991,0.195845999,0.195965739,0.19615231,0.196429891,0.19635487,0.196034061,0.196323312,0.196695442,0.196735296,0.196788344,0.196686081,0.196380808,0.196210955,0.19680464,0.196437357,0.196300125,0.19575239,0.19570199,0.195507849,0.195001683,0.195143179,0.195937736,0.195361972,0.19468568,0.194495203,0.193459482,0.192698369,0.192156753,0.191717081,0.191764967,0.191272467,0.191121207,0.190297622,0.190051319,0.190069024,0.188950487,0.188146891,0.187405768,0.185924609,0.184391688,0.18407298,0.182755509,0.181515232,0.180291699,0.178449674,0.176463283,0.174498552,0.173244867,0.172761669,0.171467734,0.170398613,0.168792274,0.166178613,0.164229027,0.161753335,0.159421464,0.15708719,0.15542509,0.152733455,0.14982031,0.14783371,0.144370375,0.141328928,0.138541072,0.135437993,0.132581941,0.129521723,0.126521519,0.123681527,0.121008167,0.11814974,0.114854497,0.111547901,0.108634407,0.105558139,0.102827078,0.100870362,0.098687153,0.096338156,0.094025786,0.092081982,0.090045944,0.088325386,0.086218199,0.084684444,0.083427444,0.08165746,0.080675182,0.079798412,0.078511514,0.077679593,0.076633573,0.075972638,0.075209867,0.074640209,0.074162126,0.073435318,0.072436779,0.071336931,0.070852461,0.070057698,0.069277299,0.068966602,0.068338845,0.067662547,0.066839869,0.066843484,0.066155992,0.065567735,0.065659068,0.065461603,0.06531448,0.065032575,0.064747359,0.064179281,0.063486224,0.063105606,0.062961927,0.06259845,0.062257576,0.062426228,0.062565724,0.062345888,0.062109926,0.061971229,0.061861968,0.062447774,0.062996385,0.06341483,0.063858577,0.064427612,0.063999708,0.063767337,0.064090324,0.064466927,0.065077781,0.065719863,0.066141998,0.065907891,0.066017671,0.066427552,0.067195119,0.067806382,0.068603741,0.06876941,0.069206662,0.06952794,0.069657396,0.070120125,0.070352547,0.070750764,0.071119002,0.071538813,0.071727262,0.071783505,0.071916262,0.072051838,0.072547846,0.07316441,0.073969917,0.074636778,0.075018102,0.075748019,0.075738354,0.076060166,0.076639817,0.077325495,0.078107406,0.078846078,0.079814473,0.080601661,0.081293357,0.081780252,0.082101552,0.08266136,0.083160196,0.083462297,0.084111419,0.085278405,0.086135992,0.086794179,0.087635167,0.088380076,0.088932865,0.089468647,0.090266097,0.091066605,0.091611088,0.092567761,0.093559309,0.094136967,0.095021003,0.0956392,0.09569802,0.096210524,0.096817268,0.097361656,0.09770803,0.098369033,0.099494031,0.099629654,0.100426805,0.101497025,0.102028009,0.102594419,0.10333656,0.103937215,0.104703842,0.105675183,0.106149828,0.106470897,0.106966162,0.107575485,0.108179824,0.10859337,0.109291943,0.109687484,0.109685883,0.109937848,0.110105484,0.109945239,0.109810157,0.110271348,0.110823403,0.111572233,0.11285295,0.114014801,0.114625365,0.114667328,0.115191611,0.11533298,0.115810969,0.116397861,0.117380728,0.118390577,0.118718609,0.118716681,0.119064899,0.119597929,0.120009926,0.121295592,0.122099612,0.122171541,0.123173868,0.123481129,0.124159397,0.12491938,0.125019952,0.125192491,0.125842522,0.125982334,0.126995452,0.127094761,0.127869553,0.128283003,0.128569914,0.128694938,0.128584366,0.128226046,0.128725828,0.129768744,0.130795034,0.131599591,0.131650345,0.131617217,0.132175867,0.132726649,0.133455092,0.134583671,0.1350491,0.135289257,0.136223376,0.136696935,0.135907936,0.136349164,0.136877594,0.136934933,0.137873919,0.13838907,0.138287204,0.139001759,0.14007136,0.139729916,0.139771569,0.140518992,0.140678345,0.141342752,0.143228691,0.143798646,0.144941665,0.145345549,0.145772584,0.145153921,0.145323521,0.144534786,0.144204237,0.145201218,0.145646765,0.146924517,0.147050959,0.147291135,0.147319939,0.146430677,0.146130722,0.146111821,0.14644507,0.146869953,0.147755387,0.149034453,0.149415849,0.148878586,0.14892788,0.148128755,0.148621341,0.149424091,0.148121304,0.149536381,0.149669886,0.149030022,0.149431163,0.149680042,0.14946694,0.1500278,0.149753201,0.150390348,0.151598915,0.153016455,0.15445997,0.153706289,0.152860322,0.152748893,0.153892487,0.154818054,0.155489231,0.154479176,0.153561181,0.152999242,0.15324793,0.153673676,0.154667136,0.154980235,0.156428441,0.155601905,0.156414569,0.154202098,0.155254809,0.154816725,0.155551154,0.154196979,0.157070163,0.156107154,0.15544154,0.156326424,0.155986218,0.155940815,0.157510805,0.157354254,0.1567413,0.15824862,0.158431189,0.158375215,0.158441388,0.158360533,0.157447007,0.157550714,0.157378672,0.156003403,0.156542983,0.156240358,0.156471315,0.155719913,0.156516443,0.157409689,0.158452995,0.157098859,0.157836174,0.155636176,0.156094991,0.155909998,0.155106044,0.156798582,0.156902923,0.156623354,0.156807218,0.157038527,0.156880646,0.155905398,0.1551886,0.155404067,0.156131841,0.1553956,0.154721708,0.153688111,0.154910612,0.153534994,0.151967818,0.15381115,0.154712377,0.154990033,0.157027441,0.156184278,0.154695096,0.15597974,0.154915481,0.155311708,0.155411953,0.156262506,0.154177051,0.153988836,0.15404611,0.154268023,0.156780191,0.156660228,0.15825534,0.158813901,0.158666346,0.159285629,0.158013552,0.158577019,0.15913457,0.158901262,0.159421017,0.158101548,0.156358357,0.155581985,0.15503301,0.153730401,0.154095056,0.154276032,0.155939301,0.157014595,0.158371635,0.157327857,0.156482277,0.154639217,0.154408054,0.156204589,0.156911563,0.157911893,0.157187906,0.155156995,0.155194946,0.15298993,0.152554475,0.153489188,0.152383639,0.154125137,0.155027031,0.154660255,0.153775843,0.154330733,0.156158056,0.156326942,0.155370433,0.154872776,0.152658812,0.151308871,0.150028008,0.150373379,0.150046608,0.151228443,0.152540674,0.154046051,0.156183374,0.157131382,0.156621387,0.156506447,0.154872946,0.15338062,0.153545254,0.153834621,0.154301061,0.15266997,0.149450702,0.150155185,0.151446853,0.152158674,0.154556097,0.153771945,0.151540939,0.150478749,0.145464476,0.14410653,0.14447721,0.144983189,0.146931451,0.14823128,0.148246739,0.148676117,0.149207676,0.149987341,0.147364636,0.145830298,0.14450548,0.143397105,0.144917012,0.146391459,0.147763203,0.14902359,0.148581857,0.148077224,0.146711266,0.146043551,0.145302104,0.145796474,0.145897985,0.143552876,0.144097208,0.142834543,0.140634034,0.140453189,0.140428939,0.141470435,0.144740177,0.147241025,0.144862635,0.141332258,0.138897492,0.137690041,0.138715006,0.137531077,0.136945276,0.137321072,0.134217631,0.132078556,0.133686739,0.134521311,0.133770386,0.137781053,0.138059404,0.135865143,0.136322112,0.133460048,0.132318758,0.132636507,0.130608495,0.129931042,0.130326935,0.131554101,0.130286793,0.134099742,0.133876977,0.129924301,0.128075969,0.123782834,0.121555385,0.122941645,0.12292039,0.122680185,0.123818927,0.122664498,0.122069829,0.12412457,0.124168996,0.12334042,0.123438473,0.124114829,0.124454404,0.126600118,0.127184947,0.127945421,0.12916171,0.130325631,0.12781656,0.121557899,0.119876388,0.11655027,0.114165613,0.116999036,0.116959872,0.116696534,0.11711155,0.116913202,0.117277515,0.118000894,0.115868566,0.108810679,0.107675198,0.105601189,0.106212764,0.114681285,0.118292813,0.125406308,0.12548602,0.12028664,0.114577522,0.110091104,0.110879273,0.108550605,0.10889879,0.108366228,0.112559829,0.116059936,0.119638535,0.119584542,0.11018225,0.103637606,0.101379773,0.099983054,0.099062885,0.099506587,0.104177275,0.107521096,0.106132397,0.105116527,0.101055415,0.094869682,0.091725114,0.091837808,0.090666911,0.091696037,0.094976093,0.104093476,0.109180302,0.112314959,0.116171612,0.113417419,0.113790983,0.114030137,0.11327673,0.117438728,0.114378191,0.112548328,0.11661092,0.117038042,0.115453676,0.115929432,0.100508342,0.082250245,0.074951929,0.069577092,0.077544898,0.101711445,0.121126339,0.129590303,0.140674831,0.132384919,0.120794114,0.106976703,0.098132466,0.093667132,0.092730654,0.095330365,0.095247892,0.097991555,0.100650162,0.096132277,0.094278851,0.091011553,0.089768396,0.095841748,0.098681261,0.098017613,0.1001354,0.104308245,0.107616275,0.11395474,0.120305158,0.124874444,0.125682793,0.129472682,0.120511145,0.119738409,0.125427873,0.129939076,0.136559605,0.139464496,0.120781977,0.094197377,0.077499536,0.061924344,0.068707746,0.087504258,0.086300114,0.097232645,0.108255034,0.10183406,0.106765269,0.110498125,0.102265374,0.103331357,0.100149442,0.093434102,0.076801016
/data/asd/1/1549991211-00.asd,sp2_run8,288,60,108,0,60.1038,0,0.056982091,0.057726068,0.058846194,0.056214358,0.061527231,0.070636878,0.06704136,0.068039135,0.069127921,0.066723759,0.064661286,0.066908853,0.071972318,0.066843662,0.065021922,0.065189298,0.064135662,0.06848762,0.067122173,0.066731502,0.070439894,0.06616449,0.065893312,0.068441735,0.069209076,0.070307671,0.06938762,0.069647992,0.073231587,0.071411483,0.068634593,0.073084524,0.073599647,0.072026749,0.070436183,0.07180982,0.070614634,0.070661078,0.075139941,0.074597048,0.073435939,0.073133126,0.074024387,0.07354747,0.074667592,0.075755805,0.074251052,0.075146027,0.076328456,0.075491446,0.076307834,0.076106495,0.076026527,0.076904377,0.077042315,0.077247775,0.078062399,0.078385049,0.080218413,0.080012222,0.078426234,0.079441508,0.081579749,0.082104376,0.081499925,0.080717593,0.081004777,0.081975919,0.081299381,0.083067606,0.083865169,0.083491694,0.084388572,0.085352626,0.086322637,0.085641673,0.086184193,0.086702951,0.087269501,0.087594813,0.08742702,0.088204196,0.089616278,0.090437779,0.089955784,0.08958813,0.090758253,0.091425884,0.091286517,0.091809106,0.093661036,0.093273958,0.093292572,0.093888369,0.094446925,0.094847209,0.095332082,0.095845877,0.095069338,0.095780388,0.096846336,0.097145352,0.097232757,0.097674129,0.098504025,0.098524388,0.09854529,0.098753914,0.099094086,0.099412023,0.099692018,0.100101067,0.100301677,0.100810276,0.101159497,0.101612571,0.101450317,0.101657045,0.102076825,0.10256713,0.102334955,0.102749436,0.103417047,0.103874149,0.104087184,0.104515783,0.104723361,0.104660915,0.105070725,0.105253521,0.105629666,0.106020077,0.106627454,0.106889322,0.106845401,0.107771715,0.108372671,0.108461659,0.108934973,0.10928955,0.109734008,0.110139923,0.110098744,0.110530379,0.110959804,0.111215695,0.112210986,0.112517737,0.112613209,0.113070163,0.113593242,0.113745482,0.114091258,0.1148297,0.114953491,0.115126551,0.11570582,0.116158175,0.116817025,0.117500772,0.11794425,0.118215425,0.118666892,0.119270675,0.119800669,0.120050137,0.12035706,0.12097354,0.121167411,0.121846159,0.122273627,0.122380504,0.122828475,0.123204852,0.123535,0.124278786,0.124507274,0.124573929,0.125296681,0.125993085,0.126238051,0.126587451,0.126905855,0.127297006,0.12777267,0.127951099,0.128495653,0.129118548,0.129311949,0.129887572,0.129948996,0.130568542,0.131304507,0.131327214,0.131757253,0.132467615,0.132720597,0.133039772,0.133436875,0.133842228,0.134289919,0.134572106,0.134792373,0.135127693,0.13532583,0.135759914,0.135931406,0.136283297,0.136614978,0.136703381,0.136769597,0.137191273,0.137580322,0.137804891,0.138108462,0.138451833,0.138687512,0.138941139,0.139122732,0.139826267,0.140447709,0.140526194,0.140710148,0.14111977,0.141329526,0.141612503,0.141844048,0.14201797,0.142201328,0.142355165,0.142514833,0.142664398,0.142770348,0.142729351,0.142690085,0.142801,0.142770107,0.142677806,0.14255919,0.142390923,0.142455181,0.142518208,0.142570892,0.142599853,0.142726129,0.142881726,0.143274755,0.143461629,0.143525638,0.143670491,0.143750074,0.143667269,0.143791242,0.143835552,0.143788907,0.143959994,0.144082821,0.144130129,0.143967147,0.144064819,0.144148104,0.144138006,0.144241998,0.144334291,0.144422681,0.144331556,0.144415596,0.14446724,0.144487338,0.144564659,0.144549951,0.144515547,0.144584566,0.144689909,0.144858448,0.14495766,0.144830305,0.144814588,0.144922074,0.145049215,0.144999235,0.14494789,0.144949519,0.145168035,0.14511669,0.145206625,0.145147315,0.145136152,0.145033302,0.14490791,0.144992514,0.145045264,0.145172552,0.145206974,0.145198453,0.145266374,0.145179518,0.145045169,0.14518891,0.145221792,0.145217919,0.145117516,0.145097894,0.145092766,0.144981758,0.144950105,0.14506574,0.144950174,0.144811778,0.144823442,0.144768275,0.144794042,0.144990141,0.144729999,0.144523562,0.144518776,0.144425242,0.144479818,0.14449551,0.1445565,0.144663177,0.144732418,0.14481449,0.14492484,0.145086809,0.145198182,0.145217867,0.145526555,0.145784698,0.145820961,0.145844722,0.14587029,0.145922362,0.146246939,0.146390131,0.146502984,0.146763787,0.146792068,0.146834423,0.147139324,0.147215526,0.147229296,0.147456479,0.147775406,0.147873884,0.147882275,0.148023271,0.148324069,0.148372178,0.148486919,0.148681164,0.148754115,0.148849772,0.149001634,0.149075596,0.14931195,0.149347261,0.149719998,0.149970813,0.149896425,0.150103412,0.150433482,0.150607904,0.150778983,0.150998567,0.150943169,0.151030103,0.151231536,0.151222275,0.151545392,0.151796169,0.151971359,0.152163455,0.152231264,0.152230809,0.152439012,0.152556424,0.152720557,0.152812078,0.152921521,0.153117205,0.15311063,0.153563572,0.153661691,0.153785138,0.154145333,0.154175872,0.154228983,0.154394322,0.154486621,0.154821335,0.155055833,0.155048773,0.155223884,0.155429582,0.15568961,0.155968806,0.156113315,0.156384481,0.156494691,0.156564747,0.156675248,0.156876778,0.156923777,0.157147737,0.157482183,0.157607381,0.157604094,0.157688784,0.157779394,0.158000477,0.158124114,0.15846408,0.15831586,0.158261177,0.15857944,0.158838196,0.15897066,0.1589556,0.159145366,0.159560835,0.159777141,0.159838911,0.160157713,0.160150698,0.160186594,0.160370769,0.160589305,0.160841545,0.161006783,0.161046643,0.16123221,0.161325512,0.161658937,0.161683052,0.161970508,0.161996317,0.162271896,0.162117051,0.162110293,0.162388203,0.162638066,0.162794005,0.163062126,0.162983919,0.163212066,0.163296629,0.163359766,0.163638638,0.163622849,0.163568079,0.163669728,0.163387633,0.163889122,0.164388974,0.164097031,0.164017767,0.164075334,0.164516185,0.164527504,0.164561607,0.164518871,0.164481356,0.164368165,0.164664103,0.164958311,0.165199369,0.16519511,0.165060013,0.164804445,0.16526377,0.165526984,0.165610579,0.165706294,0.165035202,0.165277339,0.166089041,0.165556917,0.165989678,0.165749079,0.165743307,0.165862849,0.165743479,0.165882264,0.165879971,0.165424011,0.166033241,0.1655604,0.165915932,0.165837248,0.165614635,0.165846961,0.165809499,0.165829179,0.166169991,0.16635084,0.165702528,0.165791621,0.166390317,0.165210461,0.16561974,0.165578239,0.164720488,0.165757869,0.165738214,0.165408896,0.165730417,0.166264974,0.165632168,0.166027969,0.16538022,0.166564471,0.166135464,0.165024356,0.164212789,0.165226752,0.166183957,0.165862687,0.165615334,0.165644709,0.165979214,0.165798652,0.166984772,0.166301535,0.165570629,0.16591584,0.165682076,0.165763765,0.165302598,0.166301988,0.165012327,0.164797353,0.166031126,0.1657645,0.166270723,0.166496715,0.16562717,0.1652526,0.165460825,0.166276443,0.165480254,0.165591724,0.165359291,0.165588199,0.165375998,0.165467317,0.165369656,0.165174304,0.165340407,0.16533807,0.165136997,0.165279838,0.164688067,0.165124124,0.165143065,0.165594195,0.165463528,0.165250447,0.165192052,0.165828512,0.165682587,0.165964128,0.165519361,0.165445687,0.165750806,0.165888195,0.165626945,0.165530576,0.16541277,0.165323122,0.165494848,0.165538996,0.165818196,0.165786535,0.165704702,0.166008531,0.165771266,0.165821779,0.165703564,0.165699169,0.165625116,0.16603647,0.165628906,0.165841927,0.165638765,0.165610749,0.165526856,0.165810468,0.166140567,0.165986041,0.165743064,0.165735438,0.165792463,0.165627151,0.165504569,0.165263115,0.165979448,0.165768584,0.16537729,0.165979563,0.165964605,0.165636987,0.165599461,0.165131212,0.165447702,0.166029029,0.16522223,0.16529101,0.165676569,0.165557105,0.166130148,0.165906896,0.165453758,0.165726474,0.16520797,0.165747202,0.166036128,0.165214702,0.166341757,0.166509357,0.165787745,0.166518617,0.166018618,0.166144918,0.166051612,0.165135442,0.166181694,0.166348662,0.165253241,0.166130205,0.1656252,0.165325459,0.165604743,0.165653436,0.166865067,0.166656597,0.165448421,0.167186549,0.166019553,0.165429924,0.166731464,0.166171718,0.166783575,0.167244052,0.166051488,0.166597476,0.166837631,0.166050285,0.166444848,0.166246954,0.166353604,0.166540997,0.166062512,0.166423633,0.166725082,0.167413871,0.167133282,0.166964601,0.166934212,0.166646925,0.166541016,0.167009801,0.167278041,0.167592928,0.167675048,0.168254039,0.168316494,0.167806156,0.167489683,0.168162446,0.16863475,0.168796478,0.169079344,0.169219056,0.168682266,0.168535535,0.168517599,0.168812683,0.16925545,0.169599312,0.170397381,0.170693723,0.170529746,0.170337126,0.170367816,0.170513167,0.170883315,0.170871381,0.170744744,0.170627476,0.170917883,0.171330889,0.171529426,0.17179319,0.171809213,0.171882232,0.171899536,0.172040102,0.17206836,0.171816478,0.171879634,0.171985619,0.171711569,0.171653472,0.171707807,0.171863576,0.172350799,0.172318481,0.172174764,0.172091168,0.172235893,0.172140925,0.172432343,0.17289006,0.172867718,0.17308875,0.173447821,0.173550841,0.173598379,0.173426681,0.173104004,0.173277769,0.173232032,0.173150172,0.173323207,0.173772445,0.17351241,0.173526538,0.173630404,0.173528773,0.173417002,0.173472157,0.173755832,0.173958833,0.173802049,0.174027641,0.174182058,0.173973816,0.173738718,0.173593078,0.173444096,0.173442829,0.173500746,0.173767806,0.174007114,0.174250491,0.17432527,0.174281338,0.174397772,0.174426697,0.174591649,0.17498709,0.175216291,0.17522576,0.175206081,0.175360202,0.175506576,0.175690094,0.175981587,0.176267177,0.176453934,0.176424486,0.176248513,0.176214428,0.175985403,0.175881414,0.17609288,0.176389591,0.176481234,0.176710465,0.177056151,0.177362746,0.177505692,0.177601131,0.177562587,0.177494588,0.177317161,0.177160847,0.177186759,0.177442421,0.177747093,0.177940493,0.177764667,0.177953454,0.177748023,0.177331607,0.177628952,0.17767167,0.177680961,0.177671818,0.177851408,0.177687705,0.177342669,0.177212801,0.177377789,0.177311909,0.177208555,0.177196823,0.177196456,0.177064208,0.176788509,0.176620154,0.176573741,0.176372967,0.176273052,0.176349882,0.176384046,0.17635195,0.176512476,0.176765779,0.176728265,0.176713483,0.176759092,0.176599905,0.176374187,0.176311634,0.176212222,0.176296828,0.176618941,0.17693335,0.177187012,0.177105661,0.177399177,0.177566162,0.177736977,0.177861713,0.177841479,0.177678536,0.17747774,0.177465437,0.177562665,0.177679996,0.177763639,0.178104183,0.178306709,0.178266876,0.178485801,0.178491895,0.178499747,0.178776461,0.178786095,0.178968056,0.179068395,0.178920007,0.179062499,0.179376907,0.179456058,0.179787742,0.179891106,0.179936932,0.17977422,0.179823851,0.180217758,0.180239935,0.180286834,0.180427997,0.180386496,0.18054304,0.180867607,0.180961792,0.181002553,0.181090805,0.181207409,0.181491381,0.181774589,0.182068412,0.182166104,0.182435316,0.182746991,0.18297863,0.183091677,0.183374139,0.183426927,0.18349299,0.183710302,0.183916176,0.184017235,0.184201,0.184156771,0.184060042,0.184176431,0.184263146,0.184458102,0.185079466,0.185288654,0.185396976,0.185635616,0.18580649,0.186010641,0.186264822,0.186450552,0.186633003,0.186809319,0.187086692,0.18730266,0.187420718,0.187685052,0.187868648,0.188046369,0.188300927,0.188529129,0.188664335,0.188722969,0.188813257,0.189021028,0.189107526,0.188998683,0.189005709,0.189009776,0.189072434,0.189624491,0.189780916,0.1898344,0.189908207,0.189896295,0.190140576,0.190406575,0.190771952,0.190887105,0.190681137,0.190806012,0.191122254,0.191192449,0.191431563,0.191620877,0.19160417,0.191732027,0.192030489,0.192176057,0.192227922,0.192191635,0.192171357,0.192262671,0.192226578,0.192427262,0.192648054,0.192730707,0.192929599,0.193218573,0.193412343,0.193608796,0.193735096,0.19380283,0.193905764,0.193958446,0.193889638,0.193630977,0.193654431,0.193822964,0.193865531,0.193968596,0.193995423,0.194113088,0.194151865,0.194103928,0.194082993,0.194004451,0.193838781,0.194034517,0.194231275,0.194209968,0.194128382,0.194096631,0.193890098,0.193871853,0.194017289,0.193971239,0.193684979,0.193727203,0.193991776,0.194066402,0.194383879,0.194397058,0.193898885,0.193698613,0.193612892,0.193444696,0.193404053,0.193263448,0.192967006,0.192822544,0.19284341,0.192873951,0.192794306,0.19268677,0.192572625,0.192348514,0.192338428,0.19256652,0.192430399,0.192164674,0.192041768,0.191792689,0.191584571,0.191508889,0.191325097,0.191072273,0.190965484,0.191022416,0.19083716,0.190576998,0.190415507,0.19031751,0.190251512,0.190255129,0.190177864,0.190049152,0.190043741,0.189859052,0.189617467,0.189589638,0.189541358,0.189266011,0.189068322,0.188797892,0.188239263,0.188001344,0.187944061,0.187759939,0.187790996,0.187501185,0.186923481,0.186549012,0.186089081,0.185562981,0.185053213,0.184427228,0.18376962,0.183068948,0.182441016,0.181497794,0.180452159,0.179422842,0.178238861,0.17702132,0.175743935,0.174480964,0.173059999,0.171427572,0.169893853,0.168324488,0.166660413,0.164887905,0.163208632,0.161343558,0.159620952,0.158209427,0.156566858,0.154846843,0.152953135,0.150880875,0.149065565,0.147341601,0.145713339,0.144024967,0.142549225,0.141043848,0.139645621,0.13842303,0.137197313,0.135838679,0.134559073,0.13342434,0.132326554,0.131259801,0.130421447,0.129565386,0.128788172,0.128099917,0.127364096,0.126742979,0.126194951,0.125643431,0.12512466,0.124632383,0.124110589,0.12364693,0.123356709,0.122935406,0.122396257,0.12200961,0.121643266,0.121292694,0.121010681,0.120763677,0.120570343,0.120373561,0.120188067,0.11992141,0.119672964,0.119378676,0.119033486,0.118790891,0.118575785,0.118559834,0.118598125,0.118566825,0.118802214,0.118818721,0.118730026,0.118925189,0.119055619,0.119104287,0.119327655,0.119393958,0.119636892,0.119787153,0.120127947,0.12061138,0.120956616,0.121221646,0.121539235,0.121578191,0.121819968,0.122223387,0.122569797,0.122921683,0.123418485,0.123935145,0.124332035,0.124765505,0.125083431,0.12527299,0.125669583,0.126156819,0.126706902,0.127505351,0.128108952,0.128588055,0.129142049,0.129652357,0.130308543,0.130919103,0.13148243,0.132106842,0.132525523,0.133125033,0.133681625,0.134298878,0.13493985,0.135570055,0.136299114,0.137099975,0.137514686,0.138299702,0.139027909,0.139837904,0.140547192,0.141319786,0.142005911,0.14274636,0.143384218,0.14416231,0.144744507,0.145451657,0.145964494,0.146762978,0.14758938,0.14837531,0.148995247,0.149830297,0.150554474,0.151217154,0.151789489,0.152517893,0.153024042,0.153759498,0.154590724,0.155217411,0.155905289,0.156711229,0.157186157,0.157777717,0.158152495,0.158876954,0.159538548,0.160010479,0.160716002,0.161395131,0.162000428,0.16252939,0.163025149,0.163536142,0.163938001,0.164595717,0.165177957,0.165924824,0.166856189,0.167390074,0.168056907,0.168509653,0.169035413,0.169288679,0.169859665,0.170344435,0.170796456,0.171393887,0.171966884,0.172615758,0.173420563,0.173970121,0.174552721,0.174973191,0.175460009,0.175807528,0.176292526,0.176721065,0.177395467,0.177916228,0.178407018,0.179266443,0.179842913,0.180232904,0.180797907,0.181201642,0.181500818,0.181828323,0.182308838,0.1827552,0.183186532,0.183995114,0.184357393,0.184680181,0.184963634,0.185254446,0.185564599,0.18610016,0.186419991,0.186392093,0.186745472,0.187059205,0.187590094,0.188254543,0.188693753,0.188914391,0.189318884,0.189438629,0.189830759,0.190249047,0.190660515,0.191196408,0.19171006,0.192168251,0.192431024,0.192593765,0.193063159,0.193276413,0.193605216,0.193978219,0.194440891,0.194635364,0.194850278,0.195134086,0.19527614,0.195555354,0.195780263,0.196065265,0.196365939,0.19666483,0.196749816,0.197209016,0.197693453,0.1980824,0.198282151,0.198520032,0.198766487,0.198777084,0.198833349,0.199036353,0.199233163,0.199442283,0.199661009,0.199973071,0.200132672,0.200534112,0.200878728,0.201016508,0.20121041,0.201080206,0.20127256,0.201600058,0.201901823,0.202280782,0.202450998,0.202560493,0.202824448,0.20274917,0.202859271,0.202968805,0.203310926,0.203652064,0.203835928,0.20430165,0.204585627,0.204644151,0.204623063,0.204623232,0.204872551,0.20530913,0.205551518,0.205487324,0.205514062,0.205829048,0.205946264,0.205881791,0.205900472,0.205699342,0.205871032,0.206254066,0.206495136,0.206719682,0.206845966,0.207161057,0.207411422,0.207478827,0.207451114,0.207367705,0.207542419,0.207505138,0.20744392,0.207537871,0.207546877,0.207623893,0.207677087,0.207859373,0.208008287,0.20825993,0.208362013,0.208215284,0.208297295,0.208458699,0.208506555,0.208452064,0.208284766,0.208171341,0.208227427,0.208374214,0.208202225,0.207995424,0.208005422,0.207961625,0.207997719,0.207879867,0.207978399,0.208058635,0.208215705,0.208409292,0.208353624,0.208025729,0.207829652,0.207959981,0.207925813,0.207876005,0.208187352,0.208152697,0.208052317,0.208176208,0.207973416,0.2073858,0.207092848,0.207026496,0.207089271,0.207251692,0.206921039,0.206684958,0.206893464,0.206978696,0.206583465,0.206544639,0.206301147,0.20605054,0.205970444,0.206007833,0.205183939,0.205016628,0.205114868,0.204647812,0.204390304,0.204280104,0.203798021,0.203559873,0.203533435,0.203395637,0.202962222,0.202874361,0.202608127,0.202445732,0.202218113,0.202036984,0.201837024,0.201481783,0.200876209,0.200500549,0.199939772,0.199336938,0.199213941,0.199218127,0.199007189,0.198833629,0.198602711,0.198066226,0.197585711,0.197463761,0.197299491,0.197153386,0.196463592,0.19606758,0.195909701,0.195664969,0.195175053,0.195119507,0.194768344,0.194481701,0.194170859,0.193400839,0.192793096,0.192759965,0.192672327,0.19259959,0.192480418,0.19206303,0.191592121,0.191385447,0.191234197,0.190725509,0.190374072,0.190668205,0.190531794,0.19021742,0.190392911,0.190278174,0.189784772,0.189454041,0.188941306,0.18868607,0.188911481,0.188991304,0.188705366,0.188510437,0.188192,0.188309742,0.188259085,0.188141806,0.188054574,0.187863959,0.188100207,0.188572921,0.18839094,0.188109387,0.188169933,0.188115207,0.188112913,0.188110594,0.188514088,0.18809698,0.187288072,0.187012954,0.185877581,0.185920876,0.186650369,0.187258276,0.187679522,0.187973888,0.188585461,0.188518653,0.188778988,0.189284992,0.189390294,0.189390986,0.188773796,0.188691516,0.188375135,0.187895187,0.187845791,0.188327916,0.189114491,0.189362089,0.189670946,0.189445393,0.189118122,0.189150101,0.188544243,0.188009103,0.18739746,0.187566508,0.187390967,0.186986372,0.187159907,0.187797009,0.187114371,0.18691601,0.187097771,0.186257702,0.185940439,0.185523592,0.184781286,0.18488693,0.184406199,0.184080757,0.183105005,0.182836822,0.182307069,0.181802759,0.18123563,0.180979551,0.1798668,0.178567,0.178457694,0.177488136,0.176588136,0.175303139,0.173996583,0.172645988,0.170725305,0.169162086,0.167555718,0.165895569,0.16441538,0.162665962,0.160398729,0.158834894,0.156620968,0.153832618,0.150893026,0.14906626,0.14628202,0.14326602,0.141204645,0.137953677,0.134930539,0.132337877,0.12974207,0.127050908,0.124151448,0.121478966,0.118559166,0.115595325,0.112078595,0.108662769,0.105209307,0.101932314,0.099320792,0.097047561,0.095213193,0.093248365,0.091072722,0.089214954,0.086996841,0.084989647,0.083494975,0.081909841,0.080245189,0.079061957,0.077477341,0.075932846,0.074544172,0.073321623,0.072383204,0.071245703,0.07065981,0.070055783,0.069944477,0.069542977,0.068673337,0.067498099,0.066058303,0.065484267,0.064914538,0.064850541,0.064638653,0.064191265,0.063714352,0.063147161,0.062528813,0.061894663,0.06116842,0.060684379,0.060339132,0.059976896,0.059939021,0.059682352,0.059296836,0.059147224,0.058976035,0.058739154,0.058830865,0.059011031,0.058884801,0.059055544,0.059015499,0.058534041,0.058450817,0.058503009,0.058638824,0.058850197,0.059214637,0.059471184,0.059805358,0.059479091,0.059052,0.058943863,0.05924577,0.059578677,0.060272584,0.061139391,0.061469455,0.062069112,0.062591292,0.063183074,0.063533765,0.063551377,0.063782539,0.064268171,0.064354764,0.065092501,0.06540829,0.065088055,0.065615885,0.066161577,0.066658507,0.067246746,0.068360528,0.069081595,0.069534393,0.069737996,0.069945377,0.069938411,0.069867443,0.070701058,0.071442566,0.072052102,0.072417541,0.072733113,0.072821541,0.072395227,0.072437973,0.072617027,0.073022105,0.073919699,0.074958932,0.076188841,0.077624468,0.078178714,0.078259763,0.078743139,0.078902335,0.079514509,0.080392727,0.081409916,0.082604857,0.083207429,0.084008315,0.085375872,0.086067931,0.086610023,0.087240573,0.087236684,0.087554019,0.088202964,0.088934297,0.089836671,0.090875536,0.09200656,0.092916426,0.093672757,0.094238613,0.094645027,0.095086429,0.095142789,0.095583471,0.09613642,0.09712693,0.097806065,0.098944809,0.09966841,0.099847052,0.100154837,0.100597199,0.101042358,0.101782871,0.102487797,0.103074111,0.103402067,0.10384122,0.103882572,0.104554802,0.105760115,0.106069944,0.106582066,0.107141837,0.10698409,0.107335286,0.108371386,0.108964691,0.109124141,0.109031831,0.109310986,0.109780542,0.110442323,0.111297099,0.112312196,0.113188255,0.113541558,0.11387093,0.114210768,0.114584846,0.114814634,0.115469485,0.116066884,0.115423011,0.116552527,0.117760715,0.118362968,0.119328642,0.120069683,0.120356427,0.12072229,0.120748043,0.121368045,0.121591747,0.122622554,0.123227238,0.124152955,0.124838333,0.124354591,0.123506267,0.123541364,0.123956806,0.124943932,0.12630359,0.126418285,0.126737237,0.127155894,0.126932627,0.127396154,0.12792559,0.128254829,0.12880167,0.129815915,0.130795118,0.130189432,0.130370127,0.130524583,0.129910324,0.130466869,0.130771642,0.131009157,0.13187787,0.133013114,0.132938082,0.133562311,0.134341492,0.134569333,0.134955593,0.135777988,0.135749282,0.135970952,0.136397928,0.136612444,0.136855059,0.13824344,0.13842798,0.138327552,0.139300997,0.139353633,0.138733731,0.138665335,0.139542698,0.139950127,0.14040244,0.140744883,0.140989993,0.141201779,0.141202567,0.141061318,0.141603134,0.141627168,0.141418541,0.142664233,0.14245385,0.143543451,0.144594452,0.143491863,0.144812369,0.144084641,0.14363428,0.144849406,0.145446936,0.146547549,0.147465442,0.146433687,0.146608402,0.146965658,0.147224952,0.148428371,0.147475583,0.146452935,0.146751083,0.147559442,0.147323737,0.148057601,0.147400866,0.147007613,0.148409739,0.148798275,0.148454393,0.149126927,0.147739615,0.148746038,0.149131554,0.150127677,0.147801969,0.149608778,0.149389356,0.149592044,0.1479529,0.150091278,0.148632296,0.147184372,0.147991125,0.148600198,0.148740132,0.150506937,0.150601935,0.149839994,0.151305038,0.151942533,0.151905586,0.151524862,0.15135768,0.150408418,0.150457851,0.150485472,0.149294433,0.150085242,0.14949887,0.149119328,0.148136774,0.148729245,0.149270473,0.150310141,0.149099159,0.149920017,0.147870923,0.148475867,0.149020847,0.148349733,0.149732551,0.149558834,0.148210296,0.148000396,0.148381981,0.14812521,0.147354012,0.146808695,0.146636596,0.147518825,0.147023686,0.147838566,0.148359933,0.148882182,0.148327832,0.147666032,0.148696152,0.15127287,0.151684463,0.152535322,0.151599651,0.150596056,0.151613222,0.14983694,0.14998672,0.149409117,0.15019492,0.149116101,0.148965652,0.14945058,0.14894307,0.149017306,0.148134824,0.148996145,0.148953905,0.14927936,0.150107382,0.148495277,0.149100797,0.14953863,0.150550761,0.151350304,0.150526726,0.150225929,0.149123825,0.148524679,0.145994631,0.14440813,0.144478078,0.146035715,0.147487645,0.149514264,0.150489733,0.150253078,0.148555366,0.14860855,0.150005267,0.150357442,0.150695514,0.150084538,0.148034693,0.148753951,0.149271082,0.149330603,0.15004417,0.148820023,0.148925661,0.148935609,0.148567885,0.146589579,0.145948921,0.145994716,0.145635615,0.144727299,0.145036321,0.145318671,0.144935371,0.144310204,0.144250065,0.142797392,0.143677765,0.143319745,0.14222852,0.142428355,0.141935164,0.1409504,0.141271945,0.142595595,0.141480492,0.140805938,0.141780915,0.142693211,0.141889235,0.141667039,0.142590368,0.141971154,0.141742444,0.141498082,0.141055379,0.141489396,0.142092542,0.14077378,0.140435349,0.13989996,0.139129121,0.138096312,0.137625322,0.134795947,0.134352228,0.135808374,0.137470621,0.137117961,0.137709256,0.135973954,0.135476407,0.135459855,0.13565071,0.137398084,0.136478669,0.135967571,0.13616413,0.133013101,0.133067289,0.134364845,0.133331941,0.135777975,0.135360165,0.132989738,0.132440865,0.131975171,0.131678375,0.131587649,0.13261148,0.132759643,0.132018563,0.131172782,0.129978248,0.130744607,0.130496758,0.130364734,0.129236786,0.129235328,0.129438826,0.126099229,0.126351226,0.125776722,0.121985337,0.11948821,0.117636539,0.116895511,0.120050453,0.123397112,0.123191915,0.123626596,0.123217265,0.122036454,0.122109111,0.120587192,0.116274726,0.112935694,0.113292378,0.113268837,0.114261796,0.115846376,0.11645603,0.115341981,0.116874913,0.116327906,0.112887559,0.112617333,0.109741627,0.10941598,0.112670681,0.115220075,0.122163616,0.123046462,0.120037534,0.1201786,0.119637809,0.118360373,0.119489331,0.118552376,0.115450274,0.113119325,0.110539205,0.109575458,0.108597546,0.107103014,0.108162911,0.109653004,0.111731366,0.111525826,0.11040768,0.110631985,0.108643683,0.106764084,0.105670161,0.105314058,0.104195094,0.103945994,0.105552659,0.105996508,0.106499742,0.105574373,0.104438561,0.103169389,0.104312978,0.109101805,0.109395562,0.111601039,0.110169532,0.107669671,0.101720272,0.101402995,0.102595559,0.100791049,0.103256019,0.102609271,0.09642944,0.092852283,0.095757795,0.097937856,0.104336027,0.11075737,0.111796044,0.112324305,0.110836949,0.103578829,0.099080883,0.098054935,0.098720652,0.096468606,0.092216049,0.087817115,0.078369416,0.07493371,0.078444666,0.079521304,0.081788358,0.085156613,0.090131023,0.092755011,0.093415334,0.090974153,0.088730219,0.087274433,0.088861267,0.088960928,0.086984449,0.086382588,0.086991855,0.089397855,0.090734755,0.090447968,0.079936545,0.079478485,0.080243122,0.080484441,0.080007975,0.079040847,0.078789955,0.075118372,0.071299542,0.066246833,0.060689995,0.066242025,0.06658152,0.06555969,0.067928735,0.062732699,0.065196771,0.069827368,0.077364886,0.082325484,0.093074914,0.095235525,0.089658154,0.089302238,0.085328641,0.081511517,0.089475967,0.088368462,0.085277841,0.083376496,0.06716634,0.0550059,0.058549919,0.060566959,0.065661279,0.077251612,0.080992192,0.081484635,0.084845435,0.073921765,0.068904638,0.082604681,0.087296646,0.086408879,0.084133296,0.053381,0.040761998,0.05395608,0.052074814,0.061991723
/data/asd/1/1549991225-00.asd,sp2_run8,288,40,108,0,40.1932,0,0.049815229,0.051909776,0.060256993,0.060594523,0.066079685,0.071142025,0.062797506,0.060465267,0.06664824,0.073087481,0.068452304,0.063334911,0.062817124,0.060980464,0.062230808,0.066127621,0.06561429,0.064607512,0.064181848,0.066083509,0.066157287,0.063038012,0.062252057,0.062043521,0.065731341,0.06444932,0.062037357,0.062645734,0.065160578,0.062825147,0.059672492,0.062533822,0.065480495,0.06674546,0.066215337,0.066679497,0.065288481,0.065240013,0.069536776,0.067599011,0.066767446,0.067321996,0.068842677,0.068722077,0.069793837,0.070433658,0.067434783,0.068019727,0.069743562,0.070576208,0.069799908,0.070338988,0.071961,0.071774912,0.071907409,0.071391353,0.071462676,0.072527477,0.07355796,0.072812461,0.071700906,0.073153437,0.073100948,0.074183723,0.075243695,0.07348408,0.07361799,0.075698861,0.076133288,0.075301602,0.075679012,0.076864009,0.07670322,0.077478172,0.077739545,0.077503801,0.078595284,0.0785661,0.07914622,0.079908579,0.079342218,0.079183176,0.080546657,0.082239887,0.081784735,0.081489966,0.082086678,0.082916431,0.082369062,0.082697656,0.084531985,0.084536709,0.084011605,0.084253928,0.085234321,0.085027989,0.085782432,0.087151695,0.08658484,0.086946945,0.087344746,0.087415821,0.08747564,0.088179321,0.089036774,0.088775182,0.089380514,0.089690328,0.089409871,0.089941235,0.090202053,0.090389544,0.090584172,0.091116426,0.091523135,0.091838521,0.09174457,0.092321765,0.092499279,0.092369516,0.093100707,0.093505247,0.093695007,0.094021234,0.094210995,0.094657297,0.094952443,0.094600201,0.095335357,0.095743975,0.09589652,0.096315485,0.096753567,0.097016578,0.097264376,0.097333046,0.097690288,0.098146853,0.098444984,0.099230956,0.0996437,0.099682588,0.099999556,0.100456232,0.100711323,0.100836242,0.101691573,0.101845457,0.102025385,0.102480212,0.10312888,0.103475941,0.103740078,0.104274259,0.10439166,0.104928218,0.105472504,0.105599716,0.106209776,0.106749002,0.106896128,0.107444724,0.10789698,0.10817336,0.108713305,0.109185033,0.109555678,0.11003023,0.110077815,0.110755469,0.110874203,0.111150664,0.111658278,0.111991734,0.112562432,0.113024643,0.113217419,0.113385309,0.113830354,0.114430276,0.114835848,0.115324237,0.115596695,0.115793038,0.116080759,0.116403448,0.117025156,0.117626487,0.117851459,0.118291644,0.118504677,0.119120785,0.11938268,0.11948536,0.119946824,0.120483748,0.120713549,0.121232697,0.12169278,0.121778505,0.122167262,0.1226011,0.122914534,0.123204327,0.123303579,0.123750287,0.123943806,0.124069423,0.124331884,0.124569114,0.124731487,0.125076312,0.125317438,0.125427517,0.125719709,0.126075801,0.126310043,0.126670051,0.126985473,0.127517879,0.128013911,0.128292297,0.128490383,0.128828542,0.129062677,0.129426224,0.129548411,0.129516033,0.12946754,0.129601234,0.129783442,0.129789917,0.129752388,0.129885941,0.130005986,0.130215189,0.129946114,0.129952849,0.129979633,0.129904629,0.130124217,0.130118535,0.130115668,0.130083034,0.130061563,0.130186167,0.130477121,0.130510934,0.130526519,0.130700565,0.130899937,0.131002237,0.131134593,0.131162442,0.131232948,0.131286049,0.131360857,0.131481083,0.131154679,0.131336058,0.131454481,0.13127873,0.131240504,0.13141447,0.131658363,0.131446002,0.131442404,0.131559925,0.13168033,0.131677945,0.131555472,0.131551052,0.131844918,0.131839556,0.131918903,0.132044895,0.13191256,0.131735954,0.131736015,0.131874353,0.13188755,0.131999858,0.132092236,0.132253846,0.132052505,0.132038336,0.132043429,0.131990887,0.132045945,0.132043553,0.132137155,0.132152757,0.132119162,0.132018018,0.132079019,0.132178663,0.132141738,0.132035269,0.13207601,0.132185827,0.132305932,0.132270124,0.132092221,0.132075473,0.132019621,0.13194032,0.131968551,0.131850768,0.131793774,0.131799541,0.131786485,0.131766635,0.131835165,0.131653026,0.131377086,0.131329143,0.131338957,0.131406215,0.131404085,0.131520557,0.131508105,0.131640468,0.131750855,0.13177432,0.131703464,0.131804414,0.131924994,0.132094619,0.132367842,0.132496489,0.132706224,0.132704596,0.132664679,0.132956549,0.133135124,0.133235448,0.133412407,0.133298843,0.133529237,0.133714039,0.133822409,0.133937932,0.133907206,0.134175946,0.134332435,0.134229362,0.134422362,0.134807303,0.13491323,0.135130759,0.135257433,0.135228187,0.135352185,0.135479143,0.135520074,0.135757947,0.135922125,0.136127698,0.136395356,0.136456152,0.136528309,0.136782524,0.136891113,0.136994404,0.137104333,0.137201973,0.137378689,0.137386211,0.13756954,0.137961285,0.138035256,0.138264538,0.138333745,0.138386668,0.138468927,0.138486743,0.13856134,0.138779303,0.138821924,0.139031882,0.139314936,0.13931095,0.139521584,0.139587308,0.139690931,0.140031385,0.139958539,0.140053053,0.14026254,0.140282019,0.140674157,0.140861092,0.140762647,0.140932939,0.141151463,0.141445473,0.141703961,0.141749836,0.141985304,0.142135851,0.142221817,0.142281486,0.142468856,0.142582583,0.142893484,0.143048424,0.14307161,0.143172555,0.14312303,0.143277588,0.143572552,0.143510114,0.143823297,0.143815025,0.143793484,0.144125381,0.144261906,0.144296857,0.144412294,0.144504374,0.144795311,0.144912329,0.144900324,0.145339072,0.145375267,0.145369862,0.14561746,0.145814448,0.146022102,0.146147351,0.146219369,0.14634655,0.146487317,0.146852745,0.146854206,0.147036187,0.146939171,0.147175934,0.147158637,0.147155825,0.14731757,0.147558798,0.147638966,0.147923697,0.147926956,0.148034619,0.148120638,0.148249387,0.148552721,0.148507372,0.148351183,0.148463846,0.148396166,0.148729477,0.149174845,0.148963869,0.148860406,0.148794356,0.149122812,0.149186747,0.149434994,0.149450683,0.149306246,0.149140979,0.149278528,0.149611683,0.149846583,0.149795526,0.149592311,0.149342381,0.149840748,0.150038938,0.14994379,0.149996857,0.149587058,0.149659371,0.150327332,0.149889398,0.150300075,0.149934703,0.149893584,0.150100102,0.150068968,0.150248312,0.150183005,0.149821672,0.150365674,0.149766465,0.150064957,0.15007103,0.149671356,0.150041749,0.150062582,0.149720854,0.150077532,0.150275041,0.149673878,0.149901089,0.150354342,0.149124977,0.149582193,0.149672643,0.148894327,0.149751179,0.149603175,0.149393203,0.149641771,0.150195885,0.149809148,0.149952827,0.149134522,0.150013472,0.149754736,0.148790595,0.148131965,0.149166667,0.150036371,0.149621337,0.149211603,0.149144162,0.149390166,0.14935105,0.150633291,0.14987561,0.149363436,0.149672675,0.149383914,0.149460734,0.149009488,0.149809522,0.148456935,0.148193042,0.149167752,0.149147598,0.149816133,0.149769094,0.149205159,0.148789622,0.148759705,0.149381472,0.148482375,0.148675386,0.148602508,0.148692339,0.148444522,0.148572245,0.148471645,0.148435733,0.148444654,0.148418841,0.148220904,0.148384809,0.147934072,0.148456266,0.148538808,0.148560607,0.148499838,0.148363602,0.14792884,0.148540955,0.148508138,0.148699674,0.14841083,0.148596612,0.148872753,0.148796096,0.148432738,0.148344553,0.148304679,0.148383536,0.14814069,0.148337016,0.148622504,0.148322653,0.148476167,0.1487398,0.148317426,0.148374007,0.148436874,0.148408653,0.148239435,0.148613367,0.148453531,0.148717085,0.14842431,0.148224218,0.148181425,0.148100503,0.148196752,0.148113921,0.147827332,0.148127797,0.148175048,0.147894168,0.147843333,0.14743552,0.147978018,0.148028048,0.147941278,0.148313533,0.147994473,0.147700073,0.148264853,0.148030035,0.147970257,0.148062241,0.148011025,0.147977627,0.147585214,0.147558455,0.148014475,0.147825017,0.147499541,0.148191078,0.147629721,0.148154047,0.148360628,0.147650041,0.148397329,0.147855683,0.147340606,0.148292355,0.147717144,0.1478743,0.148289359,0.147646155,0.148528915,0.148785683,0.147981446,0.148604904,0.147989955,0.148043377,0.148433607,0.148094436,0.148273286,0.147983598,0.147785315,0.148463865,0.147600792,0.147498573,0.148936591,0.14778397,0.148343459,0.148862814,0.148209943,0.14860939,0.147944362,0.147574259,0.148887922,0.147563029,0.148468703,0.148392509,0.148364455,0.148619445,0.148774881,0.149413327,0.149788062,0.150022537,0.150194323,0.150539934,0.15080459,0.150932961,0.150986342,0.150982378,0.150866349,0.150271972,0.150393762,0.150995843,0.151699242,0.152173252,0.152454176,0.15257918,0.152263264,0.152373015,0.152665569,0.152784305,0.152691975,0.152868782,0.153460911,0.153468766,0.153455587,0.153343734,0.15292827,0.152630365,0.152896665,0.153546959,0.153983651,0.154162799,0.1540675,0.153579266,0.153667352,0.15388968,0.153966937,0.15449504,0.154462492,0.154162193,0.153895922,0.154109369,0.153897877,0.153821936,0.154493098,0.155073263,0.154976464,0.154967533,0.155000748,0.155073825,0.155145634,0.155046824,0.155047669,0.155040192,0.155033854,0.155282139,0.156191781,0.156388225,0.155979746,0.155888503,0.155561098,0.15530076,0.155450183,0.155578211,0.155755602,0.155642067,0.15565372,0.155825443,0.155949474,0.155845738,0.156037668,0.156306303,0.156307133,0.156461689,0.156805949,0.157055985,0.157242688,0.157487342,0.157408572,0.157329984,0.157336347,0.157232063,0.157305826,0.157352521,0.157769207,0.157934944,0.158051747,0.158077018,0.158082342,0.158043071,0.157955569,0.157961911,0.157956439,0.157958663,0.158061859,0.158126887,0.15822735,0.158428091,0.158461985,0.158328832,0.158400693,0.15855438,0.158766507,0.158772074,0.158944498,0.159099376,0.159015983,0.159058327,0.159171433,0.159206079,0.159276583,0.159427181,0.159278026,0.159182512,0.15936387,0.159459155,0.159393243,0.15941612,0.159526844,0.159306586,0.159101966,0.159223796,0.159355926,0.159607144,0.159688787,0.159843396,0.159669387,0.159436036,0.159381751,0.159454945,0.159698202,0.159716303,0.159661592,0.159587154,0.159419912,0.15916789,0.158990893,0.158908388,0.158807423,0.158562614,0.158525561,0.158705413,0.158773593,0.158849602,0.158692023,0.158478782,0.158225683,0.158069333,0.157970369,0.158097125,0.158154558,0.158376759,0.158392279,0.158149664,0.158046578,0.158092357,0.158063114,0.158216615,0.158372171,0.158419744,0.158604805,0.158713879,0.158971159,0.159145069,0.158991124,0.159105461,0.159422029,0.159445078,0.15944466,0.159696995,0.159680926,0.159731772,0.160337769,0.160618595,0.160702572,0.160717333,0.160828473,0.160692529,0.160553607,0.16052465,0.160888794,0.161213915,0.16134139,0.161577444,0.161638972,0.161675944,0.161813354,0.162033446,0.16218625,0.162237961,0.162248357,0.162509202,0.162475999,0.162319664,0.162179981,0.16224252,0.162518516,0.162828458,0.163144498,0.163409106,0.16354166,0.163680529,0.163797342,0.16391768,0.164076835,0.164101779,0.164366796,0.164541272,0.164270729,0.164343945,0.16453118,0.164732909,0.165128755,0.165357556,0.165427082,0.165539463,0.165493091,0.16571885,0.165984573,0.165924386,0.165905564,0.166148239,0.166212207,0.166403039,0.166556847,0.166677306,0.166708324,0.166772247,0.166850745,0.167010432,0.167145512,0.167423985,0.167583856,0.167682361,0.167663246,0.167665782,0.167704081,0.167729501,0.167936808,0.168333851,0.168437411,0.168649641,0.168950876,0.169200594,0.169256853,0.16944732,0.169644832,0.169816269,0.170132643,0.170450279,0.170665672,0.170798339,0.171002148,0.171100982,0.171158332,0.171259763,0.171575117,0.171758808,0.171807012,0.172142105,0.17225197,0.171972647,0.17207335,0.172235255,0.172347153,0.172585779,0.172782356,0.172917192,0.173089933,0.173383296,0.173527486,0.173447817,0.173613496,0.173956454,0.174084958,0.174294149,0.174515322,0.174596377,0.174494363,0.17459058,0.174704004,0.174754487,0.174747098,0.174925114,0.175231832,0.175324456,0.175491646,0.175610834,0.175490901,0.175528678,0.175733991,0.175855797,0.175982697,0.176099912,0.176185781,0.176137843,0.176316101,0.176323711,0.176022788,0.176000294,0.17618219,0.176208779,0.176425422,0.176576417,0.176579927,0.17644223,0.176408914,0.176404751,0.176356095,0.176163214,0.176090387,0.175962216,0.17590681,0.176061151,0.176036142,0.175920995,0.175815498,0.175518088,0.175371265,0.175282347,0.175236646,0.175348573,0.175326631,0.175428254,0.175375019,0.175151195,0.174941562,0.174738718,0.174408669,0.174197443,0.174032185,0.17389676,0.173806831,0.173641186,0.173451859,0.173335771,0.173094012,0.172915215,0.17281407,0.172629598,0.172398082,0.172225596,0.171961979,0.171686586,0.171473476,0.171318832,0.171391948,0.17136291,0.171350576,0.171213672,0.170839388,0.17074037,0.170573683,0.170424321,0.170363579,0.170300539,0.170102264,0.169879731,0.169768292,0.169710813,0.169540478,0.169292243,0.169026053,0.168691801,0.168371956,0.168130552,0.16770647,0.167137707,0.166499986,0.165702326,0.164971308,0.164415167,0.163687696,0.162978543,0.162054661,0.161040831,0.160044308,0.158896583,0.157705545,0.156448201,0.155192698,0.153821284,0.152354559,0.150857717,0.149251659,0.147689988,0.145996848,0.144451747,0.143045988,0.141351492,0.139672865,0.138050664,0.136153029,0.134309104,0.132679431,0.130912861,0.128940475,0.127311479,0.125668711,0.124226107,0.122981765,0.121697794,0.120277743,0.119145495,0.118121434,0.117043878,0.116230502,0.115239448,0.11383379,0.112952924,0.112177643,0.111597001,0.110982334,0.11048961,0.109837758,0.108958179,0.108399909,0.10799185,0.107536236,0.107079,0.106699138,0.106387882,0.106089093,0.10579653,0.105488615,0.105068533,0.104756709,0.104517361,0.104244107,0.104095676,0.103847245,0.103442638,0.103175686,0.103079349,0.102890863,0.102820918,0.102638818,0.102420752,0.102365934,0.102307492,0.102196323,0.102280504,0.102256949,0.102303773,0.102432585,0.102552489,0.102689374,0.102952377,0.102978519,0.103182799,0.103406327,0.103565859,0.103574996,0.103796276,0.103917242,0.104228028,0.104637911,0.104883009,0.105125942,0.105449065,0.105699108,0.106077638,0.10659192,0.106943542,0.107132763,0.107510889,0.1082002,0.108607182,0.109017439,0.109488769,0.109790824,0.110275797,0.111043318,0.111602908,0.112025421,0.112591216,0.112961489,0.113485292,0.114215327,0.11469327,0.11524241,0.1158219,0.116556875,0.117214966,0.117955651,0.118649461,0.119155826,0.119496149,0.120100078,0.12062603,0.121292503,0.121898433,0.122632645,0.123366432,0.124170759,0.12500498,0.125840176,0.126461703,0.127188894,0.127714493,0.128384653,0.129004444,0.12968156,0.130202146,0.130945565,0.13168562,0.13240885,0.13307679,0.133798193,0.134436365,0.135143611,0.135739823,0.136312113,0.136993905,0.137755771,0.138258597,0.138864422,0.139196526,0.139938331,0.140726033,0.141269846,0.142060416,0.142766746,0.143307456,0.143831307,0.144440319,0.144903413,0.145211309,0.145723191,0.146085692,0.146683213,0.147475487,0.147987635,0.148603648,0.149118596,0.14978727,0.1502229,0.15094118,0.151564245,0.1521667,0.152810921,0.153264058,0.153831827,0.154447028,0.154940976,0.155474574,0.155881079,0.15628647,0.156700026,0.157186829,0.157683525,0.158282178,0.158725366,0.159185127,0.159948045,0.160547611,0.161143953,0.161656358,0.161941005,0.16229751,0.16263592,0.163065735,0.1636552,0.163979364,0.164256137,0.164574569,0.164965717,0.165302297,0.165833175,0.166124432,0.166294937,0.166681064,0.166938427,0.167292394,0.167845118,0.168295217,0.168444773,0.168856669,0.169339349,0.169780691,0.170123105,0.170462935,0.170594404,0.170861206,0.171312549,0.171596717,0.17162836,0.171844684,0.17205382,0.172454727,0.172992979,0.173340876,0.173421566,0.173836356,0.174230667,0.174394119,0.174463586,0.174561201,0.174685706,0.174958253,0.175649894,0.175969206,0.176159117,0.176159954,0.176216408,0.176572977,0.176994414,0.177197154,0.1774664,0.177775672,0.178004871,0.178142543,0.178344039,0.178611147,0.178899137,0.179112873,0.179392739,0.179559076,0.179779511,0.180108793,0.180341585,0.180554883,0.18051084,0.180747646,0.181197114,0.181459722,0.181621863,0.181790379,0.181889244,0.182136429,0.182317824,0.182397006,0.182275072,0.182458416,0.182514512,0.182593798,0.182951676,0.183331517,0.183935042,0.184123473,0.184377797,0.184640229,0.184617383,0.184762868,0.18486679,0.184925475,0.185226923,0.185446334,0.18557101,0.185727057,0.185870953,0.186081783,0.186243802,0.186376537,0.18644557,0.186416122,0.18650296,0.186695167,0.186742492,0.186827565,0.187222606,0.187431732,0.18727787,0.187280139,0.187262016,0.187340056,0.187785285,0.187910885,0.187936316,0.188085665,0.188289459,0.188266497,0.188069306,0.188058959,0.187984552,0.188125233,0.188431719,0.188614294,0.188760578,0.188874317,0.188850543,0.188551038,0.188428931,0.188525216,0.188554136,0.188434115,0.188182035,0.188249412,0.188214201,0.188273845,0.188569806,0.188569974,0.18849117,0.188597191,0.188629853,0.188230772,0.187907661,0.187970323,0.187808435,0.187533277,0.187643231,0.187625254,0.187364602,0.187471196,0.187569897,0.187604317,0.187630642,0.187293633,0.186926288,0.18671011,0.186665981,0.186234553,0.186036573,0.185741714,0.185461282,0.185084736,0.185168851,0.185106697,0.185002804,0.184929874,0.18448408,0.184044846,0.183877836,0.183740545,0.183604106,0.183258382,0.18292663,0.182303565,0.182083131,0.181726248,0.181554005,0.181418815,0.181261059,0.18110092,0.180734103,0.179917733,0.179198205,0.178705313,0.178499197,0.178521143,0.178387504,0.178182871,0.177748539,0.177648181,0.177514297,0.176985187,0.176755066,0.176527333,0.176566282,0.176360648,0.176304873,0.176035075,0.175399473,0.174648467,0.17416434,0.173617244,0.173328377,0.173174639,0.172787249,0.172375136,0.172508422,0.172406849,0.172166403,0.172035388,0.17158712,0.171262208,0.171363775,0.171109042,0.170439207,0.170140839,0.17031645,0.170033288,0.169679588,0.169688744,0.169223968,0.169204166,0.169228144,0.168670196,0.168505845,0.168336309,0.167861569,0.167915884,0.16826879,0.167828426,0.167978148,0.168044907,0.167974231,0.168422363,0.168444962,0.168205047,0.167932322,0.167420091,0.167196107,0.167285345,0.167342625,0.167487435,0.167474121,0.167392654,0.16720348,0.167456069,0.167691614,0.167399565,0.167619049,0.167937852,0.168266656,0.16851884,0.168562133,0.168805639,0.168494248,0.168520752,0.168311718,0.168237437,0.168284452,0.167971741,0.168288052,0.168673694,0.16862394,0.169142646,0.169733297,0.170140937,0.170135073,0.169641174,0.169330566,0.168963415,0.169402403,0.169234637,0.169767252,0.169535495,0.169808366,0.169644352,0.169083931,0.168987596,0.169204131,0.16800476,0.166959988,0.167007339,0.16633175,0.166318101,0.166225098,0.166330763,0.166546358,0.165941744,0.165766175,0.164907765,0.164957396,0.164722772,0.163776853,0.163062141,0.162199359,0.1609425,0.160029322,0.159902714,0.158936332,0.157728142,0.156840397,0.155709654,0.154130133,0.151969297,0.150363291,0.148630722,0.146831782,0.145349694,0.143759409,0.141763776,0.140083444,0.138112285,0.136031632,0.133802647,0.131670937,0.128793291,0.125508027,0.123185838,0.119343384,0.116653044,0.114620768,0.112577625,0.110640987,0.108075701,0.105235317,0.102433708,0.099878359,0.097288497,0.094472263,0.091807347,0.088971027,0.086581129,0.084251771,0.082418786,0.080563141,0.078074034,0.075746593,0.07375335,0.072107095,0.070680403,0.069424239,0.067939272,0.066605176,0.064926183,0.063441497,0.062699429,0.062076343,0.061277252,0.060567895,0.060259289,0.059629986,0.058948166,0.058379427,0.057850742,0.057102226,0.056142144,0.056079006,0.055935484,0.055618035,0.055633346,0.055224746,0.054672075,0.05359234,0.053133935,0.053140415,0.053052305,0.053011006,0.05293999,0.052082381,0.051245374,0.050862095,0.050414604,0.050394034,0.050379908,0.05045116,0.050621675,0.050366426,0.050035955,0.050609037,0.05073087,0.050937608,0.051553331,0.05122445,0.051036829,0.050924719,0.0508006,0.050769075,0.050796627,0.050447777,0.050656328,0.050876645,0.050959189,0.051337502,0.051605024,0.051961223,0.052056042,0.052267393,0.052495075,0.05257298,0.052792107,0.053210516,0.053010764,0.052944584,0.053133204,0.053967224,0.055252579,0.056461325,0.057376149,0.057901339,0.057603471,0.057684379,0.057776528,0.057740651,0.058064304,0.05822551,0.058587711,0.059465414,0.059980401,0.060248817,0.060786516,0.060923416,0.06120077,0.061836039,0.062336985,0.062696,0.06309106,0.063610391,0.063924589,0.064571028,0.065250155,0.065870366,0.066778358,0.067101057,0.067371542,0.067847556,0.068329043,0.068758796,0.069191054,0.06970573,0.070074557,0.070804781,0.071252459,0.071728583,0.071955751,0.072283859,0.073383578,0.074515384,0.075291997,0.076709234,0.077438751,0.077624969,0.078023036,0.078275888,0.078172597,0.078584381,0.078522065,0.079379837,0.080615109,0.080876493,0.081534846,0.08194395,0.082003702,0.082496089,0.083471367,0.084251892,0.085030465,0.085459079,0.085773788,0.086360828,0.086671622,0.087255617,0.087962878,0.088805206,0.089408234,0.08989512,0.090497377,0.090860805,0.091181166,0.09193528,0.092606681,0.09332982,0.093785377,0.094135365,0.094279258,0.094635031,0.094741675,0.095304583,0.095809175,0.096126906,0.095718964,0.096347702,0.097138664,0.097624359,0.098724602,0.099295094,0.099566279,0.099938108,0.100721947,0.101109183,0.101074271,0.102224652,0.102672137,0.102781382,0.10323069,0.103122826,0.103016112,0.10327258,0.1031052,0.103459191,0.103583957,0.104474762,0.10502078,0.105895963,0.106450186,0.105971967,0.106085421,0.107323789,0.108025292,0.108905031,0.10957329,0.109697058,0.109613397,0.110155366,0.111121371,0.111781418,0.112242852,0.11245021,0.112208763,0.112983524,0.114021166,0.113467496,0.113866434,0.114872382,0.114817036,0.115848324,0.116242881,0.116168559,0.116577027,0.116676347,0.116204265,0.116289068,0.117040856,0.117837904,0.118632212,0.120326978,0.120808383,0.12157043,0.121802011,0.121546016,0.120963955,0.121319569,0.120680801,0.120399923,0.121476022,0.121639533,0.121492852,0.12185144,0.122998473,0.123743588,0.124755127,0.125291514,0.125179292,0.125549653,0.12590591,0.126395113,0.127630028,0.12827424,0.127912428,0.128478885,0.128084603,0.128674406,0.129528849,0.128469329,0.129784779,0.129823486,0.129462034,0.13049558,0.130726006,0.130453512,0.130557483,0.128984906,0.129023389,0.129491249,0.130780679,0.132562798,0.132429176,0.131920377,0.131423482,0.132420041,0.132930921,0.133794581,0.133749082,0.133541819,0.134217542,0.134471053,0.134458591,0.134620198,0.132730101,0.133008473,0.1315412,0.132005262,0.1305297,0.132377611,0.132499015,0.133600979,0.132297147,0.133619397,0.132513176,0.132214368,0.133172434,0.134036661,0.134083381,0.134778819,0.134223941,0.132560813,0.133553906,0.133948678,0.133887544,0.133541639,0.134010139,0.134380686,0.135283788,0.136942999,0.136790804,0.137822641,0.137631349,0.137312467,0.135769781,0.13457666,0.133500056,0.134538854,0.133510921,0.134692441,0.134797075,0.13543787,0.134526147,0.133591642,0.134448691,0.133909165,0.132882915,0.132877914,0.132693017,0.132846088,0.133740985,0.133802125,0.134428432,0.135271436,0.134120581,0.133094369,0.133280264,0.13425652,0.133958432,0.133503909,0.133621763,0.134292289,0.133992111,0.134819457,0.133835149,0.13304395,0.134065046,0.132813747,0.133355403,0.133494104,0.13487924,0.134510972,0.13502676,0.136526058,0.136722731,0.137589525,0.137015551,0.13721535,0.137240283,0.137758147,0.138262582,0.136835752,0.137014121,0.136800089,0.136204977,0.135980636,0.134793715,0.134281217,0.134223213,0.13409672,0.133399571,0.132983622,0.132125121,0.133249424,0.133758079,0.135241571,0.136468104,0.135918949,0.133965182,0.13371966,0.13345925,0.134008783,0.136454776,0.136511065,0.135695014,0.136719295,0.136198057,0.135547872,0.13546872,0.133579118,0.13207257,0.131758449,0.132250932,0.13085778,0.131339569,0.131943556,0.130979382,0.13071309,0.1313111,0.131004415,0.131470414,0.131647551,0.133227758,0.134132744,0.135260021,0.134621654,0.133579481,0.132718131,0.131618054,0.131361418,0.131004985,0.130212941,0.128659905,0.127663172,0.1281897,0.129413531,0.128903466,0.129304761,0.128856728,0.12613104,0.124987156,0.122467809,0.121709062,0.123262428,0.124398346,0.125093957,0.12561277,0.125417837,0.124851807,0.12327064,0.122146771,0.119126531,0.119066426,0.121796862,0.121737698,0.122149368,0.123338213,0.121721614,0.121654217,0.121940421,0.119869543,0.119452666,0.120200665,0.120744275,0.122849659,0.122155604,0.118804398,0.116800168,0.114988857,0.113984364,0.113874028,0.112970423,0.111967147,0.113382329,0.116096087,0.11707101,0.115698618,0.113849386,0.112076503,0.10790339,0.107053082,0.108040266,0.108309801,0.111487517,0.113008614,0.116628795,0.117912874,0.114863602,0.115451635,0.116722436,0.117818512,0.117518076,0.116316818,0.114596023,0.110096713,0.106469146,0.104965016,0.104113069,0.104549773,0.105702088,0.10706701,0.107993834,0.107966259,0.106628555,0.107926351,0.108359131,0.106098765,0.106323242,0.107108011,0.10612234,0.106843701,0.107591615,0.107565311,0.108379184,0.105995843,0.10535897,0.10549334,0.105166307,0.108854326,0.109482333,0.108399202,0.106019204,0.103203022,0.100983269,0.097106306,0.097021404,0.098277321,0.097137516,0.09645982,0.095102537,0.093060302,0.091548027,0.091502583,0.090513176,0.08917703,0.088173712,0.085418134,0.086278362,0.088925623,0.089555264,0.090267833,0.089868626,0.08826203,0.08661406,0.083536293,0.085450623,0.09040476,0.093844204,0.103075732,0.10328485,0.104980772,0.104408819,0.099176038,0.096802815,0.086409894,0.079268961,0.075280184,0.074802385,0.078248599,0.08092718,0.084434114,0.087017035,0.087140629,0.08889774,0.090550725,0.091248865,0.095578875,0.097641235,0.100309093,0.099564967,0.095116848,0.092063705,0.091818889,0.091474577,0.092688143,0.09066095,0.081461436,0.075041455,0.073261401,0.075165069,0.082833179,0.088787205,0.083617015,0.078832318,0.078317264,0.077963821,0.084736144,0.087579139,0.084202679,0.07882794,0.073338445,0.071720547,0.073855424,0.073358121,0.0705587,0.069877037,0.067071548,0.06781223,0.066222608,0.060138361,0.051234922,0.048887053,0.046307268,0.048451928,0.056372737,0.064582834,0.069392491,0.079261826,0.078961584,0.074840063,0.07230783,0.060592094,0.059284252,0.063085884,0.070699283,0.073434352,0.073874447,0.071113128,0.063046851,0.056373098,0.050520571,0.048774085,0.047701292,0.054048517,0.073532551,0.08076588,0.073519325,0.073134461,0.069872629,0.059199284,0.066043399,0.054965393,0.037301681,0.038641791,0.040141809,0.046605475,0.051471355,0.056613311,0.055399044,0.048336492,0.05754249,0.061948552,0.067584091,0.07240748,0.066133926,0.070269994,0.060245642,0.049968382
/data/asd/1/1549991237-00.asd,sp2_run8,288,20,108,0,20.0932,0,0.053126817,0.05779356,0.058587457,0.055526545,0.056947772,0.059568325,0.053222551,0.05418049,0.060380424,0.057003714,0.053207978,0.054570484,0.059028598,0.055014051,0.05761867,0.061416147,0.056454048,0.056383667,0.056512815,0.056467658,0.056765374,0.057198262,0.056013318,0.054143749,0.05960628,0.06090626,0.05864485,0.057580937,0.058893194,0.057235823,0.056126819,0.058904645,0.061180043,0.060133249,0.05739622,0.061058371,0.061017657,0.059269761,0.061813616,0.06155714,0.061257068,0.060964309,0.061440241,0.062994951,0.064833235,0.063772216,0.060490532,0.062438196,0.064283261,0.063869717,0.063852174,0.063336698,0.064198353,0.066629099,0.065429251,0.064259324,0.064419447,0.064370654,0.066609134,0.067005958,0.065897254,0.066399601,0.067036354,0.067617996,0.067562331,0.068369706,0.068595892,0.068838026,0.068124154,0.069719994,0.069643168,0.069548577,0.070655907,0.071326902,0.072092176,0.071682919,0.072976336,0.072669989,0.072918056,0.073597887,0.074070538,0.073479428,0.074160053,0.075927622,0.075938328,0.075321748,0.075897218,0.076428702,0.076406716,0.076886409,0.078117892,0.078044466,0.078039861,0.078186022,0.078742766,0.07920516,0.079653117,0.080501564,0.08028694,0.080736474,0.081525185,0.08163634,0.081707776,0.082126962,0.082907984,0.082723902,0.082797049,0.082920252,0.083144802,0.083848963,0.084099565,0.084182224,0.084457826,0.084745055,0.085078687,0.085448769,0.085721826,0.085955148,0.086209697,0.086372102,0.086290184,0.086251328,0.086501163,0.087016854,0.087435736,0.088053713,0.088497305,0.088271106,0.08906735,0.089456065,0.089490657,0.089592157,0.089804394,0.090218583,0.090430775,0.090527355,0.090695843,0.091200086,0.091890202,0.092244232,0.092475609,0.092755351,0.093014,0.093650925,0.093878274,0.093981046,0.094676571,0.094543175,0.094323213,0.094885628,0.095694169,0.096044745,0.096401699,0.097356611,0.097445874,0.097729457,0.098427473,0.098541584,0.099107638,0.099422301,0.099505337,0.100088047,0.100506088,0.100680712,0.101061516,0.101283718,0.101634528,0.102418586,0.102362864,0.103016629,0.103351833,0.103649239,0.103816012,0.103997972,0.104659939,0.105224264,0.105382182,0.105672549,0.106217705,0.106833176,0.107142838,0.107493883,0.107695718,0.107927749,0.108232498,0.1085055,0.109046198,0.109656714,0.109851068,0.110510255,0.110395745,0.110797512,0.111160896,0.111335435,0.111704833,0.112209101,0.112372377,0.112731503,0.112949468,0.11320206,0.113798885,0.114182819,0.114447134,0.114894358,0.115020103,0.115389917,0.115609693,0.11582394,0.116157215,0.116417139,0.116571821,0.11686062,0.117282944,0.117563737,0.117682261,0.118035786,0.118199233,0.118415693,0.118812566,0.119254251,0.119640294,0.119812295,0.120018896,0.120191069,0.120266678,0.120558305,0.120601775,0.120666349,0.120676583,0.120791771,0.120827728,0.120794651,0.12088675,0.120908197,0.120893418,0.121020504,0.121021722,0.121046124,0.1212222,0.121321873,0.121463576,0.121385262,0.12141881,0.121576801,0.121449441,0.121430381,0.121745381,0.121778323,0.121785169,0.12193682,0.122122192,0.122221348,0.122326961,0.12232922,0.122406057,0.122540404,0.12252884,0.122566045,0.122484082,0.122588754,0.122630172,0.122565237,0.122517171,0.122557796,0.122714158,0.12269013,0.12274664,0.122809767,0.12279272,0.122808772,0.122778014,0.122808463,0.122988624,0.122989589,0.123011137,0.12306317,0.1229609,0.122982042,0.123052841,0.123081433,0.122944237,0.123017327,0.12309749,0.123220249,0.123096738,0.123146365,0.123200102,0.123067572,0.123136319,0.123122493,0.123178275,0.123112475,0.123144597,0.123117888,0.12314325,0.123140191,0.123076949,0.123045381,0.123200266,0.123169444,0.123170374,0.123101019,0.123096474,0.123055135,0.123042642,0.122996405,0.123106769,0.122978048,0.122826528,0.122849769,0.122880986,0.12286768,0.122866071,0.122669446,0.122490408,0.122537057,0.122646812,0.122569708,0.122491134,0.122647994,0.122755791,0.122640198,0.122676004,0.122885956,0.122862065,0.122972784,0.123174745,0.123403506,0.123571858,0.123601343,0.123780122,0.123580091,0.123604756,0.123966966,0.124055108,0.124118084,0.124431673,0.124508099,0.124413474,0.12463772,0.124697381,0.124709597,0.124843213,0.125061025,0.125239815,0.125260613,0.125295363,0.12563821,0.125712413,0.125769877,0.125932324,0.12597465,0.126145105,0.12618258,0.126253472,0.126533992,0.126528136,0.126752666,0.127028811,0.126913791,0.127129119,0.127363205,0.127456473,0.127638256,0.127784775,0.127844419,0.128044679,0.128077804,0.12811968,0.128376794,0.128419193,0.128694193,0.128771781,0.128837089,0.129020354,0.129112851,0.12913077,0.129266037,0.12928494,0.129480123,0.129740515,0.129701529,0.129912997,0.130021198,0.130201279,0.130544203,0.130469762,0.130517594,0.130649257,0.130632477,0.130974027,0.13123459,0.131260674,0.131447239,0.131543534,0.131750929,0.1320608,0.132176088,0.132350277,0.132417929,0.132472186,0.13262222,0.132804616,0.132804891,0.133113561,0.13334695,0.133404128,0.133437834,0.133469686,0.133582642,0.133735734,0.133683032,0.134119935,0.134141199,0.134035246,0.134341054,0.134508478,0.134571359,0.134651432,0.134720289,0.135036151,0.135217325,0.135246704,0.135707121,0.135739973,0.135673227,0.135854623,0.136063994,0.136194619,0.136289306,0.136412169,0.136602396,0.136756654,0.137129407,0.137065972,0.137319,0.137345175,0.137475267,0.137511337,0.137500165,0.137597555,0.137855518,0.137981214,0.138310377,0.138311074,0.138392047,0.138439255,0.138568798,0.138844808,0.138833952,0.138749662,0.138914308,0.138767061,0.139077867,0.139488226,0.139287959,0.139303448,0.139285362,0.139501444,0.139579334,0.139741367,0.13980258,0.139740393,0.139586779,0.139786517,0.140068202,0.140221654,0.140120162,0.139985624,0.139873741,0.140362873,0.140530544,0.14062513,0.140762984,0.140166903,0.140354848,0.140980123,0.140485552,0.140887215,0.140639437,0.140645242,0.140872068,0.140620775,0.140695444,0.14085969,0.14069458,0.141092146,0.140554218,0.14087064,0.140801645,0.14063092,0.140877174,0.140780812,0.14070802,0.141037747,0.14122341,0.140578587,0.140834787,0.141289132,0.140124296,0.140498871,0.14056372,0.139924307,0.140808497,0.14078809,0.140519569,0.140790122,0.141282525,0.140833253,0.141064954,0.14033443,0.141222947,0.140808317,0.140025826,0.139355252,0.14017773,0.141081208,0.140849929,0.140626501,0.140597727,0.140774535,0.140678132,0.141907002,0.141225376,0.14062984,0.140942357,0.140718525,0.140724288,0.140461667,0.141311092,0.140228639,0.140021699,0.140903359,0.14075238,0.141181851,0.141118576,0.140772459,0.140441704,0.140450404,0.141297735,0.140457969,0.14051984,0.140511033,0.14060598,0.140447469,0.140489516,0.140369951,0.140208831,0.140509061,0.140640729,0.14026442,0.140485963,0.140017661,0.140454677,0.140580483,0.140706591,0.140644304,0.140561291,0.140365557,0.140940648,0.140965426,0.141144976,0.140626386,0.140862763,0.14119063,0.141127938,0.141011251,0.141212673,0.141152622,0.140982006,0.14090119,0.140943507,0.141129703,0.141073944,0.140945357,0.141113785,0.141072141,0.141449215,0.141145557,0.141273039,0.141237092,0.141332067,0.141057199,0.141592195,0.141308294,0.140764812,0.140902856,0.140832005,0.140959153,0.140994272,0.14097326,0.141351041,0.141604119,0.141717384,0.141785588,0.141355511,0.141868711,0.142057986,0.141404893,0.141579804,0.141223821,0.141186384,0.14180039,0.141285468,0.14108454,0.141737011,0.141243484,0.141256766,0.141489288,0.141338817,0.141729631,0.141567452,0.141300215,0.142095705,0.141542633,0.141912992,0.142101991,0.141773971,0.142911067,0.142416015,0.141383978,0.142733322,0.141819549,0.141559064,0.142534147,0.142008292,0.142780158,0.142483559,0.141033646,0.142694876,0.142286966,0.141977709,0.143046519,0.142109301,0.142984592,0.143330473,0.142325446,0.143029125,0.141861121,0.142202285,0.144546569,0.14329068,0.143394089,0.143319418,0.141989356,0.142724294,0.142379331,0.141714432,0.142716531,0.142467735,0.143684519,0.143719535,0.143936999,0.143367669,0.143381582,0.143399965,0.143383987,0.143342095,0.143473897,0.143472491,0.143618988,0.144399271,0.144584244,0.144481797,0.144498781,0.14418978,0.144197345,0.144535921,0.145201241,0.14492166,0.144443285,0.144471589,0.144238326,0.144253662,0.144981666,0.145230804,0.145102637,0.145106382,0.145024354,0.145088344,0.145398933,0.145625691,0.145869925,0.146159207,0.146376415,0.146275801,0.145983725,0.146249056,0.146271659,0.146503642,0.146484228,0.146245461,0.146085363,0.145973214,0.146051635,0.14648382,0.146817978,0.147038674,0.146810722,0.146735156,0.147136945,0.147589751,0.148019583,0.14794259,0.147844129,0.147835996,0.147839259,0.147603128,0.147555079,0.147483608,0.14750539,0.147472239,0.147774813,0.148294642,0.148421829,0.148381146,0.148227336,0.148218887,0.148276238,0.148116841,0.147690295,0.147546545,0.147713824,0.148017734,0.148133126,0.148442479,0.148850319,0.148688201,0.148470608,0.148899103,0.149049605,0.148814742,0.149020168,0.149023371,0.148632461,0.148632015,0.148620768,0.148506758,0.148545712,0.14860713,0.148792831,0.148796531,0.148585679,0.148748021,0.148996676,0.149263925,0.14951614,0.149572296,0.149636062,0.149635702,0.149683198,0.149664049,0.149524084,0.149571881,0.149803967,0.149855398,0.149908548,0.14991966,0.149802409,0.149651574,0.149798841,0.150084479,0.15034197,0.150612862,0.150872962,0.150988959,0.150865346,0.150955424,0.151105254,0.1511504,0.151002879,0.150966338,0.150933657,0.150902524,0.150952755,0.15135245,0.151415899,0.151276337,0.151083693,0.150990039,0.150950835,0.151095624,0.151046927,0.151091311,0.151122495,0.151127068,0.151397909,0.151519297,0.151465951,0.151440682,0.15125302,0.151053929,0.150905347,0.151003576,0.151109618,0.151052816,0.15078695,0.150779205,0.150666262,0.150330466,0.150180174,0.150100285,0.150009896,0.1499342,0.149902284,0.149864554,0.149835341,0.14986999,0.14992567,0.150020099,0.149962814,0.150047935,0.150137412,0.150386239,0.15032641,0.150130021,0.149979326,0.14996604,0.15003569,0.150356855,0.150856573,0.150774033,0.150864349,0.150894713,0.150938813,0.150968429,0.150900177,0.150866887,0.150924673,0.150987228,0.151141613,0.151402262,0.151294389,0.151196287,0.151504852,0.151530603,0.151745759,0.152102469,0.152116479,0.152081087,0.151996042,0.152071387,0.15214881,0.152045579,0.152204493,0.152565134,0.152621281,0.152870689,0.152974167,0.153102796,0.152992299,0.152979099,0.153264993,0.153307589,0.153374717,0.153587148,0.153775742,0.153854601,0.153936216,0.154009779,0.154081291,0.154216093,0.154570953,0.154876545,0.155024463,0.155202894,0.15527327,0.155426587,0.15560251,0.155724306,0.155808895,0.155879815,0.155891661,0.156042948,0.156188002,0.156204262,0.156370658,0.156768112,0.156917041,0.15715253,0.157445094,0.15770498,0.157758269,0.157968379,0.1580397,0.157920641,0.158077154,0.158448578,0.158688155,0.159008676,0.159075595,0.159056868,0.159117856,0.159194601,0.159348113,0.159670696,0.159878254,0.160115885,0.160364976,0.160581341,0.160656059,0.16075856,0.160843194,0.160927158,0.161156759,0.161324167,0.161325763,0.161341259,0.161249184,0.161339966,0.161975374,0.162173341,0.162416936,0.162530406,0.162485142,0.162461965,0.162631385,0.162983464,0.163090374,0.16294291,0.163034689,0.16325091,0.1634014,0.163787351,0.164047253,0.164119119,0.164244389,0.164408625,0.164475356,0.164440887,0.164421923,0.164485447,0.164610353,0.164750582,0.164962662,0.165168384,0.165194622,0.165238904,0.1652793,0.165423229,0.165547501,0.165611264,0.165714374,0.165829951,0.165884718,0.1658981,0.165899444,0.165994354,0.16612649,0.166140726,0.166158869,0.166064113,0.165836087,0.165819333,0.165889817,0.16597175,0.166317183,0.166389515,0.166380079,0.166378938,0.166335782,0.166203061,0.16619783,0.166242146,0.166294025,0.166387887,0.166365883,0.166249504,0.166221645,0.166224599,0.166152089,0.166044281,0.165893454,0.165522336,0.165356112,0.165412745,0.165369939,0.165424126,0.165379886,0.165304916,0.165181323,0.165060368,0.164956753,0.164848748,0.164692204,0.164528138,0.164329776,0.164168045,0.163980002,0.163788871,0.163646915,0.163500031,0.163273244,0.163086656,0.162907314,0.16280419,0.162845158,0.162813232,0.162769677,0.162611001,0.162391579,0.16220603,0.16201873,0.161857383,0.16162407,0.161445141,0.161269838,0.161194338,0.160919579,0.160566155,0.160559099,0.160569747,0.160374729,0.160325766,0.160199726,0.159765131,0.159548258,0.159455551,0.159219705,0.158938528,0.158581234,0.158096745,0.157718202,0.157261537,0.156728672,0.15614036,0.155494197,0.154920694,0.15409977,0.153173621,0.15215494,0.150936888,0.149897757,0.148969512,0.147943172,0.146812308,0.145711409,0.144399322,0.142902838,0.141366579,0.139727132,0.138066339,0.136270194,0.134594568,0.132883843,0.131179123,0.12967189,0.128058822,0.126355701,0.124560097,0.122759095,0.121040346,0.119267529,0.1178249,0.116544531,0.115176734,0.113805522,0.11248584,0.110953584,0.109740897,0.108737768,0.107658514,0.106695822,0.105794691,0.104902097,0.104194931,0.103437241,0.102820437,0.102151771,0.101244169,0.100635399,0.100121964,0.099605917,0.099164721,0.098728001,0.098233095,0.097851178,0.097729781,0.097403533,0.096995011,0.096638842,0.096229529,0.09587216,0.095612565,0.09529482,0.095004726,0.094754203,0.094410375,0.09418849,0.094215987,0.094070966,0.094009996,0.093892185,0.093687243,0.093646262,0.093601055,0.093515712,0.093655121,0.093676361,0.093829961,0.093982203,0.094118371,0.094182764,0.094392196,0.094423448,0.094619405,0.094759862,0.094996694,0.095315685,0.095547551,0.095706017,0.095940338,0.095888066,0.09608344,0.096570308,0.096861113,0.097152132,0.09747151,0.097579174,0.097877571,0.098378469,0.098704316,0.099194016,0.099585929,0.099751345,0.100224519,0.100921512,0.101470383,0.102010584,0.10253203,0.102936368,0.103497886,0.1040917,0.104636768,0.105169277,0.105615461,0.106337309,0.106856447,0.107370364,0.107903644,0.10824128,0.108844869,0.109555178,0.11016794,0.110824865,0.111430509,0.112086954,0.112478649,0.113142079,0.113914054,0.114564506,0.115145923,0.115843409,0.116290205,0.116984811,0.11772952,0.118448371,0.11907711,0.119782067,0.120262477,0.120948836,0.121699174,0.122326826,0.122849807,0.123472306,0.123967304,0.124553817,0.125080591,0.125561854,0.126093085,0.126787401,0.127320839,0.127931591,0.12842854,0.129144113,0.129741056,0.130255992,0.131014598,0.13163521,0.132147022,0.132676454,0.133271262,0.133739894,0.134133628,0.134644393,0.134949002,0.13543601,0.136021755,0.136391063,0.136802187,0.13719346,0.13778577,0.138169078,0.138827463,0.139448796,0.140238692,0.140900534,0.141376352,0.141898559,0.142390735,0.142796982,0.143310559,0.143738467,0.144239514,0.144739407,0.14519931,0.145678541,0.146221112,0.146484593,0.146856847,0.147593195,0.148050501,0.148379581,0.148834011,0.149081035,0.149460469,0.149980497,0.150491875,0.151129787,0.151590935,0.152079273,0.152533292,0.153104697,0.153393744,0.153677889,0.153966111,0.154134168,0.154582901,0.155230192,0.155603353,0.155991763,0.156359095,0.15642131,0.156682468,0.156996145,0.157376002,0.157662551,0.158041144,0.158434135,0.158768677,0.159097645,0.159443574,0.159671558,0.159885369,0.160191257,0.160626646,0.160968255,0.161283357,0.161408773,0.161880849,0.162286515,0.162520208,0.162789876,0.162938058,0.162969019,0.163236749,0.163793579,0.164130287,0.164449976,0.164483262,0.16461273,0.16497872,0.16539018,0.16561789,0.165947746,0.166272182,0.166426181,0.166562354,0.16690651,0.167060429,0.166945523,0.167125475,0.167477723,0.167670418,0.168131811,0.168476045,0.168491929,0.168723909,0.168984505,0.169212543,0.169430118,0.169599735,0.169407175,0.169597131,0.170053863,0.170398015,0.170764796,0.170866376,0.170421404,0.170589875,0.170908733,0.170905236,0.171019781,0.17130157,0.17132682,0.171372774,0.171895447,0.17217028,0.172129126,0.172320102,0.172448558,0.172474069,0.172872979,0.172990063,0.172750296,0.172833605,0.172991832,0.173240027,0.173658892,0.173921542,0.173946274,0.173996786,0.174296932,0.174406506,0.174237751,0.174249772,0.17440198,0.174616191,0.174842099,0.174776172,0.174521648,0.174502294,0.174689143,0.174748402,0.174953351,0.175093423,0.175114344,0.175336511,0.175554487,0.17569812,0.175986798,0.176087738,0.175894082,0.17605829,0.176114701,0.175935724,0.175889678,0.175628719,0.175320342,0.175355254,0.175627297,0.175571424,0.175346814,0.175546152,0.175412905,0.175742415,0.176197608,0.176097595,0.175934345,0.175714666,0.175587234,0.175463916,0.175505415,0.175590707,0.175590539,0.175662268,0.175868186,0.176050756,0.175970091,0.175808096,0.175584789,0.175649813,0.175668445,0.175103485,0.174771115,0.174555872,0.174528097,0.174376976,0.174347943,0.173940536,0.173695381,0.17371717,0.173709019,0.173206488,0.173051691,0.172858391,0.17241794,0.172493266,0.17242415,0.171946339,0.171795546,0.171638018,0.171299872,0.170767404,0.170649857,0.170226214,0.17012282,0.170353868,0.170263943,0.170002268,0.169512021,0.168759575,0.16793157,0.167468822,0.167080312,0.167035994,0.167377264,0.167112478,0.166661757,0.166685884,0.166293804,0.165690039,0.165540564,0.165088018,0.164638069,0.164210323,0.164106329,0.163820474,0.163262836,0.162775383,0.162316458,0.161751084,0.16170824,0.161669142,0.161458988,0.161472621,0.161071727,0.160823386,0.160238627,0.159824431,0.159337222,0.15905489,0.158925699,0.158834755,0.1589721,0.158717732,0.158543311,0.158002461,0.157753139,0.157890639,0.157707966,0.15775315,0.157686741,0.157274559,0.157071256,0.157033148,0.156648718,0.156511222,0.156801759,0.156423363,0.15640829,0.156463987,0.156618982,0.156850706,0.156828705,0.156829029,0.156827242,0.156837305,0.156740282,0.157285696,0.15753299,0.157106427,0.157101516,0.157557685,0.157601949,0.158604871,0.158939994,0.158411891,0.158303705,0.158050037,0.157709043,0.157375812,0.15657832,0.156477219,0.155957706,0.156070918,0.156637933,0.15689936,0.157470281,0.157287783,0.157505412,0.157437506,0.157079828,0.15698936,0.157183206,0.157065862,0.157149443,0.157718967,0.157575883,0.157439949,0.157629816,0.157400548,0.15709767,0.156874306,0.157533933,0.157798387,0.158243714,0.158297724,0.158082367,0.157323131,0.156740811,0.156702063,0.156029118,0.156540241,0.156351536,0.155495013,0.155378054,0.154845998,0.154536117,0.153435111,0.153079633,0.152930801,0.152228292,0.151710111,0.151554942,0.150471426,0.149281449,0.148882727,0.147414401,0.146301292,0.144854751,0.143352929,0.141939641,0.140070255,0.138745332,0.137774801,0.136242962,0.134824037,0.13300137,0.130167867,0.128325862,0.126342087,0.124160002,0.121587054,0.119411375,0.116716719,0.113490836,0.111388576,0.108607978,0.106361134,0.104176589,0.101700969,0.099351626,0.096843061,0.093920846,0.091113232,0.088628321,0.085908356,0.083392224,0.081308715,0.079451053,0.077689298,0.075350973,0.07291607,0.070841949,0.068899721,0.067506693,0.066596633,0.065045462,0.063831489,0.062207757,0.060643845,0.059477634,0.058503209,0.057562212,0.056589307,0.055153201,0.054218668,0.053134554,0.052154245,0.051574573,0.051684567,0.051274199,0.050659934,0.050230789,0.049082376,0.048659424,0.048163657,0.047657726,0.047655951,0.04685876,0.046426773,0.045952309,0.046154061,0.046109753,0.046571513,0.046769936,0.04666952,0.046425318,0.04606507,0.045896098,0.045389894,0.044882505,0.044610932,0.044338764,0.04410286,0.044183425,0.044450442,0.044782554,0.045251566,0.04566431,0.045965687,0.045943182,0.045555381,0.045242114,0.044585082,0.044195879,0.043910823,0.043573396,0.043146431,0.043640244,0.044274103,0.045207855,0.045978276,0.046372234,0.046882532,0.047077686,0.047458215,0.048135361,0.048510087,0.048645349,0.048772143,0.048773804,0.048928043,0.049295403,0.049313327,0.049170219,0.049457129,0.049819521,0.050237603,0.050524533,0.050960765,0.051310425,0.051840173,0.052211439,0.052916914,0.053561395,0.053869373,0.054121134,0.054334363,0.054664067,0.054738348,0.054484752,0.054722181,0.055141382,0.055524308,0.05613638,0.057163357,0.057572066,0.057305736,0.057495299,0.057984064,0.058359582,0.059126934,0.059853865,0.060542253,0.061175279,0.061774174,0.062486187,0.063128977,0.063722641,0.064179108,0.064390696,0.064232437,0.064096752,0.06407745,0.064312137,0.064749561,0.065840804,0.066518161,0.067259674,0.068038415,0.068807008,0.069099704,0.069755141,0.070117845,0.069898549,0.070074759,0.070571315,0.071182523,0.071849332,0.073414289,0.074210935,0.074617567,0.075315707,0.076047653,0.07641412,0.076818947,0.07734143,0.077729526,0.077908499,0.07844456,0.078953586,0.079319705,0.079389048,0.079767704,0.080216483,0.080187249,0.080252631,0.080687444,0.080767042,0.081301986,0.082735434,0.083382917,0.083697839,0.08347168,0.083199288,0.083321837,0.083693734,0.084455124,0.085313244,0.086146732,0.086711029,0.087293149,0.087815311,0.088830925,0.089181222,0.089529503,0.089429938,0.089197538,0.08949731,0.089957667,0.091104887,0.09193586,0.092174898,0.092736673,0.09393925,0.094162425,0.095213434,0.095228814,0.094702253,0.094711018,0.094942475,0.095358527,0.095046466,0.094657125,0.095316603,0.095549525,0.096678889,0.098695245,0.09922181,0.09967114,0.100177867,0.100059777,0.10025328,0.100266248,0.100420512,0.100711043,0.101562569,0.102366383,0.102662091,0.103105942,0.103767696,0.104088922,0.104669357,0.105066943,0.105388192,0.105645074,0.105568891,0.104885998,0.104256106,0.104423796,0.104458074,0.104953369,0.106411037,0.106977087,0.108185266,0.108932249,0.109139208,0.109235522,0.109547709,0.109479506,0.109391548,0.110262143,0.110524414,0.110792521,0.111017128,0.11198449,0.112540129,0.113151,0.113441528,0.113375562,0.113393041,0.113334078,0.112621382,0.113244384,0.114077344,0.114444935,0.115729421,0.115112097,0.11444592,0.114854898,0.113175059,0.11411604,0.114628868,0.114540764,0.115657438,0.116149231,0.116593019,0.117060566,0.115818148,0.115735375,0.115821518,0.116429698,0.117064715,0.11709838,0.11760539,0.118240922,0.119720294,0.121076103,0.12177352,0.12059945,0.119753822,0.119115916,0.11899386,0.118725818,0.119359215,0.119386652,0.120688579,0.121188037,0.122165556,0.120382287,0.121547873,0.120684873,0.120675753,0.119262346,0.119800052,0.117800792,0.116849802,0.117536932,0.117809568,0.118433091,0.121211653,0.121842782,0.122230087,0.123655168,0.12328325,0.12309517,0.122484169,0.122314293,0.122398834,0.122632045,0.122522766,0.121532492,0.12199989,0.120977824,0.12084567,0.119602927,0.119690668,0.120946343,0.122540887,0.122226476,0.123119294,0.121144113,0.121623645,0.121492101,0.121112477,0.123211435,0.123255024,0.122258033,0.122092152,0.12164446,0.121286141,0.12109923,0.120865172,0.121266955,0.122162172,0.121846939,0.121131833,0.121453285,0.122399606,0.121509295,0.121432148,0.121973284,0.123056536,0.124155726,0.125572901,0.125210006,0.125460299,0.1260627,0.123204312,0.122984469,0.121659094,0.122090429,0.121793746,0.121880301,0.122134694,0.121977043,0.122984321,0.122391667,0.122417694,0.122724009,0.123490107,0.1243347,0.124210539,0.125156216,0.124297268,0.122642276,0.12181563,0.120371769,0.120944444,0.122322947,0.12205857,0.119577019,0.119098865,0.118880249,0.120161908,0.123091326,0.124619978,0.123522134,0.12223252,0.119758778,0.118848028,0.118826276,0.118962635,0.119836309,0.119799745,0.119644541,0.120487594,0.119857,0.119572729,0.118997181,0.117801764,0.119130546,0.119768093,0.119751686,0.118850548,0.11974928,0.119432289,0.119356829,0.12061662,0.121656523,0.121843206,0.12138434,0.119719233,0.119602851,0.119344053,0.120013419,0.119794772,0.118774066,0.117463682,0.11655642,0.117386468,0.117409429,0.117131934,0.116178904,0.115427393,0.115741547,0.116322205,0.115422293,0.114082336,0.114383517,0.114857717,0.114716737,0.113243096,0.112683472,0.112737871,0.112877499,0.11320389,0.113391581,0.112455314,0.111859765,0.110859049,0.110200042,0.108783066,0.108044839,0.108230902,0.107019655,0.104223606,0.103795268,0.103767144,0.104016235,0.107171119,0.107336403,0.10793726,0.111245247,0.111106177,0.112304316,0.110102612,0.105700646,0.105888107,0.105241876,0.105331867,0.107359995,0.106903854,0.105453392,0.104749841,0.102974628,0.102511337,0.102399478,0.103672731,0.105764287,0.104678063,0.10322409,0.103751795,0.10268006,0.103033927,0.104643471,0.105148164,0.106157577,0.102866909,0.097377844,0.095172554,0.094261685,0.094610404,0.098305203,0.10171052,0.102424666,0.102158553,0.101776566,0.099525419,0.097598273,0.09676857,0.095540826,0.095162655,0.09552675,0.09461746,0.095983133,0.097035543,0.097850621,0.097691492,0.095837196,0.094135359,0.092848149,0.091793106,0.090903503,0.090909816,0.089350254,0.087916883,0.087453067,0.087071771,0.087162044,0.08588801,0.086106944,0.085130635,0.082136908,0.080423931,0.079050544,0.077346467,0.076563349,0.075004816,0.07082944,0.072271595,0.076244357,0.078849293,0.085758417,0.088197355,0.087725576,0.086897817,0.084726928,0.082833528,0.078248915,0.076685934,0.07457581,0.076620301,0.084866493,0.086803252,0.089458913,0.089702056,0.08632304,0.083715866,0.08082715,0.077685138,0.076170604,0.074168956,0.073910552,0.076007596,0.072179277,0.074957229,0.074956493,0.07282858,0.075930859,0.076696828,0.076316178,0.075351715,0.070697523,0.063537442,0.061154307,0.059454684,0.059971325,0.059690247,0.057484582,0.056426211,0.053726741,0.052924794,0.058368527,0.061647688,0.065173407,0.072546804,0.071830243,0.076969875,0.08758272,0.086028722,0.090763815,0.091319674,0.080098024,0.076731389,0.072058253,0.064945544,0.066301255,0.065040821,0.06366353,0.062810911,0.061262769,0.063113685,0.066402572,0.07190227,0.078212526,0.078388027,0.082926551,0.087954927,0.079573272,0.08194369,0.087389751,0.09287473,0.089102074,0.083479718,0.073898524,0.061080358,0.061744323,0.065204237,0.066197695,0.072687252,0.068631854,0.061543594,0.058690133,0.053965339,0.056429796,0.055266145,0.046566838,0.041452101,0.037153755,0.033578675,0.03739485,0.038185602,0.031122023,0.034593939,0.051805932,0.053846173,0.059478486,0.062461704,0.056916001,0.074002661,0.086816978,0.082933854,0.06471994,0.040907044,0.027077809,0.02666535,0.040750223,0.053836113,0.052815733,0.045791016,0.036954234,0.033098411,0.034907933,0.038136235,0.040606518,0.035660512,0.026938789,0.031667403
/data/asd/1/1549991253-00.asd,sp2_run8,108,0,108,0,-0.00767781,0,0.053204486,0.057708638,0.056683383,0.055773339,0.058830006,0.058389756,0.05529668,0.05764856,0.055982136,0.055224417,0.054676774,0.053895367,0.057040131,0.052169222,0.055693654,0.058402065,0.054955866,0.057561932,0.056665889,0.05657723,0.057724838,0.056223501,0.055446711,0.055297995,0.060525859,0.061416974,0.058822708,0.055447239,0.055278672,0.055534353,0.05626724,0.058253968,0.059358224,0.058759472,0.058187541,0.060602832,0.057480348,0.057125108,0.061808085,0.060697917,0.059743314,0.059406141,0.059959754,0.060198864,0.061415417,0.062216793,0.060876367,0.06076054,0.061812996,0.0623869,0.061451708,0.062592485,0.06249096,0.060927638,0.063408028,0.063090839,0.062704598,0.063316405,0.063941434,0.064714609,0.064682726,0.064348727,0.065567469,0.065982277,0.065433905,0.065308851,0.065635163,0.066853259,0.067418911,0.06810213,0.06817945,0.06804478,0.067927748,0.06918253,0.0694262,0.068556724,0.069965654,0.070647549,0.071129057,0.071425948,0.071106616,0.071113812,0.072170842,0.073120599,0.072995467,0.072764205,0.07420625,0.074306414,0.073859924,0.074204402,0.075258942,0.075477419,0.075899369,0.076323267,0.076623098,0.076690021,0.077058173,0.077776699,0.077281526,0.078073121,0.078548811,0.077948067,0.078403646,0.079200078,0.080042997,0.080039982,0.080096836,0.080139952,0.079910314,0.080673767,0.080943098,0.081146139,0.081624955,0.081898961,0.08191744,0.082405257,0.082393891,0.082645937,0.082928867,0.083170754,0.083317013,0.083577022,0.083946584,0.084342724,0.084503125,0.08473408,0.085009138,0.085091155,0.085599525,0.085620993,0.085577962,0.085929991,0.086451735,0.086809335,0.086760051,0.087392169,0.087705369,0.087941112,0.088848684,0.088656697,0.088658297,0.089222346,0.089476627,0.089709181,0.090012475,0.090386496,0.091066939,0.091396495,0.091554226,0.091721689,0.092235562,0.092505339,0.092826352,0.093576635,0.09364924,0.093895779,0.094434766,0.094746046,0.095328717,0.095729036,0.095455655,0.096078398,0.096724439,0.096799778,0.096923461,0.097233819,0.097887258,0.098543028,0.098529869,0.098970338,0.099261372,0.099722014,0.099898342,0.100082162,0.100806065,0.101216801,0.101394639,0.101621768,0.102002756,0.102842007,0.103077827,0.103009775,0.103440799,0.103725436,0.104081867,0.104306805,0.104558736,0.105096806,0.105453181,0.105838277,0.105853552,0.106301423,0.106474423,0.106714861,0.107143283,0.107556866,0.107701123,0.107903607,0.108278605,0.108560689,0.108972187,0.109277782,0.10946974,0.109778809,0.110047248,0.110506646,0.11068967,0.111025428,0.111410434,0.111707259,0.111978073,0.112235382,0.112567268,0.112717032,0.112856081,0.113229349,0.11342404,0.1136673,0.113857434,0.114344829,0.114676642,0.114602031,0.114828871,0.11527219,0.115407815,0.115522812,0.115535064,0.11555875,0.115470201,0.115172397,0.115285745,0.115366649,0.1151839,0.115240903,0.11534975,0.115594637,0.115458855,0.115589372,0.115795759,0.115898695,0.115942392,0.116015092,0.11612626,0.115973239,0.116165046,0.116249565,0.116471097,0.116558967,0.116451106,0.116571233,0.116802984,0.116856544,0.116903668,0.116869627,0.116941296,0.116957672,0.11699017,0.11711418,0.117046528,0.117121943,0.117149185,0.117053301,0.117018963,0.117024101,0.117138526,0.117123461,0.117155473,0.117195749,0.117279807,0.117222503,0.117229259,0.117302891,0.11731859,0.117438001,0.117539741,0.117507453,0.117300849,0.117262121,0.117335606,0.11743359,0.117405523,0.11751748,0.117487003,0.117467839,0.117348903,0.117507336,0.117566664,0.11761932,0.117522026,0.117412536,0.117542813,0.117534205,0.117500478,0.117467293,0.117594136,0.117619702,0.117572972,0.117535075,0.117494503,0.117477746,0.117552169,0.117455036,0.117484642,0.117406933,0.117311696,0.117371211,0.117331236,0.117183145,0.117260415,0.117179474,0.117118622,0.117056176,0.117020807,0.116970329,0.116724645,0.116653007,0.116887675,0.116840877,0.116751789,0.116993062,0.117060351,0.117060195,0.117096264,0.117064283,0.11718018,0.117276938,0.117289104,0.117618649,0.117663152,0.11761453,0.117884743,0.117958576,0.117920631,0.118134531,0.118249494,0.118253085,0.118498419,0.118592228,0.118667228,0.118778963,0.118834696,0.118979119,0.11898384,0.119324121,0.119569508,0.11941335,0.119430261,0.119772915,0.119914401,0.119991192,0.120021456,0.120029203,0.120201041,0.12032176,0.120307758,0.120463452,0.120492008,0.120752191,0.121017037,0.120988369,0.121107581,0.121350434,0.121459182,0.121622662,0.121817749,0.121886255,0.122051882,0.122119162,0.122195584,0.122551081,0.122677464,0.122734165,0.122903248,0.122957614,0.12298127,0.123038907,0.123206837,0.123395982,0.12336116,0.12353278,0.123640403,0.123537714,0.123983208,0.12412749,0.124261725,0.124612278,0.124497381,0.124535624,0.124736292,0.124742931,0.124905649,0.12512682,0.125206451,0.125315854,0.125529418,0.125763182,0.125959944,0.126058122,0.126326468,0.126520049,0.126498487,0.126682451,0.126893611,0.126917966,0.127156422,0.127348243,0.127376334,0.127515374,0.127519033,0.127643022,0.127826146,0.127851292,0.128133673,0.12810128,0.128097935,0.128528639,0.12861797,0.128655637,0.128788977,0.128812169,0.129089294,0.129288376,0.129261668,0.129688697,0.129700278,0.129647405,0.129922398,0.130116556,0.13026024,0.130333963,0.130474429,0.130700734,0.130793495,0.131068627,0.1310581,0.131230617,0.131177251,0.131480205,0.131510574,0.131563402,0.131747879,0.131852563,0.132032395,0.132435389,0.132405759,0.132462645,0.132554498,0.132661387,0.132931887,0.13292956,0.132840805,0.132955129,0.132850392,0.133152676,0.133521762,0.133292833,0.133291078,0.13328361,0.133581371,0.133699197,0.133788005,0.133865345,0.133920393,0.133747072,0.133844896,0.13417944,0.134389476,0.13432857,0.134277742,0.134140189,0.134521127,0.134794549,0.134770683,0.134818432,0.134434736,0.134615369,0.135227554,0.134688088,0.13506349,0.134884893,0.134838326,0.13506678,0.135074962,0.135210067,0.135255517,0.134975842,0.135276201,0.134829025,0.135217205,0.13513932,0.134858564,0.135157225,0.135224626,0.13504525,0.135254459,0.135647297,0.135236367,0.135248904,0.135837228,0.134802278,0.135114809,0.135120318,0.134464552,0.135299491,0.135302854,0.135082132,0.135348522,0.135772586,0.135261174,0.135585838,0.13496266,0.135899532,0.135676044,0.134683957,0.1340663,0.134964873,0.135755745,0.135580108,0.135359518,0.135207053,0.13543443,0.135272718,0.136405393,0.135810481,0.135348654,0.135890282,0.135722624,0.135702208,0.135202106,0.136028628,0.13510151,0.134915194,0.135890516,0.135767295,0.136201494,0.136231829,0.135813167,0.135495752,0.135403218,0.136123684,0.135526848,0.135609841,0.135365559,0.13561767,0.135444474,0.135677374,0.135818433,0.135511375,0.1355645,0.135641753,0.135518102,0.1358052,0.135555789,0.135986347,0.135855153,0.136268922,0.136253298,0.136022739,0.135690306,0.136258771,0.136129442,0.136197681,0.136340296,0.136424742,0.136410425,0.136274107,0.136325308,0.136547594,0.136593266,0.136676374,0.13639915,0.136513585,0.136720858,0.136142828,0.136187558,0.136880007,0.136697988,0.136357427,0.136626102,0.136942471,0.136881707,0.13696983,0.136943232,0.137223139,0.136935398,0.137012981,0.137045636,0.137047946,0.137127635,0.136867714,0.136920482,0.137396612,0.137520317,0.137385999,0.137305709,0.136850586,0.137797657,0.138262368,0.137106523,0.137554374,0.137865992,0.137592185,0.13756489,0.137358063,0.137747186,0.137583206,0.137139311,0.137431634,0.137764227,0.137323983,0.137889368,0.137800471,0.137716662,0.138387695,0.137690443,0.138339843,0.138894836,0.138181998,0.138827536,0.138831202,0.138757519,0.138721376,0.137650757,0.138148386,0.13844511,0.138398012,0.139901241,0.139801341,0.138110478,0.139073904,0.138641243,0.138920785,0.139872973,0.138680245,0.139606209,0.139665097,0.138108662,0.13901069,0.138894215,0.139068339,0.140277371,0.13927267,0.139163052,0.139843282,0.140541106,0.141114441,0.140055847,0.139199253,0.140062116,0.138598235,0.140024952,0.139460148,0.14007247,0.140515108,0.140548074,0.140191629,0.140025304,0.139556807,0.1397146,0.140514438,0.140851674,0.141594584,0.141883639,0.141686572,0.141643384,0.141397137,0.141345681,0.141346122,0.141574592,0.141307806,0.141295547,0.141580209,0.142039526,0.142224203,0.142692039,0.14273087,0.142208125,0.142231122,0.142582483,0.142883315,0.143688543,0.143925455,0.144201632,0.144026435,0.143727219,0.143542324,0.143552891,0.143695926,0.143524212,0.143456346,0.143519573,0.143460905,0.143588718,0.144150481,0.14417015,0.144021551,0.143949406,0.144190417,0.144357508,0.144401906,0.144788514,0.14518085,0.145043953,0.145114577,0.145439567,0.145383154,0.144892752,0.144740889,0.144825538,0.144651613,0.144726406,0.144360784,0.144434862,0.144979127,0.145227255,0.145560227,0.145839525,0.145723687,0.145734824,0.145735288,0.145582248,0.145696459,0.14577808,0.145843312,0.145985824,0.146240041,0.146046796,0.146008014,0.14622396,0.146289203,0.146386044,0.146648318,0.146708049,0.14676368,0.146946484,0.147122793,0.147170828,0.147293983,0.147626552,0.147742638,0.147946854,0.14813136,0.148288656,0.147991614,0.147760903,0.147747475,0.147479952,0.147559042,0.147884886,0.147927735,0.147989582,0.147972539,0.147888367,0.147998695,0.148104748,0.148096454,0.148199025,0.148314899,0.148419016,0.14847992,0.148608099,0.148816247,0.14898266,0.149118728,0.149166668,0.149243988,0.149309732,0.149402097,0.149505617,0.149472992,0.149282416,0.149426856,0.149469912,0.149652297,0.149737544,0.149778478,0.149671789,0.149753577,0.149490984,0.149561518,0.149659071,0.149667314,0.149592091,0.149646187,0.149636662,0.149389801,0.149491705,0.149798452,0.149869182,0.149780273,0.149442835,0.14934771,0.149226187,0.149108634,0.149204347,0.14933217,0.149128924,0.149071278,0.149302167,0.149463163,0.149422394,0.149369756,0.149127346,0.148780153,0.148558413,0.148334358,0.148242313,0.148324137,0.148381236,0.14845512,0.148464889,0.148592568,0.148612988,0.14879593,0.148808639,0.148853967,0.14870116,0.148817169,0.149140154,0.149200262,0.149355772,0.14928152,0.149346891,0.149378539,0.149592515,0.149876837,0.149980987,0.149980629,0.150235579,0.150330188,0.150237555,0.150276574,0.150375155,0.150467533,0.150659182,0.150613083,0.150796573,0.15088195,0.150796205,0.151181044,0.151223292,0.151131724,0.151272516,0.151397008,0.151619279,0.151911295,0.152062616,0.152290327,0.152425835,0.152539345,0.152751732,0.152695183,0.15279697,0.15277466,0.152680505,0.1530212,0.153396966,0.153631459,0.153762973,0.153743965,0.153543758,0.153525204,0.153674514,0.15385768,0.153964612,0.154113859,0.154021396,0.154237583,0.154506597,0.154660597,0.154683651,0.154911044,0.154888728,0.154933498,0.155267731,0.155604909,0.155544318,0.155736165,0.155738209,0.15555277,0.155610417,0.155900592,0.15601768,0.156171688,0.156247575,0.15625962,0.156420047,0.156772129,0.156986425,0.157229169,0.157223319,0.157337601,0.157377083,0.157407118,0.157603538,0.157994408,0.158030043,0.158102239,0.158226491,0.158392005,0.158270207,0.158435862,0.158923042,0.15912434,0.15934386,0.159626261,0.159696048,0.159743061,0.159897291,0.159963144,0.160039529,0.160212817,0.160632326,0.160838489,0.160907909,0.161316735,0.161514154,0.161505152,0.16161308,0.161636768,0.161647472,0.161618251,0.16166094,0.161728957,0.161935476,0.162354837,0.162508931,0.162479567,0.162548382,0.162578138,0.162589276,0.162696129,0.162904328,0.162982938,0.163112519,0.163407759,0.163657349,0.163704948,0.163665872,0.163759759,0.163762462,0.163777609,0.163877708,0.163971153,0.163909385,0.163954806,0.164072032,0.164250002,0.16450396,0.164600563,0.16454013,0.164527793,0.164622897,0.164712061,0.164895958,0.164980615,0.164959437,0.164888668,0.164863097,0.164835736,0.164771755,0.164724035,0.164722871,0.164695984,0.164726857,0.164715739,0.164772543,0.164959286,0.164935093,0.164902074,0.164931146,0.164900085,0.164850009,0.164900406,0.164808681,0.164533101,0.164323947,0.164212347,0.164051309,0.16402984,0.163885527,0.163713195,0.163398883,0.163270876,0.163182429,0.162998447,0.162904633,0.162698978,0.162247097,0.16203635,0.16197523,0.161877595,0.161811709,0.161650616,0.161449888,0.161255928,0.161065097,0.160917947,0.160707561,0.160526021,0.160479135,0.160361401,0.160331123,0.160213307,0.159760355,0.159531218,0.159371051,0.159314338,0.159130568,0.159051353,0.158994639,0.158767892,0.158502838,0.158431171,0.158165796,0.157700098,0.157371083,0.156998228,0.15670015,0.156535119,0.156208776,0.155795013,0.155398671,0.154936907,0.154384301,0.153883762,0.15323603,0.152524854,0.151835828,0.151248409,0.150340636,0.149444826,0.148426138,0.146973065,0.145690819,0.144469203,0.143329594,0.141997587,0.140689251,0.139223924,0.137513087,0.135966403,0.134394027,0.132738798,0.131026385,0.129296507,0.127485871,0.125963055,0.124569204,0.122984064,0.121511964,0.119980213,0.118345694,0.11680966,0.115142959,0.113659344,0.112062174,0.11072129,0.109586559,0.108514773,0.107580934,0.106550509,0.10558977,0.104622074,0.10349426,0.102697626,0.101965795,0.101358597,0.100783397,0.100242825,0.099658919,0.098955725,0.098442274,0.097994835,0.097560614,0.097144607,0.096742844,0.096315576,0.096014379,0.095775916,0.0954666,0.095066251,0.094777807,0.094428086,0.094179093,0.094189428,0.094006311,0.093688633,0.093425098,0.093230118,0.093022525,0.092929107,0.092792322,0.092682606,0.092707665,0.092821215,0.092780914,0.092787006,0.092768059,0.092733248,0.092817511,0.092977059,0.093210808,0.093463468,0.093533063,0.093667413,0.093638137,0.093793288,0.093925036,0.094117037,0.09434041,0.094596604,0.094687407,0.094863774,0.09516278,0.095393041,0.095547782,0.095929615,0.096422051,0.096762775,0.097167416,0.09745342,0.097606048,0.097998928,0.098625332,0.099078184,0.099559851,0.100026933,0.100364685,0.100804575,0.101484245,0.102045078,0.102362607,0.102784745,0.103256773,0.103622899,0.104306532,0.104846457,0.105356845,0.10597178,0.106709524,0.107373415,0.107942233,0.10838616,0.108918144,0.109173844,0.10982784,0.110524068,0.111226824,0.112073606,0.112701581,0.113094551,0.113768518,0.114268858,0.114981803,0.115733883,0.116470772,0.117130402,0.117791092,0.118242683,0.11886344,0.119386076,0.119990049,0.120552712,0.121192688,0.121836377,0.12246159,0.122946356,0.123447239,0.123999256,0.124730824,0.125435468,0.12606457,0.126530828,0.127199402,0.127633774,0.128062294,0.128763415,0.129379583,0.129960376,0.130508094,0.131060311,0.131547247,0.131982221,0.13257466,0.132945829,0.133558017,0.134396798,0.134850943,0.13538279,0.135793982,0.136236483,0.136575065,0.137286679,0.137861206,0.138426388,0.13897426,0.139372872,0.13986905,0.140366072,0.140835181,0.141518439,0.142009708,0.142554038,0.143066319,0.143500069,0.143792265,0.144284571,0.144609889,0.144956544,0.145582546,0.146012456,0.146339902,0.146902737,0.147381192,0.147826279,0.148464136,0.148971514,0.149406861,0.149702796,0.150106744,0.150393756,0.150666511,0.150950573,0.151339714,0.15166975,0.15210052,0.152567518,0.153019542,0.153316364,0.153549538,0.153885823,0.153956604,0.154235316,0.154637018,0.155057822,0.155353743,0.155629409,0.15567463,0.155929631,0.156156087,0.156517793,0.15710796,0.157389611,0.157539388,0.157916576,0.158112578,0.158370262,0.158610889,0.158998168,0.159273116,0.159499207,0.159757704,0.159899359,0.160106381,0.16036672,0.160684086,0.161011993,0.161498496,0.16152705,0.161636735,0.161966126,0.162081796,0.162146266,0.16243166,0.162718724,0.162810886,0.162990858,0.163463308,0.163712517,0.163795235,0.163966287,0.164182344,0.164314212,0.16467294,0.164952009,0.165031083,0.165225768,0.165272405,0.165488868,0.165849201,0.166034465,0.166052904,0.166178688,0.166309942,0.166530431,0.166675413,0.166848661,0.166944356,0.167212191,0.167590524,0.167607588,0.167560053,0.167744893,0.167887895,0.167926057,0.168172835,0.168548972,0.168933869,0.169229767,0.169491051,0.169595692,0.16976284,0.169868867,0.169888447,0.169991511,0.170028343,0.170235016,0.170596871,0.170817645,0.171017267,0.17105832,0.171231296,0.171327748,0.171075248,0.171107041,0.17132425,0.171648067,0.171996013,0.172014571,0.171884835,0.171951801,0.172134551,0.172186969,0.172302833,0.172466102,0.172608036,0.172695492,0.172821308,0.17282907,0.172650514,0.17270828,0.172633388,0.17298656,0.173182098,0.173176424,0.173422543,0.173092348,0.172701481,0.172640932,0.172503363,0.172427333,0.172397141,0.172525071,0.172506926,0.17272417,0.172832751,0.172627229,0.172598958,0.172669778,0.172757153,0.17271439,0.17282538,0.172719218,0.172296791,0.172198665,0.172053926,0.171930968,0.172096997,0.172219336,0.171998211,0.172132326,0.17218957,0.171944205,0.171781932,0.17188359,0.171879724,0.171417294,0.171339219,0.171028971,0.170774383,0.170849697,0.17086466,0.170203807,0.17003616,0.169818218,0.169369646,0.1694065,0.169323017,0.168856241,0.16869166,0.168637222,0.168364517,0.167978242,0.167809206,0.16730464,0.166915051,0.16641826,0.166231435,0.166063841,0.165942473,0.165731111,0.165364118,0.164873557,0.164511638,0.164369364,0.164101596,0.163926985,0.163573943,0.163373474,0.16317421,0.162606702,0.162226729,0.161866356,0.161703405,0.161269689,0.160861534,0.160831761,0.160307863,0.159537884,0.159368663,0.159117362,0.15904335,0.159125769,0.158846042,0.158314588,0.157976536,0.15775687,0.157618035,0.157414828,0.157106997,0.156725685,0.156353061,0.156157595,0.155997808,0.155869057,0.156385363,0.156027839,0.155617266,0.155457166,0.155182738,0.155227247,0.154886244,0.154346995,0.154087709,0.154106092,0.1538847,0.153513886,0.153882388,0.153738889,0.153807677,0.154114183,0.154020097,0.153848253,0.153511414,0.15318021,0.153079478,0.152697266,0.152455172,0.152829909,0.152862365,0.15271941,0.152637253,0.152925126,0.152546129,0.151281533,0.151069507,0.151110223,0.151261038,0.15182523,0.151925324,0.152015579,0.151501961,0.151709315,0.151677301,0.151816922,0.152184091,0.152244604,0.152612645,0.151592658,0.151531817,0.151278943,0.150965109,0.151188034,0.151702728,0.152685918,0.15267205,0.152104104,0.151598725,0.150917342,0.150349774,0.149906401,0.150213968,0.150118452,0.150722779,0.151130312,0.151879039,0.15214434,0.15227856,0.151468595,0.150457166,0.150195363,0.149383252,0.149485048,0.149239808,0.148955525,0.148764991,0.147739463,0.147219258,0.145939111,0.145501146,0.145273944,0.145010248,0.144593215,0.144485189,0.14333221,0.141892621,0.141351153,0.139834342,0.138207,0.137087756,0.136032498,0.134871362,0.133546474,0.132340511,0.131045185,0.12959931,0.128213735,0.126656789,0.124695322,0.122929649,0.120903184,0.118468577,0.116004802,0.114165835,0.111591054,0.108734496,0.107027493,0.10462436,0.102153281,0.100020997,0.097365028,0.094735758,0.092405385,0.090100229,0.087768984,0.085475419,0.082664766,0.0800359,0.077635623,0.075423958,0.073365307,0.070917233,0.068549861,0.066430751,0.064583977,0.062868651,0.06144057,0.060293394,0.059229126,0.05790403,0.056438952,0.055194764,0.054221705,0.053569133,0.053011823,0.052947383,0.052700133,0.051454748,0.050614538,0.049920792,0.049433837,0.048565873,0.047976689,0.0477493,0.04709867,0.046706356,0.045819222,0.045133857,0.044957323,0.044604136,0.044197138,0.044055298,0.043882195,0.043348204,0.043398296,0.044059792,0.044545675,0.044556517,0.044099777,0.043593957,0.043097746,0.043208013,0.043117337,0.043084501,0.042614175,0.042541863,0.042313348,0.042244312,0.042603328,0.042114997,0.041938224,0.041978963,0.041673045,0.041850962,0.042259523,0.042625988,0.043026966,0.043160118,0.043507866,0.043176779,0.042368524,0.041787093,0.041422656,0.041933579,0.042693678,0.043656885,0.044310728,0.04477371,0.045283332,0.045767537,0.045932666,0.04628213,0.046598231,0.046947075,0.047430488,0.04788632,0.048266013,0.048483218,0.048307288,0.048259715,0.048296029,0.048352501,0.04855312,0.049116566,0.049870935,0.050548781,0.051198135,0.051543733,0.051410972,0.051500039,0.051642979,0.051598213,0.051950594,0.053082721,0.053486863,0.05362208,0.053712009,0.054199473,0.054318111,0.054868685,0.055870294,0.056200554,0.056386234,0.056804506,0.057161437,0.057885046,0.059052024,0.059904795,0.060673953,0.061422192,0.061950523,0.062108315,0.062203259,0.062634383,0.062571376,0.062688914,0.062996779,0.063866041,0.064486785,0.065193145,0.065990782,0.066857062,0.067280699,0.06725994,0.067561221,0.067940495,0.06814016,0.068920804,0.070009487,0.070462755,0.070676947,0.071042617,0.071436529,0.071829502,0.072367745,0.072407877,0.072307403,0.072030666,0.072248266,0.072626416,0.073406431,0.074620216,0.075333261,0.07571149,0.076407392,0.077006444,0.077226713,0.077652151,0.078187867,0.078290745,0.078764056,0.079617913,0.080533846,0.080918312,0.081016231,0.081637865,0.081458496,0.081938603,0.082806176,0.083514712,0.084164038,0.08441436,0.084345017,0.084433949,0.08452803,0.084726231,0.085484109,0.085873763,0.085624168,0.086432615,0.086178357,0.086124603,0.086608773,0.086960359,0.087254147,0.088231665,0.088754135,0.090207807,0.090613062,0.091151226,0.091535183,0.091701105,0.091628223,0.091273413,0.090606577,0.090321619,0.090295097,0.09117669,0.092776111,0.093366944,0.09454674,0.095311328,0.095402645,0.095920459,0.096458502,0.096698638,0.097080061,0.097562986,0.097508634,0.096752251,0.096339682,0.096721984,0.097414924,0.098391008,0.099027404,0.099595249,0.100141837,0.100269069,0.100043281,0.100192346,0.100760601,0.101434921,0.101856389,0.102527021,0.102596516,0.10305722,0.10305033,0.10294858,0.103267672,0.104121581,0.104477698,0.104754712,0.106226422,0.106679065,0.106893336,0.107004031,0.10773415,0.107751667,0.106598677,0.106694243,0.107511515,0.107719781,0.108319129,0.108715802,0.108984152,0.109018673,0.109069188,0.110347913,0.110065905,0.110214547,0.110915147,0.110060161,0.111071954,0.110916764,0.110612577,0.111308315,0.111481949,0.111719129,0.112081088,0.110986221,0.111111934,0.11155757,0.11246665,0.114515476,0.11436691,0.114032695,0.114623493,0.115598429,0.115519207,0.116214933,0.116220131,0.11577589,0.115832468,0.115894916,0.115064799,0.115469502,0.115404112,0.116380421,0.116343699,0.117275626,0.115708268,0.11666488,0.116643321,0.11670901,0.115447648,0.116807457,0.116593283,0.116428178,0.11715317,0.117448819,0.117268522,0.117179538,0.116826864,0.11626446,0.117357454,0.117850335,0.117858978,0.117443255,0.117549643,0.117568774,0.117898004,0.118497446,0.117778559,0.117787017,0.117091204,0.117063301,0.116256184,0.11703176,0.117431317,0.118330555,0.117194126,0.117597731,0.115499262,0.116007258,0.11638063,0.115992741,0.117518952,0.1175846,0.116895963,0.116846072,0.116925225,0.116689785,0.115909879,0.115406458,0.115645488,0.116270456,0.116170543,0.114592667,0.113042027,0.113940503,0.113119309,0.113419469,0.115474977,0.116688199,0.117041711,0.118219631,0.117505214,0.116293269,0.117491254,0.116839642,0.11723566,0.117274631,0.1190906,0.120076794,0.120377849,0.121342447,0.120850049,0.118958146,0.11742582,0.118053391,0.118060335,0.118403193,0.118805552,0.117471862,0.117157256,0.116566563,0.116330487,0.116319239,0.116158539,0.116598004,0.116914152,0.118183891,0.11883229,0.11933173,0.119939208,0.121112225,0.120673244,0.12143902,0.121070672,0.120085965,0.118178039,0.117261504,0.116752798,0.116438159,0.116549714,0.115940348,0.114712811,0.115500191,0.115920838,0.116130421,0.117408273,0.116733421,0.11680191,0.116700381,0.116231544,0.114540879,0.113611195,0.112492135,0.111142076,0.110556637,0.111744999,0.112712101,0.113259004,0.113100792,0.113611291,0.113752779,0.115925972,0.117260952,0.116395167,0.115102513,0.113001226,0.110346987,0.110229359,0.111802586,0.111445339,0.113404105,0.114147408,0.113393485,0.112415375,0.110571752,0.110909795,0.112202942,0.112039873,0.110984748,0.110573971,0.110493686,0.11020718,0.108642192,0.108066351,0.106765994,0.105956313,0.105630542,0.105928811,0.105439158,0.10543874,0.1067024,0.107656481,0.106581934,0.106803544,0.107018844,0.107671672,0.106893452,0.10502058,0.103820347,0.102919703,0.104767891,0.10654776,0.1062112,0.106398133,0.107191016,0.107724773,0.10783872,0.107303883,0.105677754,0.103285283,0.103391727,0.104786414,0.105335535,0.10495824,0.102992534,0.099987363,0.097786989,0.097066232,0.099274121,0.101453125,0.100777946,0.099865692,0.100584371,0.100505448,0.099472032,0.098708224,0.099161877,0.100652986,0.100860236,0.101778801,0.101689703,0.098898127,0.096383456,0.092927748,0.089941251,0.088242477,0.087534277,0.088624461,0.088954225,0.088874891,0.088114936,0.09040522,0.091910421,0.092724418,0.094036643,0.093682794,0.092960631,0.094049447,0.093880547,0.092125036,0.091558362,0.088030529,0.088253393,0.09328644,0.094834927,0.099059619,0.099299516,0.095630716,0.092489346,0.087669632,0.084019901,0.078339282,0.077807793,0.083109495,0.085088381,0.087571165,0.089092955,0.088842452,0.085706755,0.082281934,0.080964598,0.076999278,0.075112558,0.077378906,0.077870493,0.077201201,0.076429286,0.072988292,0.073138307,0.075450948,0.077314234,0.082657262,0.08456063,0.085265312,0.0839901,0.08026514,0.076806893,0.076315193,0.079528635,0.086164928,0.09252405,0.090247378,0.090096593,0.083423383,0.076329706,0.077872166,0.077544986,0.075882932,0.076820684,0.068938239,0.06131109,0.060943034,0.06093462,0.068852655,0.071775708,0.071406017,0.072574729,0.071729852,0.068796306,0.073118661,0.07690546,0.076027911,0.078273874,0.076763451,0.069833935,0.068319657,0.072789658,0.077684585,0.084128999,0.087004619,0.080146077,0.073146052,0.067328733,0.060120502,0.05800452,0.059362939,0.056992306,0.060605118,0.061104978,0.060999771,0.064497327,0.058731816,0.054756367,0.053435396,0.05752239,0.057879676,0.060397448,0.066727953,0.061976778,0.05976322,0.068087513,0.069280155,0.072784396,0.074157075,0.073831018,0.072040651,0.069385049,0.077896766,0.077191531,0.067992559,0.065088729,0.0665487,0.066138626,0.074999341,0.072250569,0.056814698,0.050646344,0.046397112,0.045689351,0.052821412,0.055766273,0.05839632,0.072594289,0.072133325,0.073985967,0.07682087,0.057572901,0.041658061,0.033934285,0.034427415,0.045603924,0.052810106,0.062168102,0.063367626,0.061475773,0.060219461,0.062103135,0.056194355,0.045604295,0.063681371,0.074762295,0.084958241,0.10162772,0.100350736,0.086819803
/data/asd/1/1549991264-00.asd,sp2_run8,108,0,108,0,-0.00767781,0,0.053880716,0.054727807,0.057215457,0.057864772,0.058808845,0.058629313,0.05448013,0.05873578,0.062522487,0.058447534,0.05113844,0.052222728,0.057503519,0.055842185,0.054432283,0.054494618,0.054963871,0.057253088,0.055809029,0.05637974,0.061572516,0.057244473,0.054766203,0.056206037,0.0593468,0.05897082,0.05627945,0.054676558,0.05742966,0.056536471,0.055462214,0.058319727,0.057973784,0.05540985,0.055321101,0.060661572,0.059775783,0.058077751,0.060289256,0.060635543,0.059661479,0.059755619,0.060699995,0.059705981,0.060163871,0.061131524,0.061311983,0.060971398,0.061929317,0.062478525,0.062021385,0.062514958,0.063504798,0.064057873,0.063481036,0.064545387,0.065325847,0.063386756,0.065081922,0.064671015,0.063103799,0.064407686,0.066462357,0.067079702,0.065479179,0.066634623,0.067062062,0.067537219,0.067142626,0.067216762,0.067355666,0.06761255,0.067586282,0.069429279,0.070039636,0.068531927,0.069690684,0.069956138,0.070656397,0.07189997,0.071739787,0.071798101,0.072624451,0.072721639,0.072928051,0.072622926,0.073172252,0.074776189,0.075030403,0.074815067,0.075238708,0.075059424,0.0754175,0.076347093,0.076618027,0.076684965,0.07685455,0.077162669,0.07698866,0.078156588,0.078929343,0.078183776,0.078555103,0.079138485,0.079800514,0.079571051,0.080099015,0.080269675,0.079898914,0.080581326,0.080989785,0.081151969,0.081051444,0.081314511,0.081664415,0.082424378,0.08242589,0.082942189,0.083098491,0.083027243,0.083434911,0.083668723,0.083888653,0.084190935,0.084687668,0.08515902,0.085078039,0.084785363,0.085694467,0.085953036,0.08601032,0.086254698,0.086609386,0.086754407,0.086577245,0.087171844,0.087659454,0.087893714,0.088466811,0.088636951,0.088734905,0.088937022,0.089190994,0.089783648,0.090263051,0.09043446,0.091154913,0.091204145,0.091334429,0.092055776,0.09240651,0.092440016,0.092612151,0.09330239,0.093482656,0.093928167,0.094518451,0.094558465,0.095007414,0.09538636,0.095499043,0.096082751,0.096791492,0.097177,0.097452693,0.097558909,0.097867531,0.098563487,0.098453885,0.0990155,0.099582676,0.099749413,0.0998138,0.099991722,0.100782256,0.10106386,0.101151054,0.10156386,0.102151745,0.102519763,0.102707817,0.103197191,0.1033451,0.103596528,0.104087653,0.104336618,0.104868731,0.105293654,0.10528189,0.105794306,0.105908909,0.106321365,0.106556679,0.106807429,0.107252599,0.107656009,0.107837277,0.107939516,0.10811171,0.108502302,0.109053575,0.109224324,0.109362799,0.109815792,0.110062476,0.11045334,0.110693947,0.111034552,0.111373786,0.111623361,0.111915366,0.112217171,0.112475199,0.112693018,0.112984977,0.113381607,0.113407617,0.113489318,0.113833484,0.114412656,0.114858268,0.11490413,0.11502634,0.11520947,0.11530136,0.115512711,0.11549805,0.115420788,0.115258039,0.115195432,0.115226997,0.115301175,0.115314186,0.11534401,0.115325544,0.11549804,0.115488917,0.115541578,0.115663105,0.115677967,0.115909234,0.116068858,0.116165821,0.116125704,0.116170206,0.116165331,0.116270016,0.116496761,0.116508063,0.116607941,0.116855267,0.116952222,0.11701352,0.116979697,0.116890125,0.117061924,0.11707145,0.117051751,0.116954285,0.117104846,0.117134459,0.116853538,0.116871727,0.117101759,0.117282988,0.116988624,0.11710186,0.117237029,0.117276887,0.117206307,0.117243032,0.117323588,0.117373535,0.117370412,0.117446599,0.117479607,0.117374739,0.117312681,0.117331469,0.117432849,0.117381902,0.117422565,0.117383319,0.11738748,0.117299054,0.11744478,0.117505555,0.117520072,0.117493742,0.117422289,0.117540377,0.117426386,0.117359933,0.11735616,0.117453348,0.117471447,0.117514476,0.117535237,0.117466614,0.11747263,0.117578173,0.117545937,0.117503135,0.117422065,0.11725525,0.117336784,0.117423702,0.117249126,0.117258751,0.117192902,0.117108782,0.117080045,0.117106469,0.116925938,0.116875034,0.116963504,0.116743832,0.116701312,0.116769438,0.116930515,0.116866027,0.116928291,0.116973644,0.11688949,0.117046827,0.117170692,0.117167567,0.117448535,0.117717794,0.117711249,0.117718919,0.117703865,0.117839951,0.118149854,0.118097875,0.118196412,0.118525774,0.118568535,0.118485941,0.118773751,0.118942925,0.118985041,0.118978504,0.1192778,0.119481457,0.119381221,0.119505575,0.119733286,0.119728114,0.119910613,0.120098047,0.1201317,0.1202192,0.120352255,0.120414965,0.120659452,0.12076618,0.120997296,0.121179821,0.121072502,0.121271106,0.121507489,0.121595837,0.121803105,0.121995941,0.12205436,0.12212673,0.122133328,0.122162062,0.122540588,0.122694954,0.122838012,0.122889174,0.122958462,0.123137193,0.123234369,0.123217349,0.12333314,0.123363626,0.123509802,0.123796382,0.123880944,0.1241958,0.124230788,0.124313796,0.124707395,0.124599462,0.124637413,0.124904123,0.124984158,0.125124176,0.125312312,0.125321223,0.125406969,0.125608667,0.125884941,0.126136745,0.126210626,0.126468488,0.126603136,0.12666586,0.126826015,0.126984859,0.127003014,0.127293951,0.127494459,0.127532735,0.127609085,0.127577201,0.127753767,0.128026722,0.128055434,0.128347782,0.128311016,0.128267327,0.128687893,0.128808043,0.128848307,0.128979923,0.128961999,0.129182257,0.129425059,0.129566324,0.12996251,0.129870153,0.129811724,0.130164043,0.130266124,0.130416823,0.130675929,0.130796949,0.131012799,0.131084786,0.131309887,0.131400358,0.131644966,0.131647562,0.13194411,0.131924684,0.13195093,0.132115691,0.132233991,0.132414924,0.132747262,0.13271461,0.132800132,0.132869117,0.132997919,0.133307104,0.133336093,0.133324592,0.133420022,0.133208959,0.13356845,0.13405748,0.133934153,0.13382013,0.133834543,0.134215777,0.134293649,0.134348676,0.134430056,0.134432637,0.134232031,0.134451091,0.134756855,0.134910969,0.134912945,0.134801191,0.134650126,0.135163947,0.135391102,0.135340498,0.135381543,0.134918523,0.135268496,0.13589241,0.13537684,0.135878529,0.135557227,0.135568543,0.135790924,0.135680698,0.135779093,0.135840727,0.135557443,0.136010407,0.135585547,0.135860873,0.135848927,0.135601647,0.135868138,0.135975567,0.136053641,0.136255936,0.136488347,0.135944977,0.135986104,0.136554708,0.135530206,0.135907811,0.135811077,0.135244955,0.136231705,0.136274145,0.136038811,0.136283369,0.136692258,0.136212832,0.136699935,0.136054043,0.136876019,0.136448142,0.13568716,0.13514831,0.136041244,0.136770933,0.136502387,0.136242411,0.136211373,0.136516655,0.136591573,0.137727513,0.136924136,0.13651396,0.136897584,0.136680808,0.136863167,0.136470551,0.137336804,0.136288261,0.136098404,0.136957078,0.136712045,0.137193021,0.137294557,0.137298087,0.136889911,0.136620299,0.137544311,0.136703501,0.136771434,0.136885163,0.137128339,0.136965669,0.137039335,0.136917034,0.136670466,0.136949629,0.137170218,0.137047163,0.137334897,0.136946881,0.137440204,0.137270692,0.137621175,0.137506671,0.137464687,0.137652083,0.13796048,0.137837573,0.138206052,0.13815413,0.137938373,0.138137696,0.138312332,0.137821499,0.137972838,0.138163211,0.138017343,0.137979262,0.138154852,0.138555943,0.138280471,0.138417386,0.138761528,0.138720716,0.138960344,0.138721784,0.138616955,0.138323454,0.138591114,0.138743062,0.139054896,0.138660026,0.138581303,0.138752249,0.138764316,0.139047808,0.139123602,0.139039014,0.139278191,0.139525963,0.139298337,0.139505435,0.13913375,0.139611664,0.13978534,0.13959536,0.139999543,0.139273792,0.139326384,0.139815922,0.139384445,0.139622027,0.139922597,0.139539852,0.139331463,0.139530261,0.140196635,0.140749751,0.140568833,0.14023186,0.140472374,0.140055701,0.14058555,0.140845955,0.140193079,0.140928304,0.14129332,0.141344444,0.142466877,0.141415209,0.141647303,0.142233203,0.140658324,0.141833294,0.142249606,0.14071594,0.141514356,0.140978097,0.141418524,0.142604076,0.141521227,0.14241769,0.14281596,0.142175869,0.142705043,0.141822683,0.14137959,0.142828528,0.14261446,0.143008022,0.14298908,0.142306596,0.142979202,0.143186054,0.142891446,0.143509401,0.142547291,0.142939714,0.143065804,0.143063893,0.142660174,0.142590512,0.142596931,0.142848008,0.143803855,0.143846639,0.143723309,0.143614028,0.142983225,0.142845128,0.143484238,0.143673193,0.143623007,0.143796617,0.144138368,0.144464748,0.144467217,0.144650252,0.144754776,0.144511608,0.144371733,0.144277059,0.144229021,0.144123163,0.144282424,0.144960733,0.145098686,0.14532152,0.14533068,0.14535269,0.145113372,0.144715109,0.14456006,0.144311488,0.14447203,0.14450541,0.144912918,0.14524689,0.145683033,0.145731481,0.145579986,0.145524491,0.145661163,0.145568066,0.145687399,0.146106635,0.145975356,0.145562563,0.145301017,0.145404985,0.145921108,0.146305694,0.146499846,0.146416114,0.14644295,0.146490694,0.146427815,0.146451705,0.146831625,0.147139571,0.146973064,0.147464636,0.147876073,0.147645868,0.14749334,0.147313258,0.147007159,0.147101276,0.147163253,0.147172151,0.147155308,0.147122352,0.146743982,0.146575098,0.1468964,0.14719573,0.147586058,0.147734321,0.147883252,0.147746381,0.147671153,0.148024087,0.148178234,0.148190767,0.148090767,0.147996711,0.148064566,0.148408331,0.148630865,0.148931575,0.149132341,0.14919406,0.149096634,0.149048461,0.149230253,0.149309061,0.149414939,0.149610018,0.149646181,0.14951408,0.14953889,0.149637531,0.149739418,0.149793361,0.149973597,0.149941614,0.149630923,0.149546689,0.149541297,0.149529133,0.149818233,0.149819465,0.149976234,0.150231587,0.150284906,0.150182895,0.149995705,0.150017512,0.150047363,0.150087986,0.150327317,0.150687547,0.150659977,0.150539992,0.15071515,0.150678336,0.150513989,0.150489802,0.150567645,0.150229359,0.150167368,0.150237545,0.150264705,0.15046617,0.150485976,0.150675463,0.150785108,0.150642051,0.150544022,0.150456203,0.15037325,0.150077284,0.149976112,0.149791314,0.1495618,0.149463914,0.14940196,0.149377653,0.149331647,0.149252196,0.14937302,0.149156879,0.149003349,0.149039993,0.149208254,0.14939381,0.14966318,0.1497676,0.150026732,0.15001973,0.149899144,0.149759656,0.149602241,0.149580103,0.149592854,0.149685062,0.149805307,0.150037054,0.150306466,0.150524497,0.150555157,0.150351224,0.150508188,0.150475134,0.150505931,0.150935518,0.151220374,0.151425422,0.151727075,0.151847432,0.151787157,0.151623419,0.151395784,0.151579353,0.151781188,0.151963023,0.152155067,0.152133051,0.152107372,0.152184779,0.152050006,0.152082999,0.152148144,0.152173498,0.152319575,0.152517739,0.152856639,0.153049917,0.153208409,0.153466103,0.153729953,0.153840082,0.153859083,0.15411889,0.154293554,0.154284634,0.154295778,0.154422571,0.154402491,0.154233241,0.154539112,0.155084123,0.155293152,0.155485801,0.155699969,0.155533566,0.155624987,0.155916612,0.156133222,0.155974718,0.155959498,0.15598097,0.156136225,0.156200567,0.156379292,0.156439478,0.156377603,0.156612235,0.157304826,0.157477735,0.157611386,0.157683622,0.157621412,0.157602306,0.157655436,0.157692184,0.157621067,0.157579076,0.157793753,0.158184911,0.158327897,0.158337454,0.158511171,0.158745198,0.158872244,0.159207312,0.159341837,0.159033517,0.15916883,0.159569696,0.159685194,0.159931428,0.160156941,0.160011198,0.160029736,0.16028051,0.160400891,0.160509921,0.160682509,0.161013271,0.161389667,0.161535357,0.161869741,0.162066892,0.162018981,0.1620169,0.161911505,0.161949361,0.161892629,0.162017045,0.16244243,0.16275768,0.163111185,0.163291857,0.163275027,0.163370178,0.163496946,0.163506603,0.163552533,0.163678569,0.163696356,0.163689776,0.163822626,0.164074105,0.164201135,0.164241109,0.16444048,0.164662623,0.164781678,0.164947901,0.165144489,0.165337934,0.165352912,0.165332334,0.165350358,0.165083033,0.165126092,0.16532843,0.165391154,0.16577791,0.165915497,0.165785826,0.165765841,0.165808703,0.165816576,0.165796002,0.165824221,0.165807835,0.165566187,0.165637851,0.165895951,0.165948704,0.165921714,0.165876177,0.165704175,0.165579258,0.165574063,0.16550328,0.165419266,0.165294569,0.165073714,0.164957255,0.16499316,0.16487917,0.164713323,0.164574977,0.164506749,0.164385134,0.164328151,0.164283214,0.164105727,0.163724316,0.163468308,0.163220528,0.163037678,0.162950453,0.16278492,0.162649872,0.16252787,0.162344597,0.162136257,0.161904826,0.161779756,0.161789513,0.1617578,0.161956799,0.161775102,0.161300897,0.161021825,0.160774671,0.160564725,0.160394061,0.160189458,0.159881008,0.159755296,0.159478378,0.15921651,0.159207141,0.159225642,0.159007521,0.158912055,0.158763819,0.158393159,0.158085906,0.157874143,0.157526835,0.157064338,0.156666955,0.15628143,0.155929941,0.155583526,0.155075794,0.154449288,0.153847709,0.153299015,0.15263498,0.151979545,0.151120011,0.150173082,0.149179079,0.148068826,0.146856281,0.145540383,0.144108091,0.14275182,0.141335396,0.139869605,0.138454556,0.13695478,0.135323721,0.133669873,0.13193623,0.130160717,0.128367602,0.126776019,0.125284657,0.12355929,0.121856064,0.120254203,0.118491132,0.117048478,0.115796773,0.114476004,0.113017359,0.111721843,0.110274371,0.109085777,0.108097695,0.10701991,0.106074513,0.105128753,0.104102688,0.103328028,0.102594927,0.101979705,0.101357946,0.10064551,0.100060716,0.099471863,0.098979823,0.098659347,0.098246158,0.09783306,0.097429712,0.097068104,0.096654093,0.096147506,0.095837423,0.095575719,0.095286083,0.095144448,0.094915698,0.094661454,0.094411683,0.094127744,0.09388483,0.093617423,0.093452206,0.09352656,0.093453055,0.093417016,0.093419428,0.093248343,0.09314268,0.09329547,0.093296414,0.093302514,0.09348745,0.093540014,0.09344978,0.09359685,0.093550536,0.093726812,0.09396953,0.09414501,0.094242631,0.094455046,0.094640423,0.094875605,0.095096662,0.095272451,0.095438781,0.095668748,0.095849919,0.096190368,0.096641364,0.096940657,0.097227805,0.097596052,0.098065469,0.098499187,0.099111012,0.099645956,0.10011306,0.100559466,0.100937988,0.101377696,0.101806933,0.102326873,0.102796077,0.103300237,0.103897708,0.104242676,0.104674398,0.105091198,0.10543951,0.105951911,0.106673231,0.107357617,0.107994252,0.108466876,0.109122226,0.109626677,0.110281171,0.110821029,0.111482874,0.112057748,0.112726969,0.113365605,0.114163957,0.11492474,0.11557636,0.116115485,0.116728506,0.117112355,0.117710675,0.11822461,0.118949427,0.11973271,0.120399702,0.121048314,0.121751794,0.122383417,0.122946564,0.123314303,0.123773409,0.124311086,0.125001251,0.125693435,0.126344027,0.12674495,0.127477606,0.1281926,0.128685215,0.129313103,0.129930366,0.130396721,0.130902276,0.131478791,0.131987791,0.132476786,0.133070234,0.133498002,0.134068217,0.134607411,0.135018463,0.135548424,0.136003302,0.136666491,0.137070804,0.137818505,0.138394069,0.138971285,0.139476377,0.13962236,0.140030779,0.140554673,0.141001963,0.14181455,0.142306371,0.142672886,0.143015669,0.143583634,0.144138426,0.144766658,0.145430885,0.145824012,0.146228634,0.146705457,0.147184319,0.147703872,0.148215962,0.148479394,0.14862774,0.149020535,0.149402986,0.149698916,0.150214091,0.15059428,0.150942036,0.151273334,0.151832009,0.152163118,0.152425714,0.152752111,0.152951775,0.153248432,0.153538416,0.153993703,0.154358241,0.154805451,0.155335505,0.15573438,0.1558703,0.156195709,0.156344154,0.15667364,0.157264892,0.157678712,0.158000091,0.158259217,0.15845292,0.158808471,0.159046354,0.159281751,0.159370276,0.159685358,0.159944691,0.16014738,0.160390134,0.160457489,0.160529503,0.160765586,0.161058644,0.161362107,0.161824169,0.161930116,0.16211563,0.16247255,0.162832809,0.162924942,0.162947458,0.163262273,0.163544235,0.163699744,0.164148096,0.164320181,0.164097638,0.164216491,0.164563881,0.164589882,0.164649701,0.164928684,0.164988875,0.165345393,0.165914561,0.166268751,0.166457374,0.166699272,0.166667684,0.166822642,0.167247541,0.167554239,0.167596826,0.167661502,0.167413669,0.167627232,0.167998495,0.168129059,0.168447082,0.168804914,0.169187724,0.169257307,0.169442305,0.169736989,0.169786141,0.17002712,0.170386246,0.17043527,0.17052683,0.170635587,0.170596097,0.170583866,0.170483892,0.170722034,0.171050193,0.171332481,0.171728767,0.171832271,0.171772895,0.171962668,0.172086831,0.172183157,0.17253926,0.172776059,0.172652163,0.172641673,0.172582372,0.172588874,0.172873542,0.17289658,0.172910718,0.173075908,0.173314765,0.173499642,0.173681494,0.173883332,0.174086027,0.17414855,0.174132795,0.173880074,0.173809299,0.173860848,0.173930114,0.173794751,0.173803432,0.173773357,0.173867943,0.17419818,0.174122911,0.174127062,0.174180666,0.174067897,0.174087294,0.173828082,0.173599728,0.17354728,0.173606973,0.173772861,0.173835948,0.173803285,0.173859908,0.173588851,0.173312584,0.173078669,0.172397126,0.17217811,0.172286184,0.172585146,0.172790818,0.172170983,0.171937526,0.172191289,0.172297558,0.172211197,0.172172992,0.171546571,0.171183412,0.170950338,0.170928764,0.170424272,0.170444196,0.170869141,0.17049858,0.170087015,0.170006697,0.169493071,0.169254891,0.169325404,0.169093885,0.168253757,0.168047158,0.167909739,0.167640063,0.167279766,0.167096877,0.166663426,0.166206077,0.165700529,0.165181403,0.164842689,0.164593426,0.164354435,0.164346745,0.164254601,0.164226391,0.164160765,0.163588204,0.162823292,0.162510754,0.162506187,0.162505625,0.162251375,0.162219261,0.16186488,0.161226104,0.160625682,0.16037569,0.160181008,0.160316581,0.160475428,0.160208829,0.159620645,0.159391045,0.159089786,0.158381662,0.158182247,0.158187764,0.157855814,0.157738608,0.157595916,0.157035099,0.15663454,0.156951853,0.156666015,0.15598715,0.1555712,0.155358535,0.155195582,0.15542606,0.155515908,0.155523508,0.15538504,0.155037679,0.155019184,0.155201327,0.154821333,0.154970805,0.154894174,0.154709119,0.154637139,0.154482031,0.154432302,0.154416084,0.154304501,0.154394455,0.154547174,0.154615748,0.154460214,0.154403627,0.154578069,0.154435614,0.154738928,0.154669481,0.153669313,0.153466329,0.153212293,0.153005587,0.15325002,0.153796231,0.154519368,0.155265981,0.155654095,0.155729355,0.155829197,0.155845136,0.155433925,0.155359326,0.15534265,0.154878772,0.154646706,0.154650876,0.154635828,0.154335072,0.153649221,0.153104102,0.152726221,0.152984104,0.152650173,0.152736028,0.152455778,0.152648616,0.152729605,0.153004916,0.153191731,0.153470841,0.152928481,0.152107357,0.152326656,0.151792616,0.152097105,0.151889888,0.151626973,0.151403961,0.150186459,0.149485412,0.14779904,0.147129177,0.147382159,0.146566835,0.146071116,0.146320678,0.145222711,0.143724899,0.14315352,0.141785805,0.139649519,0.137940777,0.136743621,0.135976089,0.135040128,0.133987886,0.133013654,0.13151286,0.129757832,0.127838015,0.125077501,0.123384563,0.12112259,0.118667601,0.116523628,0.114637508,0.112194677,0.10973286,0.107834803,0.104833454,0.102446714,0.100112632,0.097387647,0.095046303,0.092694028,0.090342703,0.08755078,0.085254584,0.082990235,0.080291823,0.077453457,0.075359477,0.073192271,0.070837883,0.069444121,0.068052326,0.06632596,0.064979292,0.06370818,0.062223643,0.06104366,0.059717601,0.058375805,0.057412867,0.056099422,0.05498404,0.054161685,0.052807551,0.052007298,0.051416059,0.050859134,0.050227376,0.049902851,0.049289434,0.048372707,0.047516042,0.046619344,0.046494327,0.046357666,0.046286472,0.046631916,0.046748301,0.046679898,0.046585898,0.046471267,0.045844595,0.045344202,0.045025905,0.044845294,0.044735997,0.044539117,0.044049851,0.043635832,0.04369594,0.043579879,0.043345545,0.04337061,0.043389068,0.043315044,0.043320976,0.043034996,0.042702014,0.042211065,0.042171995,0.04266708,0.042903171,0.043005948,0.043049382,0.04265538,0.04245718,0.042814619,0.043313181,0.044301521,0.044757167,0.044824114,0.045365947,0.045453998,0.045538161,0.045681945,0.045724454,0.045814049,0.045818524,0.04627027,0.046886527,0.047338959,0.047792642,0.048117169,0.048239764,0.048612248,0.049042868,0.049731437,0.049993635,0.050166559,0.050351607,0.050281311,0.049964038,0.05001679,0.05067571,0.050811585,0.051141945,0.051395675,0.050964936,0.051034186,0.051482761,0.051688037,0.051771931,0.052198492,0.052878139,0.053612583,0.054277811,0.054942705,0.055170043,0.055807325,0.056762804,0.057553962,0.058301255,0.058946771,0.059625373,0.060277709,0.060780796,0.06125027,0.061388297,0.061248332,0.06146585,0.061408902,0.0616394,0.062231165,0.062951075,0.063516922,0.064754765,0.065351737,0.065475071,0.065779147,0.06581554,0.065863349,0.065999346,0.066784065,0.067916018,0.068709686,0.069189935,0.069599715,0.069786887,0.069612824,0.069976599,0.070722404,0.071273877,0.071796948,0.072159476,0.072543931,0.072977686,0.073481942,0.074140464,0.074625925,0.074583958,0.074914599,0.075080298,0.07561006,0.076596022,0.077008879,0.077444841,0.078145559,0.078889837,0.079420084,0.080068928,0.080689633,0.080959395,0.080814239,0.081182704,0.08163198,0.081971575,0.081832409,0.082507941,0.083358988,0.083665679,0.08417039,0.084401728,0.084458456,0.084599137,0.085177296,0.085371781,0.084923477,0.085121238,0.085496474,0.086094545,0.086549271,0.086988868,0.087106356,0.086728407,0.086839121,0.088098901,0.088565583,0.089676779,0.090621119,0.091774953,0.092589457,0.093006237,0.092877474,0.093021659,0.093171947,0.093496524,0.093529705,0.093173678,0.092681538,0.092918114,0.093217087,0.094067033,0.09563836,0.096341553,0.097193886,0.098239731,0.098507707,0.097993657,0.098817005,0.099260714,0.099413648,0.100183264,0.10047364,0.099950449,0.100626725,0.101900847,0.102187555,0.10350973,0.104453043,0.104549048,0.104816578,0.105206794,0.104983356,0.104890151,0.105213627,0.105099021,0.104889378,0.105124937,0.104901957,0.104609611,0.105007233,0.105218204,0.105520777,0.105832224,0.106938598,0.107539877,0.108270685,0.108684966,0.108914872,0.109232573,0.109436994,0.109309045,0.109966725,0.11054338,0.11038015,0.110526806,0.110100708,0.11046205,0.111092072,0.11048567,0.11153939,0.111011166,0.110486751,0.110941626,0.111299011,0.111882164,0.112582931,0.112374,0.112767546,0.113330986,0.113732565,0.114732923,0.114059174,0.113020303,0.113103418,0.11406233,0.114815,0.115505525,0.115256459,0.114931882,0.114899001,0.11527369,0.116163043,0.117015076,0.116619139,0.117608692,0.117068742,0.117681694,0.115662768,0.117161454,0.117381994,0.118168978,0.117544596,0.119247758,0.118458994,0.117670616,0.118239959,0.118748266,0.11848803,0.118841018,0.118233412,0.116696982,0.117536994,0.117861997,0.117827251,0.118039513,0.118193442,0.117576261,0.117816704,0.118039728,0.11758944,0.118305119,0.119183378,0.120809258,0.120486656,0.12121079,0.121364612,0.121456514,0.120285406,0.12091762,0.119837208,0.120539141,0.121209366,0.12044533,0.121165725,0.120563471,0.11834661,0.11810853,0.118931969,0.119007097,0.119405652,0.119366842,0.119346988,0.119758709,0.118679948,0.117486629,0.117352707,0.118273511,0.118373556,0.118727544,0.11896359,0.118831226,0.118048296,0.118988494,0.118003009,0.117436362,0.118104288,0.11619493,0.116315489,0.116177768,0.117651462,0.118411414,0.119092453,0.120646822,0.120820627,0.120614704,0.119916323,0.120386635,0.120628577,0.12108476,0.121966753,0.121151424,0.122311147,0.123263565,0.124012992,0.123737636,0.122177328,0.121142898,0.120423654,0.121182634,0.120720502,0.119395154,0.118470422,0.119267412,0.119232836,0.120467778,0.122004844,0.121081778,0.118585574,0.117179931,0.114960636,0.114633583,0.115365756,0.116014034,0.118320149,0.120354315,0.121237848,0.121988793,0.122327577,0.12099321,0.121532545,0.121597934,0.120523317,0.118409436,0.119377457,0.119465794,0.118831873,0.120182655,0.120611144,0.119471101,0.118663768,0.116598064,0.115662583,0.114008411,0.114016297,0.11450315,0.114282102,0.115279444,0.116115248,0.116479039,0.117006346,0.117524846,0.116201051,0.114146455,0.113919151,0.113899947,0.112770238,0.112037017,0.112545577,0.112519158,0.112907063,0.113502946,0.113893562,0.115510152,0.11608148,0.11497481,0.114689028,0.113575611,0.112989738,0.112949708,0.112732222,0.110940949,0.110899871,0.111989842,0.112301945,0.112299315,0.112050235,0.110937969,0.11041749,0.110969497,0.110886961,0.111130047,0.110664784,0.109867683,0.110384477,0.108719117,0.108241385,0.106523666,0.105222465,0.10635485,0.106228574,0.107766046,0.106309774,0.102995284,0.101646223,0.100328437,0.101079925,0.103315281,0.103840993,0.102980824,0.101962153,0.101419877,0.100665935,0.10031173,0.100993831,0.101054605,0.100342755,0.098619158,0.095719288,0.096035017,0.098075441,0.099134681,0.100670495,0.099445926,0.095865182,0.093218558,0.0928368,0.095152401,0.096298932,0.097532974,0.096536715,0.095646453,0.094124068,0.09282251,0.094010658,0.094348161,0.094168287,0.09396259,0.092262906,0.09125823,0.091038132,0.090534368,0.090390052,0.091434009,0.093232862,0.092111063,0.0886802,0.088157976,0.087272182,0.086633591,0.091272982,0.092436229,0.090968317,0.090636918,0.090709184,0.089853603,0.087539309,0.086278074,0.083949506,0.084528778,0.088010744,0.08829115,0.088820987,0.089641265,0.089495304,0.089636264,0.090318869,0.090697695,0.088884078,0.089109045,0.089244337,0.090281855,0.093213314,0.092666097,0.08982521,0.088327865,0.087076767,0.082912769,0.078233899,0.07273788,0.071395843,0.072149842,0.074725491,0.07774016,0.079293299,0.085877639,0.087868306,0.089399101,0.090713408,0.090297489,0.089254481,0.085473607,0.086013355,0.083161372,0.078784873,0.081278431,0.080768934,0.077594653,0.079950367,0.083508932,0.083314318,0.08280511,0.086972823,0.081795724,0.077795812,0.076811854,0.072175111,0.071658944,0.070653821,0.067656433,0.065489334,0.06441003,0.061910105,0.057679934,0.066219081,0.078832727,0.083416393,0.09279829,0.096001474,0.086093274,0.080429328,0.077103397,0.072200612,0.067350389,0.066029858,0.066427552,0.06018508,0.055180597,0.05472059,0.057502203,0.059228202,0.057948847,0.049320116,0.042572811,0.040526743,0.04863638,0.070855114,0.08220412,0.084419079,0.090481744,0.06906073,0.055615159,0.061785982,0.057701025,0.070694448,0.083069165,0.09443566,0.10009888,0.111159034,0.104762678,0.083262735,0.074327177,0.064951272,0.063369829,0.07329865,0.077591011,0.079162841,0.083795514,0.075759336,0.066051533,0.064165307,0.052501783,0.048214686,0.057475642,0.072577995,0.075172108,0.08092965,0.090544371,0.085760102,0.101927847,0.114476391,0.104202854,0.108967205,0.098589058,0.095158834,0.105660174,0.094749864,0.090008908
/data/asd/1/1549991278-00.asd,sp2_run8,108,20,108,0,20.0349,0,0.048819048,0.051474035,0.048341404,0.054794356,0.062252399,0.062210573,0.060712651,0.057617005,0.056828762,0.060214931,0.050837698,0.048825612,0.057398074,0.054581164,0.054372506,0.056182084,0.0564723,0.057034443,0.055390126,0.05590156,0.058933945,0.055027405,0.054516264,0.056081001,0.0578171,0.055922243,0.055267187,0.055574193,0.056253579,0.057471488,0.056391748,0.056177579,0.057908072,0.05868835,0.058588401,0.059027322,0.058334845,0.059213098,0.062466039,0.060553538,0.059264181,0.059811021,0.061440241,0.060420968,0.06043086,0.061393217,0.059925474,0.061377886,0.062468026,0.061129583,0.061272224,0.061515898,0.061945521,0.062168099,0.062798369,0.063966446,0.064356204,0.063755152,0.065683886,0.065557765,0.063801974,0.06595902,0.06740159,0.067280059,0.066474879,0.06661332,0.066723839,0.067500331,0.066916587,0.067301571,0.067775078,0.0685554,0.068624245,0.070296131,0.070414769,0.068925316,0.070094116,0.070050125,0.070411293,0.071996799,0.071516291,0.071237584,0.072249586,0.073646698,0.073007903,0.072945617,0.074781677,0.074926628,0.074475828,0.074619349,0.076119384,0.075988877,0.075850781,0.076132583,0.07684529,0.077385254,0.077903922,0.078006717,0.07791133,0.078189076,0.078572125,0.078811577,0.07916365,0.07954121,0.07999611,0.079952638,0.080661313,0.080942531,0.080403439,0.081028568,0.081613777,0.08165867,0.081658273,0.082009958,0.082446336,0.082702256,0.082602279,0.083258193,0.083486859,0.083476462,0.083689994,0.084123211,0.08449547,0.084656489,0.084698734,0.08499728,0.085396592,0.085162485,0.086039143,0.086375432,0.086296536,0.08647983,0.087063964,0.087296546,0.086935566,0.087587329,0.08801917,0.088329517,0.088991457,0.088964403,0.089296498,0.090203046,0.089920947,0.090257451,0.090508539,0.090601242,0.091613868,0.091830655,0.09183293,0.092122156,0.092646022,0.092912672,0.093214715,0.093845947,0.093984878,0.094298592,0.094828635,0.095089013,0.095449506,0.095793915,0.0962051,0.096636132,0.096875681,0.09730655,0.097825083,0.097839493,0.097967751,0.098663459,0.098796415,0.099390137,0.099684202,0.09981899,0.100139977,0.10046995,0.101032283,0.10148166,0.101614485,0.101835406,0.10231193,0.102912468,0.103113342,0.103382696,0.103471763,0.103815707,0.104319738,0.104339578,0.104828094,0.10540643,0.105651963,0.106220604,0.106039079,0.106379913,0.106885707,0.107157027,0.107513286,0.107880276,0.1080785,0.108376112,0.10860274,0.108782641,0.109243687,0.109619079,0.109882711,0.110348516,0.110418068,0.110827997,0.111164771,0.111489959,0.111783863,0.112037384,0.112294718,0.112454794,0.112982492,0.113313269,0.113176887,0.113372896,0.11360077,0.113900727,0.113949138,0.114406329,0.114631865,0.1144797,0.114668197,0.114956117,0.115077925,0.115350308,0.115464476,0.115444312,0.115384159,0.115419266,0.115609121,0.115733085,0.115601478,0.115614067,0.115716276,0.115905345,0.11585582,0.115819756,0.115860085,0.115966909,0.116173605,0.116214318,0.116330164,0.116478872,0.116485641,0.116525965,0.116745523,0.116856757,0.116803717,0.116870601,0.116958359,0.117068703,0.117043167,0.116932666,0.1170934,0.11720769,0.117298555,0.117383442,0.117035029,0.117256116,0.117359458,0.117128522,0.117242349,0.117305136,0.117384298,0.117370647,0.117348767,0.117477836,0.117572152,0.117432343,0.117493372,0.117492465,0.117482764,0.117695099,0.117788062,0.117668224,0.117540626,0.117443207,0.117509834,0.117685713,0.117622051,0.117618193,0.117637198,0.117814343,0.117797842,0.117788565,0.117769203,0.117832506,0.117704588,0.117646295,0.117961347,0.117778746,0.117786298,0.117914561,0.117870178,0.117965146,0.117933972,0.117850251,0.117794948,0.117851536,0.118015438,0.117959197,0.117797223,0.117687221,0.11765098,0.117765978,0.117734401,0.117505603,0.117480373,0.117485285,0.117470306,0.117543825,0.117636401,0.117356774,0.117199149,0.1172068,0.117167447,0.117058627,0.117034671,0.117257846,0.117257281,0.117309036,0.117376887,0.117349347,0.117385028,0.117514421,0.117588192,0.117796786,0.118121464,0.118134237,0.118142927,0.118165678,0.118262238,0.118566311,0.118695381,0.118748375,0.118999171,0.119001419,0.119028071,0.119237912,0.1193099,0.119397094,0.119365476,0.119655248,0.119901989,0.119820129,0.11984075,0.120153252,0.120227158,0.120332797,0.120535101,0.120604017,0.120615258,0.120790894,0.120863872,0.121087446,0.121144261,0.121372716,0.121501908,0.121415225,0.121678469,0.12193152,0.121963156,0.122129864,0.122171899,0.122259551,0.122444508,0.122414173,0.122607365,0.122948872,0.123018073,0.123229942,0.123327402,0.123325808,0.123405139,0.123526482,0.123601185,0.123754871,0.123848282,0.123951885,0.124200566,0.12424085,0.12435593,0.124629394,0.124850842,0.125089416,0.124994157,0.125092271,0.125331007,0.125276094,0.125497795,0.125690145,0.125663117,0.125868882,0.126058663,0.126251599,0.126542475,0.126589824,0.126873233,0.12702994,0.127002761,0.127116507,0.127348782,0.127435505,0.127645009,0.127802268,0.127837802,0.127930665,0.128050265,0.128187892,0.128356373,0.128344383,0.12870522,0.1286059,0.128539297,0.129030785,0.129164545,0.129174975,0.129338776,0.129509322,0.129750925,0.129891575,0.129922941,0.130227326,0.130267048,0.130269528,0.130567933,0.130742348,0.130936145,0.131140838,0.131309508,0.131429979,0.131493041,0.131856286,0.131992963,0.13220268,0.132077825,0.132277279,0.132254095,0.132304433,0.132559512,0.132779854,0.132886482,0.133260703,0.133271276,0.133318177,0.133327423,0.133416107,0.133702921,0.133660516,0.133634573,0.133846185,0.133767821,0.134003844,0.134402538,0.13424816,0.134232516,0.134241354,0.134562218,0.13464142,0.134658426,0.134779648,0.134891908,0.134719411,0.134949264,0.135169838,0.135264934,0.135273681,0.135182121,0.135090833,0.135658313,0.13578255,0.135896221,0.135976038,0.135382656,0.135641934,0.136243053,0.13581174,0.136320374,0.135960568,0.136020324,0.136377348,0.136183037,0.136261501,0.136286187,0.136076504,0.136631871,0.136172021,0.136465725,0.136472903,0.136050222,0.136375357,0.136431688,0.136255051,0.136631026,0.136929299,0.136458373,0.136600758,0.137093981,0.136049264,0.136437961,0.136527396,0.13587799,0.136695962,0.136667994,0.136499177,0.136905844,0.137421902,0.136805837,0.137109546,0.136441527,0.137333935,0.137047408,0.136201848,0.135587533,0.136530672,0.137554204,0.137061699,0.136737788,0.13683703,0.136918136,0.137069139,0.138342737,0.137679378,0.137153902,0.13737232,0.137079628,0.137340924,0.13691851,0.137750961,0.13676739,0.136569156,0.137524629,0.137527345,0.138071879,0.137838777,0.137573878,0.137354852,0.137409398,0.138175638,0.137290478,0.137376585,0.137330952,0.137405088,0.137396153,0.137482504,0.137333638,0.137403254,0.13740941,0.137457988,0.137657193,0.137749453,0.13738512,0.138002325,0.137879031,0.138232508,0.138218222,0.137957617,0.137485735,0.138166225,0.138196172,0.138422622,0.138254349,0.138470439,0.138526356,0.13844264,0.138703679,0.138515576,0.138467306,0.138797916,0.138689302,0.138664985,0.138977619,0.138962083,0.138921118,0.139318939,0.138961557,0.138750317,0.138982941,0.138937877,0.138882898,0.13936193,0.13903126,0.139234612,0.139166368,0.139541941,0.139322377,0.139310519,0.13974895,0.139782061,0.139329889,0.139772907,0.140062549,0.139539897,0.139590024,0.13926809,0.140076825,0.140163757,0.139811266,0.140399082,0.140235622,0.139741018,0.140648726,0.140302935,0.139768443,0.140501683,0.140260806,0.140283761,0.140396475,0.140047078,0.140377138,0.140291403,0.14018942,0.140675646,0.140620991,0.141255963,0.141044391,0.140803856,0.14160077,0.141646027,0.141468947,0.141872371,0.141734433,0.142095647,0.142003231,0.141733895,0.142610413,0.142106936,0.140732581,0.14222129,0.141701363,0.141492676,0.142568609,0.141428279,0.142155577,0.142416611,0.142240114,0.143952385,0.142637322,0.141678073,0.142810334,0.142168231,0.142477637,0.143093441,0.142319045,0.142579525,0.142234447,0.141549456,0.143242889,0.143447203,0.144228076,0.143750321,0.144325503,0.144580214,0.144674324,0.144517071,0.144579883,0.144547228,0.144756602,0.145207082,0.145510343,0.145612364,0.145871764,0.145891522,0.146225769,0.147239146,0.147627005,0.147633655,0.147694565,0.147750425,0.147321001,0.147328188,0.148092677,0.147926543,0.147168597,0.147024367,0.147190968,0.147106318,0.147284927,0.147407408,0.147412817,0.14740954,0.147816678,0.148310088,0.148393771,0.148231786,0.148283842,0.148355603,0.14815565,0.147974769,0.148295304,0.14871629,0.148955852,0.149540909,0.14973722,0.149626167,0.14958918,0.149809943,0.14962078,0.150033197,0.150445521,0.150212139,0.150248154,0.150001835,0.14985234,0.149831048,0.150114295,0.150177891,0.150306675,0.150088474,0.14952772,0.149631264,0.149374741,0.149560976,0.150385597,0.150408305,0.150338012,0.150873075,0.150734982,0.150489991,0.1506826,0.150655176,0.150674785,0.151016729,0.15109469,0.1509877,0.150928347,0.150825702,0.15073994,0.150841741,0.150839111,0.150906338,0.151067255,0.151384522,0.151597282,0.151740638,0.151846407,0.151968497,0.152208293,0.152139046,0.151894104,0.152036548,0.152173625,0.152172151,0.152299174,0.152225278,0.152084995,0.152222496,0.152431501,0.152839716,0.153230393,0.153135494,0.152972407,0.152839997,0.152574643,0.152268374,0.15230542,0.152469147,0.152895113,0.153013917,0.153072178,0.15320816,0.153008425,0.153169169,0.153491989,0.153552877,0.153814772,0.153890083,0.153634152,0.153756538,0.15376462,0.153550435,0.153542498,0.153818479,0.15386323,0.153808713,0.154011693,0.154217532,0.154096816,0.154132277,0.154216466,0.154195305,0.154073864,0.154149167,0.154301769,0.154418861,0.154581319,0.154541239,0.154544676,0.154480101,0.15411005,0.153937265,0.153924521,0.153948785,0.153795986,0.153747812,0.153512849,0.153145806,0.15306855,0.153275425,0.153217201,0.15332213,0.153546044,0.153343284,0.153235035,0.153179946,0.15321127,0.153332513,0.153384988,0.15334901,0.153318391,0.153482384,0.153574351,0.153546321,0.153392844,0.153255041,0.153066445,0.153267605,0.153585207,0.153704353,0.153917777,0.153869546,0.153888437,0.153820648,0.153541104,0.153634356,0.153847684,0.153842414,0.15415388,0.154373843,0.154490893,0.154578569,0.154755063,0.154785828,0.154776063,0.154623998,0.154706329,0.15477002,0.154825432,0.155090089,0.155127729,0.155435264,0.155637754,0.155442467,0.155599322,0.155959634,0.15597933,0.156048375,0.156179485,0.156317524,0.156541208,0.156943939,0.157378154,0.15752853,0.157639867,0.157819878,0.157950252,0.158073923,0.158121451,0.158219536,0.158388225,0.158484714,0.158676892,0.158886784,0.158928513,0.159040025,0.158985259,0.159164032,0.15941446,0.159530268,0.159427096,0.159568915,0.159666451,0.159687999,0.159799036,0.160086531,0.160072486,0.160103288,0.160183431,0.160386668,0.160612805,0.161053945,0.161217555,0.16135933,0.161481105,0.161527347,0.161675367,0.16207006,0.162242592,0.162204736,0.1622992,0.162349314,0.16239299,0.162762819,0.163135119,0.163282965,0.163325008,0.16343847,0.16337411,0.163497334,0.163785968,0.163879495,0.163834558,0.163994193,0.16440425,0.164649135,0.164845581,0.164963934,0.164877403,0.164988568,0.16556155,0.16575413,0.165896978,0.166067363,0.165918961,0.166070012,0.166237709,0.16650421,0.166636117,0.166641483,0.166785118,0.167034838,0.167181856,0.1674854,0.167688594,0.167744839,0.167785122,0.16771596,0.167697576,0.167603179,0.167579158,0.167781596,0.167983623,0.168141746,0.168427561,0.168451968,0.168453356,0.16854413,0.168627931,0.168818383,0.169076635,0.169184649,0.169217377,0.169271969,0.16917322,0.169098165,0.168948443,0.169035493,0.169373176,0.169456484,0.169444521,0.169417196,0.169317745,0.169343415,0.169698278,0.169769775,0.169633038,0.169530063,0.169560017,0.169502263,0.169525826,0.169793115,0.169727949,0.16943602,0.16942995,0.169345998,0.169340904,0.169607702,0.169570322,0.169370178,0.169289334,0.169124118,0.169037765,0.168996373,0.168868516,0.168752138,0.168603766,0.168375907,0.168252083,0.168265743,0.168206401,0.168034693,0.168085819,0.168017763,0.16788803,0.167739771,0.167642656,0.16752082,0.16726218,0.167134066,0.167108336,0.166979164,0.166790432,0.166621524,0.166359001,0.166135988,0.166071413,0.165923286,0.165649141,0.165374534,0.165110064,0.164926837,0.164954877,0.164891495,0.164710648,0.164584294,0.164319079,0.164274422,0.164074618,0.16394495,0.163896629,0.163713136,0.163540615,0.163535094,0.163406063,0.163274701,0.16295581,0.162413462,0.16202889,0.16172793,0.161269108,0.16084161,0.160456887,0.159940038,0.159426416,0.159100106,0.158478897,0.157657401,0.156889538,0.15614949,0.155161654,0.154226943,0.153170817,0.151745326,0.150462282,0.149189185,0.147982982,0.146575046,0.145189315,0.143628286,0.141757406,0.1401674,0.138548306,0.136992079,0.135544615,0.133865846,0.132157467,0.130547927,0.128900116,0.127104099,0.125317916,0.12366896,0.121971592,0.120459043,0.119174209,0.11775838,0.116036653,0.114644583,0.113275827,0.112060079,0.111159409,0.110051542,0.108920939,0.107899928,0.106749088,0.105947556,0.105232044,0.104739634,0.104136142,0.103491244,0.102877512,0.102173228,0.101652614,0.101332573,0.100846294,0.100279284,0.099847969,0.099366045,0.099014301,0.098843845,0.098506008,0.097953638,0.097592241,0.09719677,0.096919151,0.096969891,0.096802594,0.096479136,0.096230155,0.096000057,0.095785648,0.095699659,0.09557779,0.095426752,0.095383012,0.095329154,0.095260051,0.095416142,0.095411304,0.095375435,0.095493176,0.095626435,0.095780037,0.096008725,0.096157246,0.096350642,0.096376663,0.096631663,0.096965976,0.097216557,0.097407415,0.097702677,0.097747221,0.097981382,0.098465375,0.098754176,0.098955815,0.099336538,0.099686309,0.100044527,0.10059579,0.10093982,0.101262383,0.101632468,0.10192852,0.102401256,0.10312231,0.103609007,0.103963365,0.104443148,0.104902403,0.105505894,0.10629986,0.106885769,0.107257268,0.107680814,0.108475785,0.10899464,0.109678185,0.11025292,0.11038319,0.110906477,0.111668589,0.112197071,0.112938066,0.113784797,0.114484967,0.1148973,0.115583632,0.116233785,0.116886542,0.117476979,0.118198366,0.118674324,0.119454499,0.120351436,0.121115309,0.121840607,0.12254939,0.122867316,0.12357852,0.124438488,0.125048605,0.125509335,0.126073041,0.126400794,0.126970043,0.127637758,0.12816272,0.128740949,0.12944143,0.129852712,0.130467212,0.131007907,0.131793315,0.132626249,0.133121943,0.133581791,0.134122166,0.13460817,0.13509831,0.1357983,0.136356357,0.136764991,0.137388718,0.137905407,0.13854994,0.139270825,0.139730435,0.140254436,0.140671835,0.141330386,0.141629031,0.142072206,0.142524651,0.142918874,0.143498676,0.144217728,0.144855862,0.145331765,0.145876068,0.146707383,0.14723076,0.147714369,0.1483438,0.148744646,0.148783967,0.149290242,0.14977343,0.150241293,0.151129037,0.151662672,0.152021421,0.152577095,0.153044292,0.153316322,0.153668517,0.154051615,0.154300271,0.154582784,0.155123957,0.155515035,0.155909751,0.156251183,0.156829592,0.157195061,0.157485806,0.157966851,0.158448264,0.158900203,0.159398871,0.159823922,0.159929957,0.160295894,0.160581773,0.161020602,0.161532001,0.161872733,0.161948383,0.162218558,0.162522636,0.162927499,0.163541593,0.16381324,0.163971107,0.164394432,0.164711237,0.165011739,0.165232634,0.165618406,0.165754288,0.165971626,0.166366893,0.166497538,0.166685228,0.166937172,0.167217137,0.167538059,0.167968013,0.168109427,0.168402133,0.168833479,0.169204324,0.16941493,0.169772051,0.170082697,0.170307022,0.170373807,0.170353731,0.170517902,0.170668529,0.17085901,0.171336187,0.171457578,0.171444933,0.171719674,0.171972954,0.17213434,0.172075704,0.172340506,0.172666523,0.17295598,0.173395979,0.173541929,0.173383131,0.173517699,0.173427667,0.173675936,0.174189904,0.17462388,0.175098687,0.17524546,0.175248676,0.175460183,0.17579333,0.17573543,0.175702317,0.175818826,0.175754432,0.175899615,0.175980621,0.176102613,0.17654092,0.176787946,0.176968576,0.177095552,0.177001922,0.177147604,0.177255081,0.17744221,0.17771634,0.177748939,0.177947176,0.17819374,0.178083774,0.178200482,0.178585011,0.178910029,0.179043372,0.179083006,0.179113022,0.179043921,0.178946544,0.178923095,0.178922948,0.178980863,0.17921425,0.179290316,0.179062524,0.179216672,0.179552041,0.179761196,0.179984618,0.180292601,0.180336935,0.180089624,0.180240926,0.180084107,0.179804221,0.180208591,0.180245613,0.179915938,0.17986324,0.179965956,0.179872657,0.180162286,0.180310879,0.180322186,0.180441187,0.180241201,0.180246697,0.180041591,0.179920179,0.180204478,0.1802121,0.179848392,0.179722695,0.179958502,0.180045467,0.180072765,0.180111407,0.18001217,0.179631277,0.179468243,0.179149077,0.178849454,0.178877734,0.178727595,0.178643929,0.178436451,0.178205864,0.17783622,0.177885114,0.177909648,0.177849617,0.177610126,0.177107197,0.17657829,0.176376527,0.176317268,0.17618597,0.175865148,0.1756204,0.175019033,0.174804335,0.174583437,0.174263682,0.17382801,0.173714492,0.173681261,0.173445436,0.172886024,0.172580916,0.17210419,0.172014657,0.17211284,0.171740206,0.171205699,0.170775714,0.170539442,0.169939572,0.169524631,0.169155903,0.168654093,0.168966908,0.1688613,0.168553456,0.168327092,0.16767432,0.166810709,0.166774905,0.166991119,0.167283917,0.167243054,0.166674456,0.166087024,0.165635272,0.165232519,0.164747159,0.164355366,0.163490058,0.163178763,0.16361086,0.163498522,0.163268725,0.162986332,0.162588737,0.162163655,0.161915849,0.1618365,0.161239442,0.160916738,0.161085207,0.160936614,0.160976511,0.161095127,0.160892351,0.160814734,0.161262126,0.161114161,0.160833139,0.160552907,0.160705875,0.161026579,0.161061713,0.161149155,0.161203988,0.161031597,0.160840938,0.160959676,0.160864986,0.16116813,0.160910101,0.160357184,0.16024447,0.160521122,0.160790465,0.161550441,0.161997237,0.162070485,0.161588034,0.161524909,0.161073582,0.161087302,0.160766515,0.16076501,0.160699571,0.160566832,0.160767603,0.160102422,0.159980458,0.159690825,0.159013395,0.158602873,0.158537945,0.157928022,0.15788487,0.158651343,0.158555864,0.158640433,0.159092142,0.158753976,0.157906134,0.157651169,0.158518498,0.158557787,0.158474546,0.158548475,0.158403023,0.157506898,0.156814019,0.157106064,0.156457755,0.156444102,0.156014152,0.155209118,0.154993631,0.154082598,0.15369959,0.153071032,0.152855583,0.152551864,0.151505434,0.150771281,0.150103206,0.148831706,0.147844884,0.147552398,0.146296396,0.144918937,0.143988636,0.142642783,0.141353497,0.140154812,0.138487377,0.136084812,0.134223889,0.132337362,0.130339632,0.128153693,0.126763897,0.124679811,0.122554974,0.119942065,0.117867411,0.115366926,0.11240468,0.110372304,0.10756716,0.105611414,0.103054959,0.100622474,0.098665675,0.095767554,0.093267186,0.090523955,0.087858811,0.084841332,0.082129359,0.079471642,0.077225908,0.075574958,0.073527874,0.071849314,0.069759809,0.067635584,0.065878863,0.06441881,0.06339709,0.062425818,0.061480911,0.06041785,0.058912583,0.057212621,0.055730692,0.054413529,0.053948025,0.053683054,0.052986898,0.052455385,0.051956539,0.051579322,0.050825418,0.050142182,0.049945531,0.04918653,0.048765897,0.048217289,0.047642367,0.047201106,0.04683455,0.046533653,0.046477652,0.046421181,0.045995404,0.045338961,0.044779937,0.044233073,0.043955601,0.044078698,0.04421609,0.044247874,0.044236473,0.044119463,0.043687134,0.043400258,0.043440632,0.043271514,0.043540715,0.043867865,0.043992142,0.044340954,0.044092863,0.043837921,0.043152324,0.042559247,0.042393803,0.042628052,0.042267553,0.042635885,0.042976342,0.043030198,0.043595041,0.044144636,0.044813832,0.045189434,0.04586104,0.046400591,0.046563042,0.046886979,0.047421859,0.047492721,0.047420066,0.047941211,0.048059779,0.048174755,0.048356036,0.048100316,0.048316373,0.048734969,0.048924781,0.049090561,0.049659295,0.049702249,0.049774318,0.050309465,0.05034764,0.050996759,0.051972633,0.052474141,0.053473444,0.054129815,0.054464703,0.054799961,0.054979274,0.055337408,0.055638793,0.056333777,0.057109445,0.057846547,0.058425911,0.058782148,0.058772631,0.058629556,0.058854162,0.059061694,0.059564511,0.060496768,0.061228826,0.061966687,0.062368948,0.062390546,0.062689978,0.06296224,0.063291621,0.064125788,0.064654475,0.064937311,0.065240385,0.065553402,0.065386387,0.065924412,0.066800854,0.067669544,0.068232922,0.06892386,0.069447798,0.069490718,0.070134121,0.070982849,0.071330569,0.071651277,0.071858895,0.071814535,0.072208741,0.072662157,0.07316004,0.074301961,0.074753976,0.075238361,0.076132543,0.076177323,0.076630533,0.077210787,0.077814005,0.078434204,0.079404964,0.079513656,0.079351906,0.079811018,0.080290923,0.080880109,0.082020827,0.082568501,0.08272945,0.082884288,0.083927934,0.084817153,0.085418178,0.085971794,0.086553824,0.086509906,0.086448873,0.086546085,0.086724455,0.086923291,0.087183685,0.088100309,0.088505322,0.088257114,0.089197396,0.089602061,0.089964661,0.090233476,0.089769264,0.089653537,0.089570238,0.0895903,0.090810266,0.091185298,0.091899835,0.092583655,0.093317763,0.094122208,0.094048302,0.094371405,0.095090402,0.09520543,0.095998764,0.096773205,0.096964974,0.097439459,0.098030279,0.098630393,0.098942666,0.098995037,0.098992092,0.098492806,0.099047946,0.100063789,0.099897435,0.100353105,0.101034419,0.101226261,0.101533844,0.101859586,0.10195001,0.10270055,0.103713296,0.103740361,0.104362096,0.104887674,0.10468485,0.104887617,0.105445674,0.10541955,0.10593839,0.106184062,0.106272182,0.106202238,0.107159866,0.107238609,0.107115506,0.107946983,0.108065822,0.107585864,0.107732736,0.108678323,0.109253145,0.110078457,0.110568132,0.110844815,0.111343564,0.112014486,0.111994796,0.113744337,0.114994912,0.114723083,0.115483898,0.114795275,0.113876097,0.114135045,0.11312009,0.114243387,0.114510609,0.114165828,0.115276292,0.115543558,0.11529051,0.115337045,0.114144004,0.114055369,0.114170447,0.11482433,0.116131965,0.116013013,0.115731544,0.115775211,0.116840005,0.11736081,0.117991443,0.117475351,0.117302843,0.117966509,0.118432294,0.119080946,0.119477992,0.117703034,0.118059405,0.117140568,0.117672743,0.116261447,0.118078791,0.11845627,0.11941947,0.118128639,0.119035155,0.118358782,0.117504007,0.118155489,0.119176792,0.119382702,0.119918869,0.119567932,0.119001234,0.119783629,0.119237002,0.118946854,0.118422485,0.118578762,0.11887577,0.119570449,0.120535354,0.120440744,0.12157437,0.122223042,0.122381103,0.121856822,0.121914994,0.120724817,0.121143794,0.119574028,0.120338075,0.120038433,0.120790312,0.121433565,0.120717877,0.120672803,0.120263961,0.119127889,0.119140309,0.119942653,0.120173114,0.1204168,0.120180377,0.11987292,0.1207007,0.120780054,0.119708617,0.120094043,0.120604142,0.119655038,0.11921919,0.119997405,0.120948147,0.12009548,0.120722442,0.119946023,0.119332447,0.120785017,0.120976658,0.121668074,0.121761524,0.122634558,0.121095333,0.120904006,0.121467429,0.121142013,0.121414696,0.120826033,0.121555786,0.121802269,0.122796888,0.123464187,0.122228965,0.121511025,0.12147221,0.121514269,0.120736953,0.120353233,0.120417967,0.119988758,0.121033463,0.120968193,0.120330265,0.120334127,0.120791011,0.119677056,0.120795796,0.120682153,0.120431743,0.121462257,0.121109653,0.119568394,0.119335614,0.119105683,0.118689875,0.119159989,0.120441908,0.120245761,0.120477548,0.121640794,0.120630863,0.12038565,0.120573548,0.120442875,0.118757015,0.118971337,0.119799591,0.118561442,0.117496297,0.116530957,0.115750792,0.117020501,0.117607189,0.1184846,0.117921745,0.117161273,0.115748543,0.115851492,0.117397869,0.11794312,0.117646286,0.117818307,0.117508558,0.115814209,0.114472624,0.114625482,0.11471851,0.113437444,0.112537248,0.112513205,0.111212481,0.110101139,0.108822478,0.107928171,0.107183569,0.107667283,0.108114959,0.10915704,0.110711865,0.111750933,0.113231227,0.113353066,0.111251199,0.110277935,0.10854751,0.107999674,0.107733846,0.107894597,0.108236025,0.107855191,0.107042622,0.106905417,0.106476517,0.107806987,0.108813703,0.109039727,0.110091234,0.109276654,0.108871531,0.108076933,0.103995185,0.100933588,0.100301083,0.097325266,0.097518015,0.099222427,0.098092145,0.099758435,0.102157009,0.102415241,0.102809196,0.103306627,0.103201614,0.102928312,0.102877337,0.101113758,0.100962217,0.101558111,0.099455101,0.099320242,0.100857564,0.09989139,0.097505477,0.097690433,0.09869275,0.099441705,0.09963723,0.099918793,0.098304059,0.096359663,0.097364858,0.096805892,0.095395485,0.092493955,0.091064679,0.091793932,0.092367354,0.094675883,0.096431746,0.096927744,0.096069384,0.096336664,0.095334387,0.091355225,0.089873135,0.089347311,0.087763065,0.085962144,0.086494574,0.087458165,0.087614223,0.090440705,0.091274445,0.092665887,0.092676207,0.092188147,0.092368529,0.090926346,0.089876581,0.090584774,0.088072999,0.081791604,0.079547071,0.077241497,0.077512192,0.08342895,0.085030211,0.085278432,0.087309408,0.087985454,0.089407904,0.091957503,0.091793426,0.091923314,0.09051633,0.08717087,0.086076684,0.085875049,0.085272616,0.087919612,0.087597393,0.086748147,0.08515128,0.079284534,0.077591161,0.074521767,0.07448713,0.074877264,0.076442055,0.076612664,0.075520097,0.077866584,0.080819212,0.083946297,0.085767065,0.084537658,0.081106249,0.076383457,0.074604907,0.078148449,0.075938536,0.077084066,0.077323075,0.074284205,0.074685794,0.073868084,0.066915716,0.062728613,0.067789847,0.071135786,0.07443753,0.078237075,0.074849561,0.070185803,0.074110928,0.077751134,0.075964649,0.075189633,0.070220153,0.069064248,0.067342065,0.065935612,0.064939019,0.061403261,0.05800291,0.052563433,0.053548522,0.058728386,0.067350494,0.076498897,0.077381309,0.075640162,0.068603853,0.056509196,0.055576226,0.04727042,0.051772132,0.057202386,0.055085494,0.065362666,0.066512951,0.062423584,0.060482379,0.050424296,0.038562374,0.040372088,0.038310343,0.04280829,0.044310212,0.037788691,0.038547891,0.050614787,0.050559173,0.046265641,0.044079639,0.038818862,0.023462303,0.018176083,0.018703222,0.021058711,0.043522852,0.058911888,0.058601118,0.061632405,0.063742933,0.071757014,0.077019535,0.075696522,0.07411588,0.073487668,0.085834737,0.097393981,0.101175185,0.098605186,0.088007494,0.075163864,0.070246688,0.068223881,0.055218385
/data/asd/1/1549991291-00.asd,sp2_run8,108,40,108,0,40.1788,0,0.052100497,0.054555365,0.051605734,0.05307431,0.057391721,0.061023946,0.058413087,0.057128546,0.058847708,0.061745139,0.062553849,0.061508879,0.064648435,0.061477867,0.061704109,0.063409963,0.061049531,0.061954412,0.059949091,0.05875924,0.063087058,0.060930116,0.061742253,0.063721705,0.062768431,0.061552479,0.060551764,0.061579551,0.062890009,0.062037355,0.061990324,0.064808914,0.064006032,0.06439546,0.06529776,0.064977216,0.06213658,0.061794288,0.065633084,0.063958107,0.063458436,0.064302917,0.065881705,0.065725044,0.066534558,0.067944806,0.066363662,0.06522616,0.065528619,0.067318926,0.067512608,0.06826407,0.0695649,0.070493012,0.070573468,0.071095671,0.070956816,0.069658381,0.069854663,0.070487237,0.070339191,0.069969739,0.071688252,0.073265494,0.07321544,0.072765811,0.073012762,0.07435605,0.073738926,0.073428936,0.073576332,0.074714146,0.075051353,0.076135218,0.076643595,0.075500779,0.076025421,0.076233208,0.077477747,0.078564131,0.078253384,0.077946572,0.078506524,0.079720948,0.079854134,0.079848949,0.080655097,0.081029095,0.080591705,0.080621507,0.082362716,0.082515039,0.082151695,0.082528584,0.084020996,0.083578079,0.083847638,0.084863299,0.084460599,0.085276277,0.085803716,0.085294788,0.085822359,0.086325872,0.08715123,0.087403239,0.087137952,0.087055759,0.087376174,0.087858864,0.088110953,0.088598362,0.089187358,0.089143662,0.089213221,0.089717199,0.090074828,0.090427609,0.090688626,0.090960216,0.09096166,0.091142975,0.091683441,0.092234931,0.092204927,0.092447719,0.092689568,0.092902152,0.093363743,0.093606019,0.093852335,0.09395265,0.094269325,0.094608953,0.095032885,0.095183708,0.095374779,0.09559558,0.096051984,0.096246559,0.096704895,0.097702099,0.097674011,0.098027782,0.098476098,0.098492461,0.099050866,0.099288769,0.099732871,0.100449972,0.100902436,0.100945147,0.101072325,0.101826487,0.101910312,0.102302548,0.102893138,0.103096647,0.103506836,0.103858785,0.104193264,0.104553474,0.104965159,0.105297947,0.10554234,0.105867132,0.106452082,0.107220184,0.107423938,0.10799035,0.108327617,0.108524098,0.108706315,0.108934099,0.109687576,0.110137808,0.110088207,0.110291727,0.110867028,0.111422994,0.111757119,0.112270728,0.112551473,0.112837011,0.113242876,0.113577066,0.11390581,0.114377048,0.114541601,0.11501046,0.114990179,0.115452131,0.11592968,0.116129752,0.116532936,0.117030609,0.117265515,0.117471248,0.11776433,0.118111132,0.118501876,0.118854841,0.119141201,0.11956047,0.119770809,0.120320307,0.120591823,0.120991868,0.121292417,0.12150536,0.121687237,0.122007228,0.12237254,0.122591777,0.122695836,0.122940822,0.123031288,0.123072314,0.12304379,0.123282214,0.123587933,0.123622508,0.123583205,0.124006135,0.12443787,0.124878889,0.125075725,0.125249204,0.125371083,0.125544261,0.125796037,0.125986407,0.126002937,0.125995219,0.125962105,0.126137718,0.126142461,0.126147772,0.126258569,0.126386911,0.126500906,0.12660526,0.126718093,0.126590372,0.126582669,0.126545172,0.126665542,0.126840316,0.126780882,0.126909161,0.127125731,0.127072995,0.127267928,0.127350306,0.127252009,0.127357891,0.127425481,0.127501934,0.127290324,0.127445228,0.127571212,0.127535881,0.127573809,0.127709092,0.127890847,0.127796113,0.127775093,0.127856129,0.128001286,0.127921271,0.127858849,0.127854164,0.128032802,0.12814158,0.128085695,0.12802483,0.128092444,0.12801878,0.127961952,0.128092065,0.128175695,0.128210132,0.128239508,0.12854065,0.128387302,0.12839181,0.128318047,0.128381354,0.128419363,0.128321517,0.128448267,0.128429465,0.128436798,0.128454237,0.128436134,0.128560329,0.128523437,0.128455035,0.128395644,0.12830228,0.128441147,0.128574106,0.128547444,0.128349829,0.128154985,0.128183525,0.128283679,0.128221619,0.128231699,0.128235599,0.128168414,0.128054803,0.128087679,0.128091484,0.128012953,0.128015684,0.127909567,0.127912886,0.127960395,0.128074041,0.128032226,0.128073244,0.128192666,0.128163293,0.128178212,0.12833197,0.128422361,0.128618426,0.128919824,0.128955245,0.129013804,0.129035876,0.129059427,0.129403093,0.129596558,0.129593636,0.129767804,0.129792978,0.129810817,0.130064705,0.130174743,0.130247171,0.130428491,0.130630458,0.13068478,0.130713569,0.130872149,0.131191006,0.131195339,0.131309029,0.131442827,0.131508246,0.131686462,0.13173532,0.131820028,0.132116587,0.132110688,0.132359497,0.132548708,0.132475959,0.132793426,0.133004959,0.133026466,0.133311862,0.133517501,0.133504253,0.133585442,0.133707415,0.133800962,0.134165406,0.134322565,0.134318164,0.134495848,0.134635933,0.134602809,0.134700584,0.134790654,0.134934531,0.134978665,0.135232512,0.135432478,0.135325593,0.135618264,0.13580061,0.135945476,0.136339912,0.136214917,0.136299724,0.136565838,0.136538762,0.136764073,0.136987279,0.136987631,0.137275497,0.137529987,0.137680354,0.137833538,0.138049717,0.138305005,0.138330387,0.13834626,0.138513058,0.138789556,0.138881374,0.139116125,0.139282523,0.139401492,0.139524249,0.139553157,0.139703883,0.139945011,0.139953467,0.140278474,0.14014655,0.140008402,0.140448328,0.140630321,0.140713443,0.140838147,0.140865527,0.141197245,0.141461978,0.141473388,0.141857945,0.141864035,0.141877707,0.142170684,0.142286412,0.142456146,0.142683774,0.142818363,0.14295142,0.142989538,0.143226365,0.143329614,0.143564078,0.143532394,0.143856653,0.143891749,0.143892051,0.14402085,0.144328983,0.144416933,0.144704667,0.14469754,0.144920218,0.144953885,0.145021961,0.145351536,0.145418291,0.145335978,0.145446112,0.145301096,0.145582326,0.146032482,0.145866694,0.145828628,0.145851328,0.146163772,0.146288385,0.146354614,0.146370307,0.146437479,0.146363131,0.146487084,0.14682433,0.147125237,0.14702604,0.146803369,0.146695017,0.147226095,0.147297415,0.147376526,0.14750306,0.146989975,0.147178305,0.147800848,0.147314643,0.147875285,0.147510516,0.147517209,0.147851509,0.147660307,0.147791888,0.147882178,0.147582898,0.148172345,0.147715365,0.147995721,0.147971921,0.147640839,0.14782387,0.147899403,0.147974601,0.148194314,0.148407946,0.14788641,0.147898995,0.148643922,0.147568958,0.147898166,0.14790807,0.147215412,0.148239138,0.148414114,0.148061284,0.148191356,0.148591451,0.148195748,0.148528446,0.147759123,0.148638195,0.148431167,0.147640285,0.146998637,0.147892814,0.14872708,0.148527762,0.148346593,0.148414877,0.148475399,0.148178433,0.149477293,0.149125521,0.148427694,0.148618393,0.148402984,0.148539943,0.148251403,0.149240768,0.148041468,0.147736003,0.148960074,0.148818518,0.149182056,0.149147439,0.148815267,0.148624034,0.148632431,0.149290206,0.148343105,0.148552504,0.148800821,0.148846187,0.148570295,0.148843559,0.148916177,0.148666568,0.148791778,0.148914941,0.148765257,0.148943354,0.148471426,0.149028383,0.149212985,0.149198137,0.149113203,0.149055158,0.148857976,0.149384577,0.149420935,0.149945432,0.150010475,0.149780632,0.149696292,0.149636274,0.149633326,0.149789932,0.149754698,0.149896509,0.150107307,0.149822051,0.14986958,0.14973749,0.14964554,0.15009797,0.150095844,0.150423212,0.15052515,0.150355505,0.15017759,0.150665925,0.149988683,0.150241963,0.150565169,0.150748578,0.150545899,0.150372535,0.150593506,0.150534565,0.150173314,0.150429594,0.150811565,0.150394186,0.150340777,0.149991714,0.150831893,0.151228722,0.150524375,0.151053926,0.151133965,0.150853528,0.150873841,0.150656202,0.150865572,0.150945451,0.150614095,0.150646992,0.151106663,0.15161748,0.151608216,0.15097644,0.15069852,0.151802032,0.151382957,0.15158954,0.1517024,0.151004691,0.152241529,0.152234526,0.151738223,0.152440582,0.151995772,0.152914074,0.153247402,0.152345875,0.152773322,0.152661186,0.152059521,0.152926122,0.152509259,0.152754429,0.153272896,0.152223636,0.153476863,0.153181967,0.151645861,0.154219456,0.153400421,0.152270744,0.153662139,0.152761799,0.153457931,0.154211024,0.153526296,0.15498395,0.154254665,0.152535691,0.153356888,0.153741083,0.153925258,0.153989599,0.153701014,0.154054208,0.154261661,0.154511318,0.154587262,0.154832315,0.154971073,0.154909313,0.154888369,0.154699551,0.154725123,0.154700017,0.154801099,0.155324823,0.155488058,0.155400206,0.155568575,0.156201613,0.156483031,0.156733951,0.157444852,0.157516611,0.156876552,0.156965213,0.15760787,0.157677466,0.157756835,0.157883129,0.157999484,0.15807872,0.158032532,0.158703327,0.159221048,0.159295345,0.15969768,0.159547741,0.159140094,0.158223545,0.158221959,0.158476932,0.158669178,0.159223602,0.159506921,0.159686067,0.160054948,0.160949378,0.160735498,0.159990923,0.160421271,0.160479374,0.160239936,0.16099726,0.161309741,0.161341476,0.161367131,0.161287002,0.161031405,0.160851079,0.160867275,0.160853306,0.160731288,0.160886387,0.160912225,0.160589446,0.160947655,0.161323071,0.161170661,0.161485025,0.161671031,0.161697417,0.161578949,0.161353818,0.161461895,0.161629909,0.161363925,0.161093834,0.161089983,0.161133826,0.16123502,0.161391863,0.161549739,0.161542332,0.161328349,0.161543148,0.161825877,0.162109117,0.162198906,0.162144431,0.162055516,0.162132634,0.162098467,0.162110806,0.1622047,0.162344003,0.16251596,0.162480205,0.162828009,0.16330799,0.163444777,0.16356756,0.163521152,0.163496704,0.163558656,0.163441397,0.16355442,0.163689186,0.163860431,0.163901607,0.164088963,0.164237399,0.164332677,0.164542138,0.164642034,0.16469437,0.164702709,0.164871933,0.164723697,0.164548447,0.16463301,0.164583953,0.164567719,0.164794951,0.165315106,0.165408727,0.165458492,0.16576346,0.165780733,0.165729903,0.165592903,0.165569504,0.165376635,0.165550276,0.1657187,0.165711013,0.166077101,0.166013158,0.165881073,0.165828004,0.165754912,0.165620397,0.165657279,0.165594532,0.165423916,0.165266583,0.164953106,0.164757852,0.164688569,0.164499064,0.164232145,0.164219501,0.164514681,0.164466781,0.164361578,0.164515667,0.164564913,0.16454352,0.164521031,0.164431769,0.164318196,0.164373778,0.164295435,0.164464687,0.164400986,0.164315551,0.164540436,0.164630608,0.164728222,0.164662559,0.164508395,0.164417877,0.164531434,0.164581972,0.164727421,0.164947838,0.165065507,0.165141273,0.165632001,0.165783547,0.165743249,0.16574916,0.165766755,0.165879648,0.166144182,0.166248085,0.166409783,0.166557114,0.166574601,0.166614655,0.166544005,0.1665381,0.166610881,0.166611574,0.166730103,0.166953289,0.166925269,0.167027113,0.167176727,0.167448031,0.167609096,0.168034559,0.168486201,0.168549434,0.168711509,0.168923697,0.169089564,0.169246828,0.169247007,0.169204274,0.168943201,0.168959736,0.169320116,0.16967532,0.170104635,0.170415053,0.170361815,0.170555522,0.170833853,0.171023219,0.17093738,0.171215299,0.171371314,0.171299115,0.171460831,0.171708008,0.171771698,0.172163132,0.172300775,0.172514844,0.172745068,0.172984549,0.173118534,0.173440376,0.173501938,0.173418406,0.173508982,0.173519519,0.173664995,0.17388067,0.17409756,0.174263929,0.174475786,0.174573355,0.17461851,0.174812041,0.174846916,0.17495465,0.175172394,0.175376922,0.175430803,0.175631724,0.176033534,0.17613118,0.176313542,0.176479991,0.176213221,0.176277542,0.176747281,0.176862224,0.177075554,0.177168102,0.17737167,0.177282413,0.177189353,0.177494469,0.177629249,0.177534347,0.177631232,0.177711287,0.177846294,0.178065519,0.178175059,0.178217962,0.178469497,0.178868969,0.179035496,0.17913343,0.179184239,0.179025156,0.179009973,0.179255343,0.179443445,0.179598829,0.179734226,0.179855472,0.179873281,0.179912567,0.180013959,0.180074607,0.180072634,0.180073531,0.180119543,0.18014873,0.180191218,0.180188975,0.1800869,0.180171367,0.180471863,0.180550853,0.180455783,0.180420611,0.180385138,0.180459327,0.18072287,0.180789713,0.180749006,0.180619223,0.180557765,0.180518157,0.180560892,0.180753043,0.180783034,0.180755296,0.180770377,0.180674368,0.180688649,0.180838286,0.180843021,0.180949908,0.180911966,0.180673483,0.180530217,0.180185393,0.180049223,0.180120448,0.180061521,0.180108761,0.180050515,0.179992221,0.179903797,0.179703821,0.179628736,0.179509527,0.179305898,0.179177068,0.179087992,0.179059172,0.179152364,0.178951776,0.17870174,0.178530646,0.178059028,0.177872435,0.177881013,0.177829325,0.17781153,0.177846028,0.177946522,0.177785986,0.177582534,0.177363646,0.177005902,0.176847213,0.176643153,0.176539732,0.176635531,0.176691117,0.176486446,0.176201357,0.176056389,0.175632345,0.175267447,0.175056846,0.174870023,0.1746496,0.174420672,0.174259582,0.174001339,0.173710954,0.173397825,0.173115186,0.17277177,0.172342638,0.171743632,0.170879988,0.170175465,0.169699395,0.168916498,0.168175686,0.167149348,0.16573951,0.164519064,0.163300933,0.16206258,0.160777438,0.159553744,0.15812999,0.156574953,0.155075058,0.153521607,0.151986032,0.150470959,0.14881655,0.147087775,0.14523444,0.143281875,0.141501404,0.139517188,0.137696058,0.136209944,0.134583127,0.13308944,0.131600675,0.129842419,0.128374267,0.12695178,0.125593377,0.124310756,0.123057281,0.12160982,0.120362683,0.119294532,0.118296762,0.117460272,0.116734245,0.115974218,0.115249713,0.114560765,0.11379277,0.113133625,0.112542091,0.111863071,0.111064266,0.110534712,0.109947271,0.109538462,0.109505498,0.109222832,0.108815793,0.108501621,0.108122034,0.107869284,0.107693594,0.107478617,0.107417823,0.10722779,0.106811393,0.106557501,0.106442416,0.106223999,0.106060832,0.105914102,0.105726653,0.105688083,0.105694269,0.105594411,0.105584032,0.105508912,0.105548737,0.105686639,0.105863696,0.106117042,0.106376162,0.106350693,0.106612908,0.106779223,0.107058423,0.107462744,0.107741518,0.107890792,0.108177598,0.108311786,0.108489538,0.108832416,0.10911026,0.109322075,0.109720076,0.110114251,0.110503726,0.110997983,0.111351349,0.111710677,0.112156645,0.112655786,0.113208576,0.113920413,0.114507002,0.114945986,0.115463298,0.115868388,0.116477042,0.117083528,0.117627503,0.11828372,0.118716507,0.119231322,0.119728227,0.120293979,0.120870746,0.121420311,0.122096498,0.1227899,0.123325715,0.124097578,0.12491646,0.125669926,0.126203979,0.126942291,0.12754331,0.12828992,0.129082121,0.129798983,0.130294827,0.130923012,0.131321848,0.132038356,0.132838928,0.133583689,0.134203566,0.134953196,0.135583629,0.136249004,0.136947596,0.137591112,0.138002341,0.138673059,0.139245625,0.139820209,0.140718166,0.141530864,0.142015902,0.142606148,0.142847421,0.143598133,0.144468633,0.144972549,0.145659613,0.146245115,0.146496808,0.146961032,0.147652955,0.148206442,0.148716621,0.149364772,0.149806838,0.150412414,0.151008029,0.151437474,0.151906115,0.152381784,0.153318732,0.15375692,0.154459109,0.155001431,0.155395469,0.155892883,0.156206706,0.156692048,0.157202351,0.157701155,0.158531535,0.15912186,0.159681075,0.160188228,0.16070527,0.161087319,0.16171798,0.162142599,0.162607882,0.163427233,0.163944109,0.164365025,0.164863495,0.165109009,0.16547114,0.166002726,0.166556447,0.16719243,0.167569824,0.168095953,0.16849263,0.168895582,0.169263516,0.16986729,0.170214258,0.170627032,0.170953723,0.17104463,0.171266394,0.171437341,0.171850469,0.172211062,0.172632686,0.17313358,0.173586414,0.173758734,0.174108409,0.174312151,0.174636506,0.175112587,0.175554486,0.175897528,0.176172582,0.176367519,0.176832177,0.17709476,0.177503498,0.177966729,0.178522422,0.178937408,0.179263286,0.179570623,0.179780091,0.180081228,0.180291606,0.180352418,0.180557566,0.18083837,0.180923566,0.181427064,0.181905745,0.182210616,0.182373584,0.182593687,0.182893335,0.183235641,0.183385836,0.183545852,0.183775695,0.183958027,0.184159522,0.184632781,0.184677588,0.184539901,0.184723965,0.184821113,0.184939773,0.185044153,0.185322233,0.1856536,0.185958052,0.186301295,0.186482652,0.186518896,0.18678221,0.18703245,0.187097374,0.186997244,0.187169679,0.18720983,0.187271706,0.187770374,0.18813861,0.188469721,0.188497482,0.18850174,0.188779042,0.189174561,0.189363885,0.18940886,0.189334581,0.189072468,0.189247066,0.189504739,0.189703496,0.190090548,0.190436836,0.190518484,0.19075762,0.190983177,0.191028543,0.191174105,0.191386319,0.191389088,0.191428853,0.191653893,0.191882541,0.191877773,0.191893799,0.191865865,0.191956531,0.192295956,0.192433613,0.192745472,0.192846849,0.192800745,0.192791692,0.192506495,0.192573306,0.192830652,0.192955267,0.193086102,0.192822639,0.192914692,0.192943501,0.193139676,0.193186635,0.192870043,0.192784818,0.192801734,0.192828361,0.192738267,0.192535534,0.192264878,0.192538865,0.192696589,0.192825016,0.192936716,0.192762281,0.192912777,0.193065869,0.193111398,0.192995788,0.192784037,0.192607023,0.192622529,0.19297063,0.192864762,0.1923887,0.192291275,0.192436084,0.192461464,0.192120448,0.191947382,0.19202438,0.192149705,0.192134255,0.192034285,0.191226538,0.190853626,0.190788785,0.190789481,0.190426743,0.190308285,0.190228903,0.189646894,0.189345094,0.18920276,0.188564321,0.188296491,0.188237641,0.18792513,0.187173294,0.187207839,0.18733794,0.187267608,0.18742655,0.187098923,0.186004227,0.185561939,0.184693736,0.184503459,0.184367635,0.184283086,0.184302124,0.183803117,0.183291756,0.182759339,0.182649852,0.182596207,0.182305713,0.182262516,0.182017407,0.181712746,0.181188312,0.180861754,0.180380317,0.180066761,0.179637581,0.179327634,0.179077416,0.178817136,0.178617466,0.178217248,0.177995453,0.178034603,0.177961054,0.177807018,0.177524815,0.176814752,0.176329607,0.176148729,0.175964351,0.175941243,0.175573886,0.175404018,0.174719542,0.174308741,0.174239502,0.173768507,0.174017132,0.174250887,0.17408809,0.174182207,0.174038561,0.173567555,0.173376526,0.173712162,0.173530923,0.173519854,0.173516034,0.173571466,0.173264389,0.172769212,0.17255578,0.172535008,0.172548826,0.172637034,0.172883965,0.173041596,0.172626539,0.172644876,0.17323028,0.173219134,0.173219717,0.173323745,0.17304873,0.173082692,0.173175432,0.172821895,0.172736895,0.172265759,0.172484124,0.172321125,0.172701751,0.17383841,0.17398102,0.173527168,0.173121546,0.17315794,0.172545995,0.172188901,0.172962616,0.173515039,0.173892521,0.173831022,0.173383144,0.173009335,0.17226232,0.173005359,0.172530159,0.172456792,0.172043034,0.171800231,0.171478724,0.171181589,0.171228371,0.171115218,0.170709144,0.170493298,0.170498205,0.169860408,0.169691958,0.169504164,0.169443172,0.169546783,0.168929328,0.168586292,0.167435114,0.166952407,0.166416639,0.165411027,0.16466712,0.164075084,0.162759159,0.161858755,0.161593979,0.160143119,0.158715881,0.157778709,0.156447727,0.154930517,0.153278601,0.151655519,0.149494737,0.147535591,0.145759256,0.14389317,0.141548653,0.140099882,0.137983639,0.136271821,0.134130692,0.13217154,0.129642194,0.126716942,0.124764797,0.121702444,0.119261553,0.116776677,0.114147574,0.111138312,0.108123744,0.10530548,0.101999986,0.099384094,0.097056931,0.094363499,0.09184488,0.089699426,0.087093792,0.084290536,0.082289941,0.080489451,0.078861909,0.077197807,0.075446773,0.073335258,0.071767978,0.069832227,0.068584007,0.067367869,0.065945426,0.065334561,0.064550201,0.063380355,0.062780714,0.061383648,0.059689828,0.058632239,0.058173927,0.057659633,0.05687752,0.056684656,0.055816608,0.054975672,0.054198373,0.053671057,0.053464075,0.053349519,0.053226364,0.053275583,0.053324089,0.05328328,0.053604631,0.053732311,0.053372818,0.053171516,0.052464003,0.051597606,0.051418742,0.051330601,0.051241862,0.051251966,0.051346282,0.051195805,0.050995045,0.05068525,0.050833959,0.050677589,0.050426811,0.050460724,0.050328115,0.050473353,0.050604612,0.05086766,0.051191215,0.051490596,0.051640391,0.052052665,0.052029614,0.051732407,0.051802471,0.0521259,0.052336119,0.052697953,0.053109729,0.053673564,0.054195397,0.054871347,0.055230832,0.055342419,0.054960982,0.054539691,0.054530098,0.055105416,0.055979548,0.056736666,0.057720947,0.058418543,0.059108868,0.059421713,0.059848908,0.059939257,0.059474834,0.059133532,0.059001869,0.059270798,0.059688682,0.060299725,0.060673514,0.060892044,0.061317168,0.061827203,0.062269923,0.062722517,0.063480987,0.064210737,0.064654982,0.065600996,0.066301247,0.066588461,0.067199764,0.067800476,0.068239255,0.069020987,0.069991555,0.070940322,0.072218182,0.07269876,0.073130346,0.073751484,0.073663721,0.073990986,0.074548965,0.074915526,0.075202318,0.075778923,0.076402511,0.076803268,0.077588917,0.078603289,0.079670879,0.080240223,0.080639362,0.081428776,0.081537182,0.081954133,0.083123544,0.083640196,0.084120344,0.08445672,0.084580617,0.084882299,0.085149382,0.085416635,0.08576091,0.086372245,0.087589924,0.088255223,0.08943657,0.090820214,0.091372383,0.091120916,0.091535303,0.091587168,0.091577373,0.092114773,0.092759203,0.093355279,0.093755471,0.094345126,0.09488397,0.094940558,0.094462808,0.095049937,0.09546114,0.095806206,0.095993124,0.096793199,0.097301255,0.097900791,0.099443231,0.100043513,0.100457448,0.100917133,0.10164033,0.101480565,0.101505804,0.102417069,0.102600039,0.102828601,0.103483179,0.103933978,0.104121669,0.104828719,0.105014082,0.105831354,0.10604227,0.106737659,0.107261245,0.107981365,0.108221708,0.107886632,0.107811641,0.108037282,0.108556256,0.109530585,0.110636976,0.110821227,0.111157489,0.111796946,0.112569238,0.113048931,0.11307208,0.11309514,0.112317956,0.113062245,0.114418106,0.11515295,0.116187936,0.117248305,0.11686793,0.116736101,0.116941692,0.116957867,0.117562202,0.118947451,0.118665413,0.118312461,0.118782705,0.118621448,0.118994522,0.120744409,0.120930622,0.120984031,0.121216087,0.121363869,0.120731936,0.12158816,0.12173969,0.121761174,0.122850549,0.123222296,0.123392632,0.123756823,0.124901305,0.125344274,0.125856204,0.126013076,0.12534037,0.125291702,0.125194615,0.125442933,0.126384412,0.127152957,0.127555661,0.128400446,0.128150028,0.12892018,0.129704034,0.128231514,0.129214588,0.128718814,0.127808249,0.12805545,0.128199716,0.128033648,0.128760518,0.129378764,0.130019692,0.13045655,0.131684333,0.132456245,0.131333851,0.130917604,0.13109748,0.131974028,0.13215054,0.132772352,0.131934874,0.131261056,0.131472708,0.131794361,0.131952007,0.1325719,0.131821762,0.132856165,0.132268257,0.133024238,0.131218597,0.133019114,0.13272875,0.133243828,0.132048596,0.133184259,0.13167787,0.131149795,0.132097781,0.133006253,0.133133848,0.134272394,0.133845184,0.132234246,0.133223299,0.133482343,0.133506315,0.133856631,0.134239296,0.133962815,0.134462894,0.134729277,0.134087058,0.135434171,0.135593204,0.135521853,0.134363232,0.133378003,0.132802355,0.133320548,0.131891319,0.132581224,0.131328546,0.13221378,0.133032136,0.132911131,0.134902702,0.135001507,0.133856907,0.133710092,0.133427976,0.133385721,0.133897414,0.1337077,0.134054681,0.134842097,0.133865513,0.132386999,0.132145255,0.132671838,0.132038335,0.131560391,0.132767499,0.134528245,0.135412125,0.137541688,0.13670946,0.135538771,0.136263849,0.133571562,0.133465335,0.133680504,0.13457198,0.133595282,0.133612061,0.133634619,0.133827131,0.135848446,0.135558291,0.136693325,0.137224566,0.137135288,0.137863377,0.137173672,0.138176381,0.137332608,0.136310756,0.135527609,0.133691934,0.134440069,0.134939636,0.136275868,0.13617954,0.135455972,0.135393004,0.136252367,0.136203266,0.136742793,0.135411041,0.1340657,0.131614179,0.1306855,0.131118918,0.131090856,0.131357007,0.131278163,0.131440684,0.132988221,0.133610219,0.134039132,0.134700473,0.133393435,0.133447445,0.133537231,0.132898704,0.130628743,0.131546808,0.132708859,0.133437033,0.134457281,0.133601289,0.131764607,0.130846797,0.128156657,0.128345637,0.129119058,0.128293205,0.127582013,0.126615672,0.126346074,0.127895874,0.129076345,0.129577512,0.129332175,0.128298402,0.127322174,0.127995491,0.129574523,0.128912599,0.127504402,0.127497228,0.126723185,0.126289255,0.125762248,0.125175342,0.124363673,0.125189151,0.126109982,0.12614975,0.126311088,0.126742581,0.126046122,0.125959493,0.126015128,0.126095478,0.126512512,0.125657848,0.123872443,0.122945662,0.123379015,0.123482451,0.121915254,0.122327003,0.121619985,0.119908005,0.122105786,0.123636598,0.120414284,0.120671535,0.120789127,0.118435872,0.119754193,0.119936677,0.119206564,0.120005801,0.120463089,0.119971234,0.117536644,0.114526893,0.113704541,0.113959426,0.11534062,0.117426207,0.119099707,0.119133916,0.118620167,0.116982486,0.115187812,0.115013809,0.112204219,0.110318129,0.114347532,0.11497541,0.113103166,0.113726049,0.111159395,0.109586294,0.11104067,0.112612398,0.11274853,0.113849151,0.114369692,0.112994057,0.111894116,0.110986004,0.106604972,0.102736562,0.101991622,0.100475205,0.100628566,0.102639739,0.102209735,0.102870733,0.103847891,0.104019295,0.105056567,0.103229995,0.10198264,0.103794054,0.105154178,0.107487242,0.107788042,0.108099611,0.106843287,0.103582656,0.10153037,0.099958024,0.097042037,0.094000176,0.092638834,0.089807487,0.090831461,0.095201942,0.094771178,0.09639205,0.096403984,0.092871487,0.091905397,0.091607784,0.090449345,0.088194533,0.086590332,0.083571208,0.081401987,0.08063627,0.081053041,0.080201531,0.081201745,0.086684634,0.086979224,0.088295256,0.086088437,0.083775691,0.082463415,0.078784058,0.079456504,0.077432458,0.07802556,0.076868679,0.078426339,0.081358216,0.083912657,0.090377469,0.094116158,0.096678638,0.097975344,0.096287443,0.09675266,0.095330518,0.090046308,0.089909083,0.087329231,0.086007838,0.086534591,0.082653816,0.075129848,0.075538146,0.079819506,0.084228032,0.090949111,0.093094495,0.08515778,0.08140096,0.087002831,0.084030025,0.079733679,0.077386606,0.069073704,0.068198188,0.070417173,0.079131319,0.083928048,0.08300407,0.080294532,0.069102477,0.063281373,0.055947884,0.054281426,0.065953288,0.072193716,0.069459311,0.074185364,0.066005518,0.050320901,0.041015214,0.033926677,0.035172886,0.043867669,0.056824796,0.071927777,0.074473577,0.074756596,0.069600437,0.054291556,0.046370559,0.045262678,0.054216407,0.060609239,0.068313294,0.073685122,0.075383956,0.076359912,0.084603303,0.086392332,0.08347283,0.084201719,0.084120377,0.078530916,0.07300746,0.075724087,0.071359136,0.071108488,0.080596479,0.076904661,0.07045008,0.066917032,0.060079934,0.058514133,0.063162378,0.070272715,0.070528224,0.07310598,0.083303369,0.08614402,0.090807689,0.086386023,0.067165116,0.043957684,0.034399246,0.032270139
/data/asd/1/1549991306-00.asd,sp2_run8,108,60,108,0,60.0894,0,0.052716829,0.060858576,0.061830785,0.057681812,0.060303439,0.065512917,0.059805871,0.057279807,0.059159565,0.062916852,0.060602975,0.0584969,0.061238084,0.06129938,0.061192562,0.06227156,0.062573786,0.063101008,0.061624029,0.061763122,0.062600859,0.065435138,0.065636612,0.061396894,0.062594377,0.063629084,0.063815308,0.064295067,0.061657428,0.062694136,0.064143251,0.06402823,0.063655919,0.063514175,0.063845637,0.065423466,0.064793211,0.06426234,0.066511212,0.066290503,0.066101541,0.066350222,0.067362191,0.068010482,0.068471133,0.069236448,0.067516517,0.068073635,0.069649279,0.06988698,0.068988358,0.069108398,0.07029776,0.071752394,0.071037963,0.071360991,0.071768385,0.071458939,0.074463244,0.073753508,0.072254663,0.073901796,0.074815462,0.074785241,0.073745362,0.07391302,0.074670545,0.075659506,0.074715869,0.07545878,0.07607052,0.076476701,0.07709782,0.078825138,0.079461752,0.077810659,0.077979959,0.078627696,0.07940998,0.079813057,0.080007331,0.07979382,0.080670623,0.081566697,0.081922933,0.082301928,0.083188888,0.083711359,0.083416764,0.083214149,0.084164948,0.084276662,0.084625897,0.085420117,0.086158326,0.08616522,0.086596395,0.087571136,0.087260951,0.087723213,0.088300408,0.088291374,0.088712495,0.088765398,0.089171091,0.089843877,0.090287229,0.090535051,0.090630101,0.091367409,0.091076393,0.090794459,0.091481037,0.091996012,0.092271919,0.092501763,0.092593818,0.093110194,0.093540902,0.093884131,0.094133179,0.094217847,0.094427481,0.095209952,0.095145811,0.095612281,0.096167958,0.095976004,0.096571854,0.096891805,0.096902583,0.097081858,0.097546758,0.097865309,0.098056457,0.098464952,0.098879591,0.099170811,0.09964377,0.100019168,0.100353272,0.100811728,0.100905308,0.101365891,0.101479067,0.101327922,0.102465483,0.10291756,0.103077308,0.103092118,0.103651937,0.104112771,0.104637185,0.105227442,0.105427201,0.106047302,0.106282911,0.106425838,0.106949976,0.107520883,0.107799502,0.108033246,0.108375161,0.109014409,0.10931231,0.10951895,0.109931057,0.110497413,0.110525511,0.110996657,0.111344146,0.111959733,0.112267221,0.112319753,0.112987374,0.113167369,0.113570769,0.114067682,0.11424183,0.11486709,0.11531343,0.115707131,0.11602213,0.116265523,0.116656909,0.117036988,0.117419305,0.118044112,0.11835521,0.11858856,0.118749265,0.11928583,0.119383142,0.119842879,0.120354352,0.120722688,0.120919892,0.120960621,0.121249217,0.121776181,0.121983603,0.122259695,0.122379147,0.122610721,0.122883514,0.123344978,0.123657715,0.124058175,0.124451887,0.124779673,0.12512567,0.12556065,0.126035963,0.126443105,0.126836277,0.127042305,0.127190588,0.127570024,0.127594924,0.127691133,0.12778221,0.127685043,0.12789502,0.12817952,0.128297623,0.128784059,0.129014974,0.129241699,0.129411091,0.129504825,0.129798362,0.129841564,0.129542513,0.12956391,0.129527472,0.129683446,0.12974231,0.129876012,0.129984976,0.130011035,0.130070725,0.130027791,0.130055287,0.130044475,0.130303718,0.13049993,0.130759791,0.130877631,0.130805219,0.130923153,0.131211896,0.131365872,0.13154438,0.131513279,0.131365016,0.13155475,0.131621525,0.131698485,0.131539888,0.13178271,0.132005582,0.131948753,0.131892633,0.131970738,0.13210481,0.131945047,0.132086056,0.13212511,0.132079322,0.132168189,0.132153531,0.132114098,0.132309086,0.132384928,0.132397534,0.132363042,0.132412411,0.132371893,0.132446199,0.132625093,0.132481405,0.132594741,0.132691302,0.132818295,0.132789283,0.132882583,0.132880739,0.132870269,0.132950431,0.13299822,0.133083473,0.133002671,0.132903777,0.132891592,0.133052914,0.133116963,0.133131808,0.133095785,0.133070234,0.133095216,0.13317991,0.133090393,0.133188485,0.133214417,0.133038186,0.132988049,0.133099181,0.133011374,0.132983102,0.132991713,0.13302272,0.133032383,0.13300685,0.132899029,0.13286675,0.1329484,0.132857867,0.132858501,0.132863873,0.132980127,0.133040099,0.1331337,0.133176649,0.133206479,0.133301431,0.133390653,0.133477311,0.133764588,0.134027962,0.13406763,0.134077618,0.134078292,0.134201723,0.134560978,0.134572432,0.134653484,0.134890539,0.134916598,0.135002517,0.135283901,0.135434979,0.135466534,0.135525211,0.135812149,0.136018118,0.135915736,0.135996422,0.136383342,0.136477781,0.136606407,0.13667811,0.136744878,0.136974489,0.137022736,0.137074404,0.137393377,0.137576654,0.137702812,0.137881161,0.137909318,0.138126137,0.138388513,0.138496056,0.138780778,0.13882285,0.13878748,0.138971298,0.139097522,0.139075753,0.139351351,0.13953678,0.139852651,0.140007266,0.140048693,0.140169371,0.140195309,0.140228287,0.140437025,0.140595083,0.14063879,0.14090836,0.141011205,0.14121182,0.141280317,0.141392919,0.141719982,0.141696485,0.141774468,0.142007863,0.14214337,0.142413894,0.142601424,0.142554493,0.142644662,0.142910405,0.143207143,0.143398471,0.143556639,0.143820263,0.143931193,0.143955826,0.144069298,0.144298456,0.144387575,0.14469969,0.144889636,0.144937905,0.145056836,0.145013038,0.145188257,0.145496501,0.145510706,0.145802664,0.145744181,0.145700013,0.146106883,0.146294011,0.146317448,0.146400628,0.146562857,0.146882798,0.147025415,0.147101399,0.147570087,0.147564762,0.147524804,0.147821783,0.14798438,0.148161997,0.148333759,0.148498518,0.148775555,0.148893324,0.149109108,0.149193459,0.149515165,0.1494377,0.149637745,0.149599118,0.14966612,0.149909093,0.150141921,0.150235,0.150596759,0.150613358,0.150680771,0.150834716,0.151022288,0.151278851,0.151252056,0.151196873,0.15134717,0.151253908,0.151583339,0.152024216,0.151827477,0.151787446,0.151860676,0.152229631,0.152233449,0.152364187,0.152455407,0.152403619,0.1522022,0.15253824,0.152947759,0.153108887,0.153024865,0.152921078,0.152768917,0.153290713,0.153567695,0.153660279,0.153766127,0.153208036,0.153501475,0.154222696,0.153676987,0.154133528,0.153875922,0.153897301,0.154111704,0.153975071,0.154202935,0.154335298,0.153997975,0.154585157,0.153979584,0.154247895,0.154133817,0.154137208,0.15442319,0.154357955,0.154321698,0.154765613,0.155148209,0.154588356,0.154622189,0.155187182,0.153992746,0.154339331,0.15458513,0.153886051,0.1548097,0.154816518,0.154664042,0.154865445,0.155375977,0.154985566,0.155200208,0.15454385,0.155663885,0.155270755,0.154352064,0.153705021,0.154758689,0.155650703,0.155531342,0.155252927,0.155069383,0.155427244,0.15545719,0.156764335,0.156008673,0.155628486,0.156163205,0.155840725,0.15582618,0.155544794,0.156503939,0.155246072,0.155124896,0.156171487,0.155900005,0.156523118,0.156729463,0.156159998,0.155812701,0.155912713,0.156612665,0.155918368,0.156000418,0.155790929,0.156246205,0.155950243,0.155995469,0.156090458,0.155990641,0.156167475,0.156454782,0.156414923,0.156389645,0.155808879,0.156472065,0.156601588,0.156774318,0.156825713,0.156584475,0.156199467,0.15693181,0.156988845,0.157264495,0.157041744,0.157224985,0.157457531,0.157631622,0.157782021,0.157739031,0.157654209,0.157565719,0.157403904,0.157653742,0.158009801,0.157592772,0.157895046,0.158174432,0.1579304,0.158386155,0.158306331,0.158286666,0.15827099,0.158380048,0.158339168,0.158804831,0.15867621,0.158574534,0.15862521,0.158736586,0.159073206,0.158852891,0.1587235,0.158908076,0.159019436,0.158937681,0.158549584,0.158105811,0.159040755,0.159397273,0.158823716,0.159415979,0.159607446,0.159404417,0.159664456,0.1596248,0.160011686,0.160378045,0.159637031,0.159541392,0.159556115,0.159493234,0.159547999,0.159653672,0.160319626,0.160873326,0.159940629,0.160357307,0.160751142,0.160111004,0.160969299,0.160607375,0.160324662,0.161388629,0.160479311,0.161178617,0.16204198,0.161053372,0.161398443,0.161404828,0.161365193,0.162130642,0.161229186,0.161053424,0.162306212,0.162210888,0.162370884,0.16203357,0.161770643,0.163472821,0.16199897,0.161138249,0.162787226,0.162924593,0.163213673,0.163709644,0.16310225,0.163521281,0.162554084,0.162143919,0.163185407,0.163054825,0.163778704,0.163314788,0.163984941,0.164004095,0.164145108,0.16420313,0.164294432,0.164421441,0.164580213,0.164743791,0.164905611,0.164883025,0.164833438,0.164762162,0.164784396,0.164709637,0.16488053,0.16557603,0.165793592,0.165974772,0.166025181,0.166050578,0.165697562,0.165632213,0.165796973,0.165973037,0.166363484,0.166598382,0.166885584,0.166951124,0.166615558,0.166643623,0.166727562,0.167139161,0.167673554,0.16780591,0.168294951,0.168330205,0.167939254,0.167536418,0.167493967,0.167082818,0.16723334,0.168015272,0.168322151,0.168809126,0.169069261,0.168861395,0.168966287,0.16896417,0.168876107,0.169102,0.16927571,0.16953075,0.169920399,0.170023808,0.169981651,0.169966294,0.169820072,0.169755498,0.169912193,0.170093534,0.170578663,0.170698275,0.170643024,0.170549483,0.170351579,0.169985149,0.170066857,0.17039433,0.170832526,0.171376468,0.171572068,0.171629328,0.171715275,0.171495193,0.171104957,0.171374903,0.171085746,0.17072375,0.170947903,0.171251033,0.171308467,0.171579884,0.171732738,0.171559784,0.171571329,0.171717295,0.171676538,0.171511108,0.171168553,0.171320378,0.171728099,0.17184975,0.171987556,0.17211041,0.171830886,0.171850371,0.171968029,0.1720381,0.172215391,0.172251187,0.172280627,0.172239457,0.172401913,0.172474085,0.172564414,0.172666259,0.173001281,0.173097921,0.17316667,0.173360122,0.173637463,0.173637209,0.173478827,0.173465248,0.173155016,0.173341956,0.173549623,0.173646788,0.173926424,0.17422992,0.174350255,0.174425445,0.174455485,0.174621371,0.174532893,0.174312986,0.17428031,0.174410073,0.174468594,0.174688901,0.174660674,0.174697123,0.174751407,0.174753104,0.175063812,0.175186311,0.175264572,0.175260085,0.175114966,0.174957861,0.174874089,0.17463551,0.174645884,0.174535283,0.174493269,0.17457799,0.174571903,0.174611158,0.174546204,0.174655281,0.174455481,0.174164398,0.174064486,0.174056699,0.173996626,0.174258453,0.174356274,0.174215457,0.17405331,0.174194365,0.174223634,0.174321063,0.174361195,0.174486227,0.174625515,0.174737312,0.174644284,0.174475108,0.174653582,0.174569068,0.174720105,0.17473007,0.174664237,0.174884511,0.175009182,0.17500872,0.175297645,0.175508583,0.175575554,0.175649463,0.17582888,0.175935434,0.175904307,0.175854604,0.176158911,0.176122327,0.175965302,0.176352675,0.176491399,0.176800398,0.176964488,0.177086143,0.177166799,0.17696739,0.176893099,0.177210221,0.177253903,0.177277283,0.177511694,0.177577548,0.177731914,0.177987641,0.178130952,0.178255682,0.178428225,0.178478434,0.178307058,0.178312325,0.178427154,0.178612452,0.179197624,0.179544815,0.179579869,0.179754059,0.179731486,0.1799123,0.180343324,0.180609244,0.180694018,0.180852175,0.180953163,0.181061236,0.181289118,0.181640581,0.181734974,0.181820781,0.181842781,0.181877363,0.181968586,0.182124933,0.182295534,0.182577355,0.182763365,0.183198931,0.183413388,0.183425649,0.183547702,0.183708366,0.183695863,0.184060355,0.18431286,0.184415942,0.184686289,0.184623022,0.184701782,0.184808758,0.184813519,0.185048519,0.185428008,0.185628413,0.185833323,0.186015663,0.186151298,0.186354805,0.186486419,0.186582505,0.186751021,0.186818218,0.187011146,0.187061201,0.187093175,0.187062553,0.187040225,0.187244687,0.187484604,0.187742894,0.187969796,0.188177336,0.188276801,0.188337226,0.188382652,0.188299312,0.188463167,0.188802716,0.18893309,0.188906021,0.18908216,0.189514356,0.189536643,0.189569008,0.189690504,0.189570135,0.189205336,0.189292468,0.189542293,0.189587446,0.189571297,0.189772503,0.190128157,0.190236605,0.190408966,0.190546212,0.190428255,0.190396034,0.190467374,0.190551215,0.190542961,0.190568485,0.190600577,0.190560222,0.190583,0.190656586,0.190723939,0.190788913,0.190971994,0.190978233,0.190888068,0.190812921,0.190776103,0.190717169,0.190694782,0.190754259,0.190719038,0.190455902,0.190468904,0.190720393,0.190672435,0.190731156,0.190716317,0.190514724,0.190441247,0.190522634,0.190453332,0.190329672,0.190170462,0.190017559,0.189885702,0.189834455,0.189745482,0.189631585,0.189514968,0.18944333,0.189373304,0.18919647,0.189022031,0.188878192,0.188622071,0.188517855,0.188570865,0.188546845,0.188480585,0.188324051,0.188162039,0.187912834,0.187541343,0.187365885,0.187246381,0.187061582,0.187000976,0.186905859,0.186888052,0.186816121,0.18671295,0.186558952,0.186241299,0.186132971,0.185918959,0.185703647,0.185669096,0.185588122,0.185408286,0.185296969,0.185241708,0.185190226,0.184959585,0.184610902,0.184344004,0.184040211,0.183739559,0.183601332,0.183257302,0.182611632,0.182021609,0.181405713,0.18070853,0.180181934,0.179426002,0.178404759,0.177427958,0.176574529,0.175607676,0.174503654,0.173356627,0.172106308,0.170649781,0.169349984,0.168084389,0.166645543,0.165108985,0.163558335,0.161822662,0.160231613,0.158671657,0.156923093,0.155190633,0.153590465,0.151866196,0.150089725,0.148535168,0.146906979,0.145135222,0.143670268,0.142214564,0.140856364,0.139472092,0.138168717,0.13684414,0.135620512,0.134454362,0.133247189,0.132045584,0.131019814,0.130108167,0.129363135,0.128600605,0.12798258,0.12738673,0.126616428,0.126019621,0.12550953,0.124982096,0.124462696,0.123971841,0.123482955,0.123020743,0.122599998,0.122224726,0.12186282,0.121543776,0.12132653,0.120954638,0.120508194,0.120130604,0.119765367,0.11948284,0.119155925,0.118891933,0.118721193,0.118515917,0.118457903,0.1182814,0.11799226,0.117912779,0.117768393,0.117654098,0.117907849,0.117969339,0.118084602,0.11824912,0.118401991,0.118477571,0.118785914,0.118948253,0.119191842,0.119378616,0.119573827,0.119587125,0.119850366,0.120115288,0.120454541,0.120715005,0.120958014,0.121322447,0.121587092,0.121754503,0.122189758,0.122624746,0.123064114,0.123704282,0.124167389,0.1247048,0.125183971,0.125640592,0.126129135,0.126572412,0.127032504,0.127413636,0.127885924,0.128414983,0.129050062,0.129605818,0.130230794,0.130987941,0.131448773,0.132119435,0.132635143,0.133125518,0.133663716,0.134173051,0.134818831,0.135537769,0.135902729,0.136604054,0.137255761,0.137940364,0.138441777,0.139150582,0.139837123,0.140554766,0.141212558,0.142028962,0.142629533,0.143396314,0.144082164,0.144878094,0.145577729,0.146381664,0.14708913,0.147775528,0.14833038,0.148886037,0.149161744,0.149739814,0.150367056,0.151056549,0.151822064,0.152341933,0.152812172,0.153526613,0.153912321,0.154477919,0.155081113,0.155798088,0.156333358,0.156718089,0.157155545,0.15772105,0.1582712,0.158816255,0.159581564,0.160109108,0.160538367,0.161081561,0.161390512,0.161913276,0.16244552,0.162779493,0.163268015,0.163671193,0.1643842,0.164721342,0.165286403,0.165762256,0.166244947,0.166810335,0.167236735,0.167810063,0.1685236,0.169042396,0.169661651,0.1701396,0.17052513,0.170941372,0.171437815,0.171951648,0.172522735,0.172863383,0.173187999,0.173813042,0.174263324,0.174610776,0.175183088,0.175646239,0.176049999,0.176615022,0.177104772,0.177575997,0.177881518,0.178259547,0.178609089,0.17904598,0.179317932,0.179668886,0.179966859,0.1802072,0.180606,0.18106519,0.18142944,0.181649324,0.182164166,0.182682356,0.183059301,0.183387139,0.183871064,0.184017533,0.184419146,0.184968977,0.185319099,0.185592345,0.185991812,0.186334869,0.186584429,0.18685613,0.187207646,0.18731657,0.187579489,0.187809421,0.188275188,0.188722661,0.188947762,0.189086395,0.189265882,0.189697582,0.189932747,0.190165659,0.190347614,0.19029797,0.19024464,0.190693214,0.191102388,0.19147761,0.191584268,0.191671459,0.19192201,0.192175985,0.192268907,0.192543458,0.192826473,0.192905239,0.193132022,0.193575526,0.193747322,0.194011266,0.194253656,0.194279436,0.194372279,0.194231255,0.194402264,0.19483751,0.195035274,0.195121623,0.195244724,0.195239665,0.195505751,0.19585033,0.196024005,0.196063758,0.196380924,0.196694493,0.196665489,0.196757279,0.196958447,0.19703178,0.196993469,0.197199822,0.197508441,0.197585734,0.197889291,0.198309274,0.198461913,0.198792138,0.198972043,0.198869429,0.1988644,0.198841258,0.199044764,0.199203405,0.199386949,0.199505213,0.19963829,0.200046768,0.200388004,0.200598548,0.200700173,0.200751069,0.201019797,0.201243085,0.201070148,0.200680068,0.200639047,0.200662205,0.200759501,0.201245955,0.201468695,0.201527482,0.20160882,0.201605321,0.201476,0.201198851,0.20122267,0.201201075,0.201564467,0.201798749,0.202059856,0.202415693,0.202312058,0.202204289,0.20213363,0.202172381,0.20247855,0.20246189,0.202402899,0.20229565,0.202332701,0.202384425,0.202313059,0.202281947,0.20196027,0.201922006,0.202082126,0.202083879,0.202020789,0.20197684,0.201764229,0.201545317,0.20167847,0.20168233,0.201424385,0.201349858,0.201422287,0.201303484,0.201102614,0.200884876,0.201028099,0.201194966,0.200986326,0.200960327,0.200736552,0.200357671,0.199791638,0.199799024,0.199545003,0.19942822,0.199625391,0.199181257,0.198536059,0.198360676,0.198103443,0.197878137,0.19767619,0.197361636,0.196563226,0.196446329,0.196490741,0.196341642,0.196046194,0.195915801,0.195503985,0.194965219,0.194303594,0.194044196,0.193724636,0.193819577,0.193963974,0.193396852,0.192964982,0.192766861,0.192680026,0.192300045,0.19186452,0.191533026,0.190996439,0.190749919,0.190159928,0.189749483,0.189803308,0.19016265,0.190310904,0.190524475,0.190440481,0.189914119,0.189239359,0.188313287,0.187678906,0.187782253,0.187669356,0.187503723,0.187314449,0.186755281,0.186354005,0.186492539,0.186315987,0.18606776,0.185696789,0.185567698,0.1850936,0.184833525,0.185017717,0.185008857,0.185081813,0.184956313,0.184825756,0.184671119,0.184163441,0.183718806,0.183401981,0.18363329,0.183684942,0.183876078,0.184086444,0.184311987,0.184394537,0.184606133,0.184827623,0.184695288,0.18451267,0.184482546,0.184429154,0.184016425,0.184016332,0.184199089,0.184887002,0.184668284,0.183748461,0.183683993,0.183393294,0.183560883,0.184223231,0.184753803,0.184833906,0.184029424,0.18430037,0.184026432,0.184328269,0.185332954,0.185756025,0.185928762,0.185917696,0.186017437,0.185850004,0.185159853,0.184554008,0.184545772,0.184059667,0.184002436,0.184712588,0.184605332,0.184444137,0.185253195,0.184928485,0.184264827,0.18398103,0.184790675,0.184840306,0.184931238,0.185108486,0.185024029,0.184089316,0.18394224,0.18417267,0.183331457,0.183153493,0.18275135,0.181790626,0.181665702,0.181123528,0.180832566,0.179687875,0.179536452,0.179198974,0.178110987,0.177603084,0.177395612,0.176327122,0.175919459,0.175901343,0.174451171,0.17296209,0.171712221,0.17020209,0.168525908,0.16673172,0.165530966,0.164744084,0.163167281,0.161613628,0.159897634,0.157082259,0.15518426,0.15283773,0.150796681,0.148291914,0.145933631,0.143151364,0.140278322,0.138459903,0.135644627,0.133074599,0.130666122,0.128211691,0.125438076,0.122634443,0.120035501,0.117283988,0.114726063,0.112026519,0.108995508,0.105987064,0.103047412,0.100605549,0.098447917,0.097232851,0.095937449,0.093466725,0.091032697,0.088941158,0.086288013,0.084517386,0.083040967,0.081802973,0.080061853,0.078595933,0.076974456,0.07556454,0.074672006,0.073696355,0.072809995,0.072211227,0.071348334,0.070440654,0.069580129,0.068862293,0.068187811,0.06725475,0.06716626,0.066549997,0.066012606,0.065833643,0.065178996,0.064536553,0.06373708,0.063346655,0.062807231,0.062477211,0.06220668,0.061742815,0.061406643,0.061203789,0.061263441,0.060996775,0.060746158,0.060573808,0.060284188,0.059904835,0.060186438,0.060474766,0.060258587,0.060281956,0.059946283,0.059279797,0.05893625,0.058762283,0.058328331,0.058429666,0.058775823,0.059582676,0.059711897,0.060612863,0.061173698,0.060820363,0.061345931,0.061449986,0.061546431,0.061912828,0.062098164,0.062433406,0.0627793,0.063175347,0.063640609,0.0640324,0.064349272,0.0649609,0.065582179,0.066026038,0.066493017,0.066561674,0.066920023,0.067314007,0.067617613,0.067906164,0.068396791,0.068919738,0.06925618,0.069836997,0.070456027,0.070735383,0.071408766,0.072191528,0.072527931,0.073039944,0.07390682,0.074438685,0.074931847,0.075322042,0.07560681,0.075681897,0.076299312,0.076421969,0.076740809,0.077840659,0.078370291,0.079243229,0.080130212,0.081272701,0.081967407,0.082275046,0.082894599,0.083204584,0.083969129,0.084770711,0.08536541,0.086093302,0.086837813,0.087556595,0.088499585,0.08907529,0.089580943,0.09023785,0.090754628,0.091692548,0.092963381,0.093890209,0.094699188,0.095497399,0.096730019,0.097921907,0.098463737,0.099112673,0.099402586,0.098883871,0.099299821,0.100635641,0.101391541,0.101995015,0.10238552,0.102797839,0.103064685,0.103447557,0.104184272,0.104215336,0.104113277,0.104608379,0.105249387,0.105925776,0.107062906,0.107536635,0.108175584,0.108685994,0.108783614,0.109139316,0.10949523,0.109671987,0.109772816,0.110261109,0.111447894,0.112063423,0.112871693,0.114088722,0.114862168,0.11470542,0.114718442,0.114374971,0.114515889,0.115523771,0.115956293,0.116669766,0.1171731,0.117091289,0.117362929,0.117548,0.117698148,0.118396913,0.118733266,0.11910727,0.120456328,0.120659241,0.120973986,0.121109389,0.121649778,0.122310824,0.123318176,0.125018471,0.125306812,0.125066503,0.125423885,0.125101578,0.125732355,0.126178093,0.126170727,0.126792002,0.127486885,0.128311908,0.128748968,0.128642514,0.128849196,0.129012336,0.129840655,0.131018108,0.130637756,0.131021673,0.131640708,0.131612692,0.132956011,0.133299083,0.132672022,0.133261663,0.13399185,0.133626076,0.13404669,0.134731016,0.13470544,0.135157259,0.136880176,0.137115334,0.137128389,0.137660323,0.137829178,0.136774946,0.137747607,0.137891854,0.137958587,0.139408955,0.140005125,0.140400989,0.140849516,0.142355968,0.143018368,0.143178924,0.143356109,0.143314098,0.14339355,0.143124416,0.143110978,0.143751217,0.143981575,0.143395169,0.143689966,0.142830667,0.142692991,0.143301053,0.142117947,0.143677462,0.144029144,0.14372561,0.14502997,0.145554174,0.145987672,0.146339082,0.14497706,0.144846134,0.14468202,0.144588106,0.146483576,0.146313943,0.145931654,0.146881507,0.14842958,0.14883105,0.149694081,0.149215526,0.148700813,0.148853929,0.149125733,0.149320179,0.149959785,0.14904728,0.149664832,0.148227449,0.148807802,0.146852019,0.148082337,0.14790916,0.148344443,0.146700986,0.148467291,0.147961267,0.148295029,0.149195999,0.14897447,0.149115699,0.150301878,0.149970115,0.14945685,0.150701899,0.149649055,0.149777212,0.150852668,0.15142741,0.152444578,0.153176037,0.152502854,0.151489046,0.152528417,0.152584376,0.15176294,0.150259088,0.149612494,0.148125411,0.148783246,0.147515284,0.148738828,0.147889336,0.14935072,0.151052064,0.150864184,0.152333022,0.152122644,0.150243791,0.150095032,0.150563388,0.150318979,0.149773563,0.149337182,0.149295703,0.149901327,0.148606625,0.148351505,0.148090869,0.148657388,0.149285303,0.149646808,0.150448659,0.151725768,0.150787845,0.150314862,0.148527309,0.1473333,0.14825635,0.146528937,0.1473664,0.148564105,0.150552418,0.151240526,0.151868706,0.152192799,0.152022853,0.152803801,0.151744042,0.152000093,0.151800082,0.151105501,0.151262199,0.149784616,0.150853317,0.150121347,0.149986788,0.150091666,0.148116831,0.149087195,0.150219448,0.152134257,0.15331684,0.152543696,0.151669871,0.152044368,0.150213804,0.150385539,0.149137164,0.148165396,0.146581232,0.146872497,0.149527644,0.150749806,0.152537146,0.152433382,0.150707926,0.151203464,0.150274171,0.149503479,0.148750245,0.147207615,0.148046275,0.148443119,0.148903658,0.148260871,0.147627647,0.148426487,0.148239288,0.147899794,0.147768602,0.145680306,0.144446876,0.142652677,0.14257753,0.14292208,0.144261284,0.144714556,0.145255622,0.145807861,0.146099217,0.14626358,0.147075646,0.1476371,0.147630919,0.149585071,0.150733698,0.15196379,0.150406915,0.146175051,0.145381075,0.144953609,0.144044688,0.143143727,0.142312358,0.141448708,0.141729415,0.141972497,0.141805102,0.141191237,0.140596521,0.138436891,0.138053432,0.137526183,0.137699252,0.139033311,0.140032785,0.137743024,0.137007259,0.13661051,0.135574071,0.13648107,0.138123509,0.139204676,0.139425723,0.139849522,0.140844491,0.138896221,0.13872798,0.140440682,0.139941097,0.141466738,0.141823078,0.13918329,0.138016538,0.138538569,0.138390935,0.140266259,0.141129542,0.138687346,0.138201279,0.136570559,0.13404936,0.134397154,0.135090094,0.136171477,0.135558598,0.136586716,0.136458546,0.132634016,0.131257096,0.132255442,0.131713376,0.13009127,0.129042172,0.128434789,0.128453245,0.129211878,0.130860214,0.129795279,0.128135621,0.127629245,0.12710078,0.126549767,0.126846091,0.125063175,0.125930745,0.126254034,0.125610332,0.126081556,0.125117181,0.124294909,0.126678031,0.126857936,0.124780238,0.12461582,0.122080467,0.119824743,0.119617795,0.11929956,0.118538899,0.117174294,0.118505326,0.11750585,0.113977477,0.113976973,0.114008083,0.114004146,0.118548015,0.120408158,0.118591377,0.118638169,0.119715363,0.116435105,0.111916404,0.110502681,0.106495364,0.106046886,0.109161035,0.11170601,0.117785803,0.119690028,0.116005884,0.116856168,0.117282424,0.115223609,0.117637122,0.115177842,0.108603935,0.104345445,0.100432943,0.095020502,0.091593969,0.091680199,0.093117633,0.096364969,0.10195117,0.108181616,0.105453084,0.107165251,0.108165291,0.105195014,0.106857689,0.107468628,0.10269258,0.097776077,0.096385986,0.096685958,0.096166933,0.087895611,0.085450227,0.088530107,0.095258583,0.109677018,0.120266516,0.117005977,0.10898127,0.101719697,0.095192448,0.091064786,0.090379144,0.092421672,0.095514223,0.095812487,0.098722392,0.100834686,0.098086731,0.101614455,0.103481688,0.099448249,0.099542357,0.094502651,0.093017924,0.090079437,0.094737289,0.106745328,0.11096666,0.122503146,0.124902964,0.117619637,0.106358923,0.096855267,0.085684,0.081559508,0.07646941,0.075511848,0.074716863,0.081136894,0.084850275,0.083151976,0.086479983,0.08566664,0.080309852,0.078415687,0.076376451,0.068008585,0.071730042,0.076519612,0.076600607,0.078479484,0.088710259,0.087056409,0.08077703,0.080233313,0.078341625,0.072804997,0.064261572,0.055742876,0.059531376,0.070726259,0.071763733,0.073329345,0.062225666,0.050164927,0.046075231,0.050721629,0.063485449,0.075697071,0.105718238,0.121220702,0.12113542,0.121879802,0.111027277,0.107855544,0.102307969,0.097525523,0.100302575,0.092209607,0.110179875,0.126835381
/data/asd/1/1549991325-00.asd,sp2_run8,144,60,144,0,60.0894,0,0.074340679,0.069985371,0.075220166,0.078982536,0.080554629,0.081333859,0.082009354,0.086260319,0.089060022,0.084198576,0.07842022,0.079476132,0.081109522,0.076521322,0.08117249,0.085485783,0.07937784,0.082650835,0.082347305,0.082698817,0.085162709,0.081466672,0.081844792,0.084563004,0.08608281,0.086430177,0.085833927,0.085271483,0.085308916,0.086142356,0.086314342,0.084472983,0.086896661,0.086727381,0.086290118,0.091216132,0.089217325,0.087121815,0.090083997,0.091082944,0.090126667,0.089647391,0.090309752,0.09182123,0.09329787,0.093764987,0.092550217,0.09123986,0.092908726,0.095233098,0.095700212,0.095590819,0.095477103,0.094178111,0.094182936,0.095440141,0.09645829,0.096521682,0.098231097,0.097985071,0.096567983,0.097303261,0.098464156,0.098906237,0.098173369,0.098770085,0.100110406,0.101109659,0.100488272,0.100213056,0.100769671,0.101960624,0.103038095,0.103210151,0.103804772,0.103974402,0.104944738,0.104968981,0.105485283,0.106774568,0.106647429,0.106372667,0.107155045,0.108801678,0.108577038,0.108491409,0.11007401,0.110510384,0.10959238,0.109602284,0.111754473,0.112293238,0.112065598,0.112191084,0.113322615,0.113590549,0.113902466,0.114818082,0.11459008,0.115215755,0.115918293,0.116056615,0.116426391,0.117012227,0.117821574,0.117629495,0.117796612,0.118430154,0.119124153,0.118898885,0.119114605,0.119601006,0.120232132,0.120453381,0.120566083,0.121204987,0.121385163,0.121887076,0.122068577,0.122637847,0.123154084,0.12299159,0.123147922,0.123980988,0.124276988,0.124495131,0.124635484,0.124947823,0.125794891,0.126186286,0.126102979,0.126369899,0.127298522,0.127736412,0.127160059,0.127940431,0.128403609,0.128532893,0.129394624,0.129655136,0.129958349,0.130642901,0.130665582,0.131198562,0.131804856,0.132025148,0.132759473,0.133125322,0.133497732,0.133821341,0.134221102,0.134486644,0.134891994,0.13547443,0.135838062,0.136669893,0.137296322,0.13761087,0.138127839,0.13841516,0.138737967,0.139333438,0.139906811,0.140363565,0.140572254,0.141007067,0.141679414,0.142130713,0.142404105,0.143088535,0.143213299,0.143562983,0.14394468,0.144249358,0.144764149,0.145294601,0.145680349,0.146174495,0.146698884,0.147195877,0.147423193,0.147975197,0.148411245,0.148700318,0.149124949,0.149516945,0.150065914,0.150622273,0.150718343,0.151448134,0.151685637,0.152133126,0.152434946,0.152658117,0.153048809,0.153619683,0.15384473,0.15416011,0.154618242,0.155066744,0.155374676,0.155637834,0.155960266,0.156506509,0.156658708,0.157194818,0.157640787,0.157997253,0.158459086,0.158907798,0.159165063,0.159534272,0.159960561,0.160178552,0.160289313,0.160635108,0.160702461,0.160852378,0.160951899,0.161385142,0.161677073,0.161669571,0.162173637,0.162725187,0.163126725,0.163799053,0.164252182,0.164472098,0.164536677,0.164696184,0.16490373,0.164869249,0.164633473,0.164487636,0.164389312,0.164542916,0.164276169,0.164190174,0.164209504,0.164276066,0.164217216,0.16420128,0.164309856,0.164298011,0.164570134,0.164757928,0.165036662,0.165225693,0.165361076,0.165493894,0.165599124,0.16577768,0.165944927,0.16601512,0.166106072,0.166164577,0.166223021,0.166361891,0.166214348,0.166379882,0.166475634,0.166361439,0.166427395,0.166553919,0.16674294,0.166619714,0.16667803,0.166807831,0.166861055,0.166802514,0.16678881,0.166807754,0.167015525,0.167195033,0.167308681,0.167308579,0.167267987,0.167235657,0.167284271,0.167360886,0.167309681,0.167448871,0.167528645,0.167563922,0.167526194,0.167659919,0.167696168,0.167615689,0.167627956,0.167564014,0.167699748,0.167726847,0.167643358,0.167677929,0.167914386,0.167923148,0.167919482,0.1679522,0.167969596,0.167935943,0.16802021,0.168068523,0.167992466,0.167942911,0.167895428,0.167896404,0.168116333,0.16799798,0.167770189,0.167844824,0.167880771,0.167784489,0.167627051,0.167591353,0.167502199,0.167534685,0.167514099,0.167547734,0.167467266,0.167537237,0.167552016,0.167679217,0.167821564,0.167868132,0.168021151,0.168199829,0.168201449,0.16838432,0.168560847,0.168648708,0.16890712,0.168909508,0.168963041,0.169281052,0.169494217,0.169577257,0.169835717,0.16978366,0.169694282,0.169932326,0.170132586,0.170275751,0.170238813,0.170625501,0.170828233,0.170689672,0.170827858,0.171117249,0.171166572,0.171258913,0.171420172,0.17151368,0.171755411,0.171696872,0.17186459,0.17225781,0.172231153,0.172586678,0.17282824,0.172683272,0.172893221,0.173280809,0.173371279,0.173414936,0.173738584,0.173859526,0.173977206,0.17399867,0.174182658,0.174561616,0.174631849,0.174775016,0.174998365,0.175086897,0.175130654,0.175350114,0.175386416,0.175431978,0.175453809,0.175698323,0.175991532,0.175965125,0.176265033,0.17643062,0.176620179,0.17698823,0.176951231,0.177063975,0.177335421,0.1772821,0.177526346,0.177776425,0.177842665,0.177967877,0.178214803,0.178547873,0.178819059,0.178992179,0.179213259,0.179302094,0.179446051,0.179694822,0.179924577,0.179905889,0.180200925,0.180396682,0.180509923,0.180702911,0.180655622,0.180748934,0.181085763,0.181114795,0.181451911,0.181331887,0.181316928,0.181694671,0.18180118,0.181820409,0.181854685,0.182115182,0.182514281,0.182645267,0.182692833,0.183213064,0.183103189,0.183049379,0.183481309,0.183563574,0.183798738,0.184089963,0.184244861,0.184419448,0.184523142,0.184913742,0.184904841,0.18512685,0.185060695,0.185449732,0.185345797,0.185350049,0.185662822,0.185911007,0.18602191,0.186400758,0.186513578,0.186576283,0.186633721,0.186731783,0.18701186,0.186959583,0.186747552,0.186866105,0.186806417,0.187071836,0.187668801,0.187645591,0.187563321,0.18761121,0.188019769,0.187933172,0.188124456,0.188309581,0.188259417,0.187982353,0.188243139,0.188651394,0.188989475,0.188896713,0.188635579,0.188481338,0.189155565,0.189493836,0.189514659,0.189641058,0.189110699,0.189327293,0.190185466,0.189556712,0.190045164,0.189774884,0.189797441,0.190028882,0.18985376,0.190032742,0.19004734,0.189652439,0.190413529,0.189728687,0.19012857,0.190112423,0.1897777,0.190172498,0.190104945,0.190023986,0.190396864,0.190669227,0.18993872,0.189949076,0.190748467,0.189449061,0.189921896,0.19019459,0.189152384,0.190231014,0.190327006,0.190093849,0.190294285,0.190945837,0.190403144,0.190847058,0.190123921,0.1913343,0.190861506,0.189788497,0.188922784,0.190094515,0.19118684,0.19093853,0.190627458,0.190467344,0.190669822,0.19064399,0.192098273,0.191308966,0.190869623,0.191297598,0.190969166,0.19108392,0.190462493,0.191574889,0.190121445,0.190053631,0.191422366,0.191247931,0.191835149,0.191456831,0.191218451,0.190987415,0.190876913,0.192054859,0.190729036,0.190717603,0.190840302,0.191110359,0.190780337,0.190849638,0.190545603,0.190510168,0.190756297,0.190875186,0.190748952,0.191020967,0.190403785,0.191078798,0.191054409,0.191459294,0.191358073,0.191012804,0.190699596,0.191356459,0.191432084,0.19195275,0.191609636,0.191585303,0.191911371,0.19170737,0.191677883,0.191896267,0.191979618,0.191937954,0.191892147,0.191860858,0.192158176,0.192097407,0.191917226,0.192368693,0.192244684,0.19242765,0.192196449,0.192281432,0.192210788,0.192402586,0.192122571,0.192454373,0.192384808,0.192512125,0.192542652,0.192589404,0.192646636,0.192789266,0.192387676,0.192873855,0.193276465,0.192566966,0.192503409,0.192169022,0.193015545,0.193165149,0.192520241,0.193100338,0.193512135,0.193207458,0.192888917,0.192346158,0.192879922,0.193275423,0.192843132,0.192650185,0.192795004,0.193142902,0.193349149,0.193079644,0.19293294,0.193039186,0.192929084,0.19360664,0.19400242,0.193620358,0.194574142,0.194632109,0.193937292,0.194968788,0.194531631,0.194720035,0.194810002,0.193908683,0.194706128,0.194633152,0.193555631,0.194278104,0.193965915,0.193921283,0.194789193,0.194705155,0.195821439,0.195400019,0.193988455,0.195802713,0.194723654,0.194311968,0.195778258,0.194860207,0.195067695,0.19553381,0.194912317,0.196059909,0.194914024,0.19362605,0.195313183,0.19614868,0.196269406,0.19614016,0.196388595,0.196239961,0.196695498,0.197044173,0.197327794,0.198379865,0.198305465,0.197278546,0.197035521,0.1969914,0.197038363,0.197772882,0.198110998,0.197925685,0.197999323,0.198247482,0.198477051,0.198439336,0.19880608,0.198901865,0.198809672,0.198884689,0.198793868,0.19880987,0.19904708,0.199064656,0.198841852,0.198841725,0.199267767,0.19939264,0.199629806,0.199690894,0.199427131,0.198979751,0.198691546,0.199120585,0.199172351,0.199806875,0.200107766,0.200115135,0.200174135,0.200211676,0.200220115,0.200599652,0.200709251,0.200818822,0.200890031,0.20092597,0.201086432,0.201190805,0.200667818,0.200512516,0.200810847,0.200968032,0.201442241,0.201707385,0.202289324,0.202273702,0.202170299,0.20203823,0.201702815,0.201430578,0.201793611,0.202214712,0.202525439,0.202600506,0.202505042,0.202391702,0.202419799,0.20246518,0.202489577,0.202694495,0.202976207,0.203071411,0.203330807,0.203387309,0.203292222,0.203381843,0.203433391,0.203737916,0.204175085,0.204337099,0.203982122,0.204106393,0.204151635,0.204183656,0.204722732,0.204829115,0.204700128,0.204924142,0.205190987,0.205361342,0.205500324,0.205768468,0.20547886,0.20523159,0.205398244,0.205378016,0.205494169,0.205743481,0.205706474,0.205794899,0.205781732,0.205447131,0.205430119,0.205417271,0.205447156,0.20531743,0.205540778,0.205585062,0.205447163,0.205697101,0.205823586,0.205950754,0.206118798,0.206081379,0.205855447,0.205712393,0.205660855,0.20588869,0.205920074,0.206128689,0.205933466,0.206134624,0.206420045,0.206398545,0.206487898,0.206447425,0.206078581,0.206188539,0.206091656,0.206039866,0.205922049,0.205698988,0.205828591,0.20597226,0.206256605,0.206425799,0.206618164,0.206451424,0.206117026,0.205788658,0.205688696,0.205695855,0.205921914,0.206155429,0.205984859,0.205780563,0.205486613,0.205415835,0.205543472,0.205557774,0.205564357,0.205602778,0.205664382,0.205775948,0.205877014,0.205846652,0.205696111,0.205754209,0.205743614,0.205848646,0.206040717,0.206288795,0.206339992,0.206307173,0.206416082,0.20649325,0.206722628,0.20669254,0.206888297,0.206998208,0.20720447,0.207456104,0.207711494,0.207669392,0.207628909,0.207699015,0.207761708,0.207911512,0.207922237,0.208132852,0.208348334,0.20835004,0.208724686,0.20885847,0.208818073,0.209021345,0.209058344,0.209307771,0.209524538,0.209657848,0.209781555,0.209718752,0.209627248,0.209578297,0.209552799,0.209694837,0.209842559,0.209853006,0.210297411,0.210570187,0.210651428,0.210783109,0.210836376,0.211078586,0.211240659,0.211226406,0.211306813,0.211281001,0.211176708,0.211374769,0.211580867,0.211801613,0.21172714,0.211986267,0.212427325,0.212673408,0.212727484,0.212914416,0.212939952,0.212849639,0.212882148,0.213033788,0.213144257,0.213369949,0.213337399,0.213431904,0.213575428,0.213572994,0.213665512,0.214151945,0.214257771,0.214315115,0.214485557,0.214523044,0.214747062,0.215086324,0.215382875,0.21560245,0.215728496,0.215597301,0.215595049,0.215908734,0.216038994,0.216280856,0.216811381,0.217101187,0.217134963,0.217328935,0.21742399,0.217518344,0.217727684,0.218038424,0.218364241,0.218497618,0.21876405,0.218794587,0.218694593,0.218752202,0.21912636,0.219296098,0.219345303,0.219842421,0.220149133,0.220237941,0.220497271,0.220885719,0.220987036,0.220972532,0.221069951,0.221037557,0.221237012,0.221766044,0.222003089,0.221991182,0.222158685,0.22243066,0.222535863,0.222658178,0.22287474,0.222929311,0.223033807,0.22316153,0.223442487,0.223574965,0.223635833,0.223847784,0.224108624,0.224158643,0.22407107,0.224182693,0.22420669,0.224206898,0.224351509,0.224478639,0.224591776,0.224654278,0.224639378,0.224649931,0.224761562,0.224824033,0.224871289,0.224893791,0.224724997,0.224629375,0.224555077,0.22455035,0.224594289,0.224752358,0.224786839,0.224901975,0.224954595,0.224798896,0.224695628,0.224666815,0.224522559,0.224268028,0.224188891,0.224209148,0.224089508,0.223783493,0.223690207,0.223791652,0.223685543,0.223833349,0.22370994,0.223329342,0.223109548,0.223001087,0.222910927,0.222688777,0.222386302,0.222176483,0.221850226,0.221706997,0.221725658,0.221573204,0.221289851,0.221213216,0.221196465,0.221034987,0.220952907,0.220756884,0.220419611,0.220353286,0.220538635,0.220280418,0.219797404,0.219498802,0.219016237,0.218744321,0.218694161,0.218601637,0.218500298,0.218517368,0.218351815,0.218146068,0.218096561,0.217847534,0.217633353,0.217604924,0.217425467,0.217195683,0.21691217,0.216459421,0.216164081,0.216083702,0.215747729,0.21531172,0.215011206,0.214578766,0.214059888,0.213587635,0.212958669,0.212316723,0.211528439,0.210745704,0.209759591,0.208701788,0.207679864,0.206586758,0.20543443,0.204197369,0.202891837,0.201547966,0.200124616,0.198616455,0.197057083,0.195436093,0.193666601,0.191867913,0.189992761,0.188066284,0.186104849,0.184385204,0.182720208,0.180915299,0.179344838,0.177666495,0.175855693,0.174298574,0.172574876,0.171060563,0.169512507,0.168057542,0.166487949,0.165155685,0.163841003,0.162589882,0.161679761,0.160657949,0.159604651,0.158746608,0.157810806,0.156828165,0.156071408,0.155188502,0.154505939,0.154023257,0.153364695,0.152656357,0.15210517,0.151514754,0.151032903,0.15073167,0.150412266,0.149924184,0.14959131,0.149405075,0.149033743,0.148510703,0.148131681,0.147803206,0.147503396,0.147251606,0.146936862,0.146675252,0.146379562,0.146283025,0.146061303,0.145812968,0.145775349,0.145599999,0.145445882,0.145682744,0.145689782,0.145746528,0.145883449,0.146067676,0.146226326,0.146461146,0.146394599,0.146660524,0.146822846,0.147117942,0.14751376,0.147803681,0.147919121,0.148235929,0.148345735,0.148590981,0.149080289,0.14943966,0.149774343,0.150241784,0.15061808,0.150968878,0.151283377,0.151675547,0.152282822,0.152724638,0.153194282,0.153697865,0.154114905,0.154588407,0.15517063,0.155716127,0.156240089,0.156929314,0.157466463,0.158089083,0.158877128,0.159350489,0.160184615,0.16075811,0.161207926,0.161730985,0.16213899,0.162767099,0.163468241,0.163994072,0.164824178,0.16566032,0.166519929,0.167234014,0.168073259,0.168808454,0.169616984,0.170310897,0.171167764,0.171740497,0.172561964,0.173322677,0.17415813,0.17494036,0.175826437,0.176494562,0.177309877,0.178041577,0.178737618,0.179209754,0.179895396,0.180589197,0.181345514,0.181912886,0.182515536,0.183336411,0.184185238,0.184654384,0.185307698,0.185738576,0.186572638,0.18750334,0.18801594,0.188596965,0.189245749,0.189751274,0.190276785,0.191033903,0.191563299,0.191943963,0.192486786,0.192799294,0.193325418,0.193872179,0.194241415,0.194882424,0.195325798,0.196106065,0.196444381,0.196978085,0.197559569,0.198278841,0.198959002,0.199467002,0.200059926,0.200649151,0.20115819,0.201909246,0.202448438,0.20303149,0.203548058,0.204185015,0.204794799,0.205435288,0.205828919,0.206161684,0.206749202,0.207298912,0.207914322,0.20850998,0.209016062,0.209364663,0.209655213,0.210117255,0.210612427,0.210867811,0.211173782,0.211549984,0.212046099,0.212455394,0.213232037,0.21365012,0.213992414,0.214361361,0.214491628,0.214794171,0.215120517,0.215544164,0.21583679,0.216179899,0.216431588,0.216919519,0.2172824,0.217677431,0.218052757,0.218361444,0.218630368,0.218956052,0.219163822,0.219414005,0.219720365,0.220255508,0.22075992,0.221138883,0.221313272,0.221772964,0.221966803,0.222225567,0.222615099,0.222841442,0.223363075,0.223659622,0.223850304,0.224127728,0.224412498,0.224337049,0.224620036,0.225023514,0.225144313,0.225251199,0.225636998,0.225970567,0.226168987,0.226317074,0.22661386,0.226892758,0.227091533,0.22728228,0.227542148,0.227684168,0.228025959,0.228435126,0.228759848,0.229063383,0.229085993,0.229338475,0.229694553,0.229869299,0.229879975,0.229906067,0.229814557,0.230090604,0.230365227,0.230610317,0.230977779,0.231393207,0.231775631,0.2317705,0.231740042,0.231977612,0.232289582,0.23221711,0.232272478,0.23256401,0.232611453,0.232857057,0.23330651,0.233407567,0.233596681,0.233870963,0.233997093,0.234110732,0.234207605,0.234493468,0.234669482,0.234872585,0.235129046,0.235106458,0.235054644,0.235363807,0.235570725,0.235638527,0.235901732,0.236232968,0.236133483,0.236033921,0.236105499,0.236099461,0.235975743,0.236104716,0.236632055,0.236776817,0.236900233,0.236995324,0.236642232,0.236745685,0.237278551,0.237357597,0.23712542,0.237269429,0.237254503,0.237139462,0.237294803,0.237185281,0.237057211,0.237151057,0.237242795,0.2372779,0.23703832,0.237160376,0.237296928,0.23729527,0.237247402,0.23725922,0.237164009,0.237051198,0.237189197,0.237007911,0.237030465,0.237211438,0.23705098,0.236851282,0.236755126,0.236896187,0.236826168,0.236325404,0.235941894,0.236069043,0.236025481,0.235935376,0.23567934,0.235250946,0.235285902,0.235239014,0.235175347,0.234733276,0.234464511,0.234318142,0.23438211,0.234163838,0.23400854,0.233676558,0.23298506,0.232613357,0.232558693,0.23240505,0.232294471,0.232226184,0.231968149,0.231326256,0.231095456,0.230702515,0.23034566,0.229712184,0.229617207,0.229734833,0.229211657,0.228555106,0.228115913,0.227606547,0.227290986,0.227508628,0.227565598,0.227252913,0.227083693,0.22699891,0.226427759,0.225840868,0.225779503,0.225560606,0.225163285,0.22464186,0.224629279,0.224527902,0.224516635,0.224039483,0.223820415,0.223607537,0.223289629,0.222952669,0.222508212,0.222055486,0.222167294,0.222184395,0.22190481,0.221707113,0.221256227,0.22085389,0.220484791,0.220347086,0.220359036,0.220131792,0.220419294,0.219945094,0.219768584,0.219975904,0.219782886,0.219808949,0.219666005,0.219218112,0.219128873,0.219088754,0.218620345,0.21830432,0.218530655,0.218166596,0.21819839,0.21843993,0.218608335,0.218423225,0.218399549,0.218348086,0.217974741,0.217943967,0.218177269,0.218387293,0.218179171,0.218510804,0.21842032,0.218444227,0.218194963,0.217471404,0.217663078,0.218212946,0.218808568,0.219730752,0.220262238,0.220344921,0.219404545,0.219555799,0.218803032,0.219006894,0.220083659,0.220406113,0.220560807,0.220486895,0.220773075,0.220585663,0.220195058,0.220689641,0.220983163,0.220717402,0.220583895,0.22031668,0.219789272,0.219538663,0.220021782,0.21955183,0.219059746,0.218714812,0.219616404,0.219559985,0.219317483,0.219460164,0.219407137,0.21834502,0.21802211,0.218179258,0.21730526,0.217101486,0.216922032,0.216605374,0.216874602,0.216461461,0.216392668,0.215557806,0.215183477,0.214457489,0.213515488,0.21286602,0.212266324,0.210993542,0.210372699,0.21034325,0.208575251,0.207255513,0.206187096,0.204607724,0.203328062,0.201781017,0.200550379,0.199532009,0.198025021,0.196462259,0.194608454,0.191858385,0.189895416,0.187200629,0.184952513,0.18241509,0.180198534,0.177376743,0.17457776,0.172637396,0.169039509,0.166215317,0.163500978,0.160404817,0.157757112,0.154934178,0.152193412,0.149255669,0.146476758,0.143265462,0.140003034,0.136812891,0.133881215,0.131557039,0.128739821,0.126119467,0.123481174,0.120570368,0.118405783,0.116743832,0.114783969,0.113195005,0.111151377,0.109040412,0.107453411,0.105648533,0.104094584,0.103017884,0.101722428,0.100807441,0.099375228,0.097910337,0.096863003,0.096255558,0.095513204,0.094564595,0.093868631,0.092148177,0.091125734,0.090213636,0.089469955,0.089047493,0.088460012,0.088001268,0.087591521,0.087593024,0.087245511,0.086864139,0.086413385,0.085436937,0.084607205,0.08467637,0.084742466,0.084360578,0.084375908,0.084108663,0.083183769,0.082369064,0.08215741,0.082180815,0.082498239,0.082512754,0.08229458,0.082290322,0.082474833,0.082544264,0.08258459,0.082921164,0.083241038,0.08339393,0.083144699,0.083588137,0.083858142,0.083969133,0.084672921,0.085167862,0.085615128,0.086065169,0.086572531,0.087113596,0.087675208,0.088413751,0.089215285,0.08967522,0.090460823,0.091344402,0.091598789,0.091556664,0.091717554,0.091732122,0.092131826,0.092965436,0.093532571,0.094282744,0.09475296,0.095157645,0.0956267,0.096316022,0.096933391,0.097814867,0.098891091,0.099369757,0.099945082,0.100372744,0.100736829,0.101117199,0.101346906,0.101705966,0.102084171,0.103042262,0.103958551,0.10450398,0.105941798,0.107305511,0.107902715,0.10883305,0.109707939,0.110053847,0.110758712,0.111755378,0.112953168,0.113958242,0.115064836,0.116445934,0.117293747,0.118007415,0.118514747,0.119270196,0.120348992,0.120936995,0.121798168,0.122636526,0.123238093,0.124001809,0.1247691,0.125381927,0.125573603,0.125656753,0.126355747,0.127039812,0.12767743,0.128642384,0.129407158,0.130295678,0.131087203,0.132262172,0.133147657,0.133680572,0.13399279,0.13445776,0.134629546,0.13518442,0.13555639,0.136034222,0.137028992,0.137476398,0.137632348,0.138188408,0.138374465,0.138386526,0.139182411,0.139890329,0.140162839,0.140902037,0.142294498,0.143160753,0.143801003,0.144023327,0.144692474,0.14495039,0.145162232,0.144820242,0.145400926,0.145444615,0.145703834,0.146762899,0.147445096,0.148571473,0.149213729,0.149975555,0.150947838,0.150980487,0.151747029,0.152292209,0.15251449,0.153092399,0.152951125,0.152819284,0.153057621,0.152852214,0.153456215,0.153556508,0.154794838,0.155682031,0.156671871,0.158127845,0.158356451,0.158033678,0.158431593,0.158095844,0.158857989,0.159239701,0.159092302,0.159864226,0.160645708,0.161392001,0.162026282,0.162098906,0.162429339,0.162825932,0.164043873,0.165271563,0.165598195,0.166193604,0.167102111,0.166576744,0.167106383,0.167505697,0.167133932,0.168093434,0.170202637,0.170079643,0.170526571,0.171146104,0.170436821,0.170502574,0.171586312,0.171363442,0.171415934,0.172202726,0.172369266,0.172086413,0.173615424,0.173795992,0.173888817,0.175364791,0.17614759,0.176902236,0.177492625,0.179659274,0.180184248,0.179563382,0.179194775,0.177965285,0.177737393,0.177728368,0.178225557,0.179997577,0.181108452,0.180787166,0.181740001,0.180939543,0.180976515,0.18190364,0.180471026,0.182071462,0.181709052,0.180850872,0.181416307,0.181858827,0.182749971,0.183481777,0.181875139,0.182061286,0.182382803,0.183331412,0.185330413,0.18568693,0.185233457,0.185179038,0.186742167,0.187625173,0.188302545,0.186966824,0.185469815,0.183927117,0.183784519,0.184052461,0.185169978,0.185488183,0.187269069,0.18698046,0.188047683,0.184677117,0.186226624,0.185677062,0.185757415,0.184353309,0.186814899,0.185764593,0.185951945,0.187041817,0.187026897,0.187132366,0.188057085,0.187834474,0.187678636,0.189568457,0.189385388,0.189445747,0.189712591,0.18995531,0.189756249,0.190153557,0.189392093,0.188081097,0.189476688,0.189851988,0.191106216,0.190527976,0.190721741,0.190014941,0.190277566,0.187864701,0.18853392,0.186346812,0.187263518,0.187777225,0.187744681,0.191816125,0.191890103,0.190332057,0.189730652,0.18725913,0.186324903,0.186330851,0.185970844,0.187224456,0.188577843,0.187246469,0.186600337,0.185482362,0.186564517,0.186988232,0.186008466,0.187495323,0.187982867,0.186308041,0.1878876,0.186673535,0.186927144,0.188658522,0.186857196,0.186675038,0.184771405,0.185608264,0.183829726,0.184073655,0.186277629,0.186712781,0.188428561,0.187892709,0.188892554,0.188948892,0.188139518,0.188886933,0.188007809,0.18850715,0.189350269,0.190343402,0.190891626,0.190192057,0.189966841,0.188997313,0.189047169,0.187093929,0.186085043,0.186694336,0.187926708,0.187173786,0.189103216,0.189430842,0.188722479,0.188026979,0.187550098,0.186716836,0.186636972,0.187528631,0.187046838,0.185746548,0.187082037,0.18676003,0.187269041,0.189809064,0.188852379,0.190374014,0.190434702,0.18815541,0.184749403,0.184495789,0.184599421,0.185387644,0.186155526,0.187287578,0.187047411,0.1852228,0.184108907,0.184173161,0.182780753,0.184813143,0.185050695,0.183473573,0.182798049,0.183510734,0.183367767,0.1842414,0.186961224,0.186192558,0.184966239,0.186059408,0.187964562,0.187042837,0.185272889,0.185616857,0.184211341,0.183550747,0.183751626,0.182455541,0.181793282,0.1811299,0.176458513,0.175329559,0.174967207,0.174911792,0.177270543,0.177863973,0.175687587,0.175828159,0.177278831,0.177227277,0.177176435,0.178398209,0.178504038,0.180187601,0.180245466,0.17928241,0.178007394,0.174573777,0.172702061,0.173501216,0.173121865,0.172795323,0.172810066,0.170831541,0.170404728,0.169756476,0.168948184,0.168352078,0.166905464,0.165911278,0.165668836,0.165702225,0.167450373,0.168898862,0.166270516,0.164262596,0.165411046,0.167241978,0.170546466,0.172234281,0.173971549,0.174500518,0.170005261,0.168068076,0.167115828,0.163855554,0.163521394,0.164621364,0.166049015,0.167860596,0.167332584,0.166048654,0.165045093,0.162725708,0.160939947,0.160022423,0.159575259,0.159743852,0.157083185,0.156902393,0.158969066,0.160917861,0.161835578,0.163960625,0.162626691,0.159771145,0.15929426,0.160303887,0.160004131,0.155010557,0.151480358,0.147078009,0.146457874,0.150849976,0.152416121,0.155420899,0.157497338,0.160247657,0.160581302,0.160979157,0.161500914,0.159595927,0.156725183,0.152399821,0.150127509,0.144365463,0.143451335,0.15129652,0.154380253,0.161910205,0.161639672,0.151142617,0.148526722,0.143672311,0.141753007,0.143488465,0.144370876,0.145362524,0.14713406,0.151078568,0.151653914,0.152598208,0.149717662,0.145931509,0.144472954,0.1426498,0.147042345,0.141599667,0.140242376,0.138892518,0.139331926,0.138752233,0.142682447,0.146361059,0.143200809,0.141996495,0.140842025,0.136516482,0.132884071,0.135025847,0.136063111,0.138644107,0.136772729,0.13127134,0.130979184,0.131843558,0.132450326,0.140704572,0.14156971,0.143178055,0.144315215,0.143434769,0.147399469,0.140032154,0.129367973,0.126051074,0.121106118,0.120263906,0.120580632,0.124160018,0.125697155,0.127613981,0.132399727,0.132947595,0.132293332,0.133921804,0.136619013,0.142051932,0.143797263,0.143384285,0.143699392,0.147169224,0.155428734,0.152280328,0.156149859,0.148524362,0.139849847,0.128328441,0.119342583,0.124891616,0.128440444,0.126502429,0.129900672,0.130091992,0.131447318,0.128146878,0.120974556,0.118599701,0.11330094,0.123449616,0.129497704,0.130254172,0.127097371,0.118108113,0.113375804,0.104935252,0.104902378,0.120696644,0.127752655,0.131324307,0.141511667,0.136941396,0.127009738,0.127630788,0.126265525,0.1280698,0.135486705,0.134385571,0.139525257,0.13484611,0.121559554,0.118507266,0.103988688,0.105547805,0.121964517,0.131981799,0.14546709,0.155096082,0.153615856,0.154480674,0.158487544,0.158125078,0.150419354
/data/asd/1/1549991336-00.asd,sp2_run8,144,40,144,0,40.2228,0,0.07569816,0.076034553,0.07940094,0.081931427,0.083202712,0.08210583,0.074612463,0.076277161,0.081200371,0.08102047,0.07280591,0.069476754,0.07601446,0.075009128,0.07559907,0.07671486,0.074778071,0.074880647,0.074567376,0.076321624,0.079972991,0.077807501,0.076880918,0.076464888,0.077728904,0.077235499,0.075607011,0.075351792,0.074969797,0.073576978,0.074088409,0.077235246,0.076370434,0.075543794,0.075760773,0.078015252,0.077091997,0.076074765,0.078255541,0.078291589,0.078343323,0.077739309,0.079206091,0.079623783,0.081134567,0.081122904,0.078291207,0.079672691,0.080807975,0.08082253,0.080848909,0.080694792,0.081265139,0.082689888,0.083482091,0.083479597,0.083247312,0.082498561,0.084867083,0.084571881,0.083656216,0.08521691,0.085269113,0.085177596,0.085153848,0.084865795,0.085759153,0.087156848,0.085502362,0.086439914,0.08756729,0.087838518,0.088250597,0.088794321,0.089720199,0.089533502,0.089887503,0.089750694,0.090280433,0.09118291,0.091372359,0.091967662,0.092566014,0.09255074,0.093210578,0.093591738,0.094393472,0.095141079,0.09485493,0.095224618,0.096520018,0.09645312,0.096204596,0.096246107,0.097336338,0.097918216,0.09838853,0.098578696,0.098272296,0.098735658,0.099572511,0.099989494,0.100256835,0.10057064,0.100861762,0.101061453,0.101257946,0.101531361,0.10201002,0.10268003,0.102822598,0.102817121,0.102899989,0.103475326,0.103995286,0.104569841,0.104201804,0.104817736,0.10507886,0.105034706,0.1053569,0.105804552,0.106179501,0.106342098,0.106262193,0.106889276,0.107596801,0.107908899,0.108349445,0.108375175,0.108529274,0.108836749,0.109303482,0.109668303,0.109726791,0.110447595,0.110662491,0.110601174,0.111148935,0.111749706,0.112259375,0.112692335,0.113024584,0.113520131,0.113797565,0.11362462,0.114355786,0.114748588,0.115253309,0.115808269,0.115999357,0.116282953,0.116918163,0.117314129,0.117673835,0.118267524,0.118583209,0.118507092,0.119210317,0.120006873,0.120203843,0.120643219,0.121104456,0.121614949,0.122087295,0.122163258,0.122402496,0.123317897,0.123255527,0.123787986,0.124064774,0.124480095,0.124810671,0.125098901,0.125739449,0.126202018,0.126451279,0.126693638,0.127380896,0.127911989,0.128280319,0.128776988,0.128814159,0.129023651,0.129532522,0.130119743,0.130572873,0.130982494,0.131070058,0.131779572,0.131825261,0.132272715,0.132702643,0.133065986,0.13327908,0.133736005,0.134163088,0.134524948,0.13489,0.135077784,0.135424042,0.135833849,0.13614678,0.136696138,0.136730122,0.137245596,0.137705074,0.138162326,0.138337233,0.138534019,0.138830169,0.13894348,0.139213374,0.1392941,0.139245202,0.139636636,0.139598402,0.139640852,0.140045205,0.140649624,0.141197129,0.141440056,0.141905313,0.142487329,0.142846254,0.143171843,0.143265808,0.143391138,0.143665214,0.143780598,0.143917142,0.143975121,0.14400111,0.144049279,0.143870133,0.14372228,0.143388111,0.143091173,0.143081561,0.143199541,0.143184227,0.14304532,0.143073177,0.143152474,0.14339708,0.143532668,0.143778811,0.144136217,0.144064757,0.144153589,0.144374853,0.144425484,0.144552128,0.144588521,0.144493985,0.144558271,0.144779271,0.144975362,0.144661829,0.144826043,0.144950028,0.144731512,0.14467656,0.14484528,0.145134044,0.145038783,0.145080374,0.145115491,0.145126112,0.145131737,0.145170888,0.145167651,0.145265146,0.145432274,0.14549312,0.145463815,0.145438449,0.145459278,0.14544088,0.145404963,0.145471606,0.14556238,0.145580611,0.145788819,0.145445814,0.145474567,0.145576735,0.145618721,0.145677767,0.14553691,0.145624542,0.145657699,0.145614246,0.145546938,0.145477201,0.145636382,0.145724126,0.145620591,0.145626072,0.1455191,0.145575164,0.145613542,0.145645826,0.145605585,0.14549332,0.145568105,0.145526608,0.145318353,0.145346697,0.145259323,0.145171886,0.14517614,0.145230662,0.145071341,0.144986748,0.145030748,0.145058104,0.145153118,0.1450381,0.144872433,0.144955335,0.145093323,0.145190162,0.145286669,0.145459376,0.145526854,0.145599335,0.14594364,0.146126701,0.146087137,0.146158255,0.146059542,0.146159351,0.146555678,0.146623343,0.146784136,0.146993359,0.146966729,0.147039964,0.147297577,0.147383486,0.147307644,0.147402299,0.147796423,0.148011157,0.147947339,0.148069245,0.148347228,0.148232186,0.14838682,0.148636333,0.148691328,0.148790826,0.148901605,0.149027917,0.149314759,0.149282361,0.149622234,0.149931989,0.149918999,0.15025796,0.1504314,0.150556373,0.150911685,0.150887259,0.15078855,0.150952871,0.151132106,0.151231083,0.151522841,0.151603828,0.151937321,0.152064393,0.152057116,0.152217951,0.152429772,0.152492904,0.152550133,0.152432006,0.152586852,0.152955576,0.153007249,0.153294631,0.153331551,0.153468332,0.153907595,0.15376958,0.15386939,0.154182957,0.154252157,0.154518799,0.154680467,0.154712886,0.155034812,0.155222116,0.155508373,0.155911015,0.156011205,0.156195757,0.156274363,0.156333903,0.156517247,0.156711461,0.156796036,0.157209852,0.15737121,0.157380724,0.157573204,0.157581909,0.157768305,0.158126061,0.158061412,0.158340023,0.158227116,0.158224562,0.158669799,0.158759737,0.158850896,0.158955469,0.15908361,0.159455798,0.159695345,0.159791515,0.160127162,0.160245903,0.16039917,0.160638015,0.160786433,0.161019021,0.161147669,0.161196759,0.161518767,0.161713771,0.16204012,0.162069606,0.162347768,0.162317372,0.162568252,0.162522084,0.16256027,0.162796986,0.163079374,0.163270167,0.163652007,0.163667641,0.163741251,0.163770283,0.163895677,0.164250668,0.164275865,0.164257505,0.164440352,0.164334855,0.164725114,0.165227588,0.164995478,0.164924147,0.164966125,0.165398987,0.165420464,0.165533974,0.165592637,0.165550506,0.165419857,0.16571688,0.166096136,0.166309227,0.166321494,0.166275373,0.166143201,0.16669531,0.166951293,0.166993015,0.16710527,0.166492124,0.166801466,0.167715804,0.167144285,0.167408451,0.1674097,0.167438475,0.167484862,0.167414935,0.167623617,0.167608533,0.167292636,0.168101999,0.16763785,0.167977571,0.1678188,0.167701707,0.168044899,0.168032149,0.16798171,0.168310667,0.168628094,0.168077011,0.168139748,0.16889898,0.167581837,0.16781773,0.168144497,0.1672979,0.168373668,0.168658635,0.168313572,0.168739509,0.169277629,0.168310865,0.168753175,0.168209055,0.169413285,0.168957085,0.168039509,0.167215613,0.16819275,0.169226413,0.169231892,0.16900055,0.168748796,0.169054322,0.1689583,0.170394205,0.169659534,0.169063204,0.169468518,0.169326711,0.169548206,0.168962399,0.17000207,0.168746603,0.16859347,0.169797162,0.169624928,0.17030951,0.17010674,0.169551737,0.169401901,0.169539592,0.170352426,0.169664433,0.169912872,0.169765455,0.169896749,0.169474463,0.169707151,0.169953604,0.169945732,0.170148669,0.170344256,0.170152126,0.170220065,0.169691873,0.170482498,0.170516165,0.170831657,0.170765022,0.170521954,0.170355598,0.171198979,0.171062605,0.17132142,0.171444877,0.171431057,0.171539772,0.171400373,0.171177407,0.171383584,0.171450111,0.171462147,0.171614628,0.171786926,0.172126048,0.171733598,0.171820552,0.172358877,0.172208029,0.172320875,0.17244324,0.172482655,0.172275253,0.172547564,0.172267661,0.17263265,0.172446367,0.172211464,0.172566057,0.172912505,0.173267018,0.173377231,0.172952695,0.172815089,0.172871378,0.173063721,0.17336857,0.173231145,0.174058236,0.173949103,0.173212966,0.173947805,0.174121027,0.173377682,0.174060426,0.173939046,0.173956104,0.174421111,0.174371903,0.174642606,0.174605178,0.17426558,0.174691567,0.174495169,0.174486106,0.175654488,0.174831034,0.174971702,0.175461988,0.1752253,0.176292331,0.176209702,0.176097232,0.177154953,0.176173995,0.176171569,0.176555033,0.175564685,0.176569185,0.17652465,0.175932817,0.177683021,0.177289207,0.176905744,0.177653018,0.176966033,0.177637281,0.177675344,0.177026861,0.177434387,0.176869273,0.176952817,0.178364579,0.178044631,0.1784809,0.178715947,0.177812098,0.178856718,0.178503841,0.177754081,0.178764358,0.178189105,0.178751943,0.178930032,0.178674281,0.178615111,0.178658543,0.179351898,0.179070067,0.178266908,0.178158905,0.177932694,0.178083706,0.178891669,0.179322358,0.179831942,0.180064402,0.180173145,0.180304341,0.179979425,0.180030906,0.18061254,0.180731396,0.180804342,0.180652031,0.180860136,0.181165247,0.181156031,0.18140739,0.181467742,0.180753919,0.180727147,0.181449789,0.181680496,0.181863347,0.182250987,0.182135823,0.182213703,0.182796915,0.18314483,0.183083651,0.183177397,0.183343438,0.183129998,0.183134109,0.183201504,0.183227874,0.183564051,0.183865296,0.183727183,0.183834396,0.183323704,0.182763981,0.18322256,0.18326148,0.183639555,0.184227327,0.184365084,0.184149052,0.184158717,0.184071243,0.18401605,0.184351642,0.184365666,0.184309313,0.184526498,0.185049788,0.185186591,0.185252921,0.185535793,0.185420358,0.185362713,0.185474092,0.185541007,0.185613857,0.185601583,0.185672291,0.185689831,0.185702051,0.185485035,0.185391596,0.185387582,0.185442218,0.185721659,0.186176751,0.186465001,0.186378211,0.186484449,0.186524579,0.186305839,0.186362475,0.186332506,0.186243427,0.186320527,0.186470877,0.186715495,0.186795886,0.186832929,0.186779374,0.186656621,0.186656864,0.186717388,0.186908529,0.187105996,0.187213879,0.18728186,0.187399646,0.18744203,0.187545317,0.187649817,0.187771517,0.187926451,0.18798057,0.187913205,0.187986186,0.187951739,0.187735669,0.188061107,0.18833597,0.188625402,0.18863868,0.188526946,0.188643445,0.188640115,0.188599528,0.188854409,0.189037663,0.188958859,0.188838567,0.188726271,0.188602916,0.188807049,0.188874303,0.189079542,0.189073122,0.18890768,0.188692113,0.188676548,0.188996042,0.189012003,0.189109888,0.189178761,0.189039276,0.188914973,0.18875302,0.188887238,0.189080692,0.189109902,0.188957106,0.189041066,0.188933516,0.188614245,0.188380804,0.188286537,0.188326496,0.188214046,0.188340198,0.188307222,0.188228974,0.187908035,0.187896309,0.187989514,0.187901018,0.188006419,0.188235157,0.18843307,0.18840191,0.188551376,0.188694645,0.188551921,0.188647247,0.188673568,0.188661411,0.188743901,0.188965885,0.188995533,0.189122882,0.189342946,0.189303324,0.189252887,0.189561693,0.189766523,0.189892986,0.190181773,0.190410487,0.190544251,0.190415202,0.190291885,0.190454074,0.190366511,0.190595522,0.19109623,0.19121754,0.191407394,0.191724484,0.191915089,0.192049638,0.192196653,0.192193967,0.192297179,0.192291854,0.19236001,0.192392824,0.192290901,0.192658045,0.193056296,0.19334151,0.193531473,0.193693807,0.193788336,0.193752591,0.193734189,0.193692339,0.193666111,0.193803422,0.194077178,0.194228142,0.194412177,0.194340741,0.194532042,0.194708909,0.194891309,0.195057369,0.195402266,0.195406717,0.195345097,0.195374247,0.195431244,0.195610285,0.196091836,0.196255195,0.196479848,0.196689085,0.19678153,0.196945398,0.197334325,0.197512387,0.197720086,0.197988435,0.198216517,0.198332833,0.198409643,0.19838179,0.198433619,0.198628049,0.19898577,0.199334267,0.199550767,0.199726063,0.199959372,0.200238613,0.200431758,0.200542983,0.200700066,0.200704838,0.200817748,0.201206036,0.201436665,0.201505961,0.201595042,0.20178765,0.201796985,0.201910987,0.201966218,0.201927993,0.202104714,0.202309128,0.202610804,0.20292576,0.203167338,0.203438437,0.203765939,0.203880609,0.203919026,0.203950139,0.203836957,0.204019079,0.204527463,0.204752737,0.204851207,0.204955735,0.204808708,0.204779402,0.205052145,0.205208955,0.205334642,0.205403041,0.205448658,0.205515587,0.205579735,0.205755216,0.205976843,0.206216326,0.206311106,0.206469688,0.206622327,0.206566664,0.206618521,0.206866059,0.206986012,0.207035936,0.207120382,0.20696327,0.206872899,0.207075817,0.207132549,0.207036555,0.207056822,0.207168119,0.207157313,0.207268103,0.207464344,0.207455926,0.207280082,0.207337475,0.207447011,0.207469144,0.20755401,0.207471914,0.207157041,0.206988504,0.206927914,0.20682114,0.206763938,0.20666908,0.206365509,0.206201687,0.20611419,0.206008221,0.205908163,0.205807151,0.205853235,0.205748419,0.205490189,0.205375659,0.205218895,0.204878971,0.204688067,0.204639866,0.204509735,0.204366944,0.204158571,0.203899632,0.203757832,0.203569536,0.203342927,0.203222548,0.202978399,0.202703023,0.202617053,0.202606934,0.202397141,0.202130573,0.201886344,0.201605006,0.201372704,0.201153691,0.20095751,0.200762477,0.200759757,0.200544202,0.200395619,0.200362731,0.200213675,0.199911198,0.199767878,0.199510987,0.199064257,0.19870689,0.198354077,0.198068069,0.197963064,0.197616947,0.197267292,0.196869548,0.196246236,0.195637768,0.195019122,0.194354316,0.193864618,0.193097892,0.192346863,0.191266977,0.189906849,0.188662703,0.187119084,0.185737022,0.184404045,0.183216238,0.181783331,0.180314113,0.178750873,0.177071641,0.175344257,0.173492587,0.17171016,0.169768153,0.167774755,0.165937153,0.16414217,0.162156005,0.160191024,0.158350022,0.156557233,0.154877879,0.153179878,0.151350058,0.149730525,0.147905349,0.146359539,0.145011967,0.143777559,0.142664391,0.141438496,0.140339922,0.139226963,0.137922763,0.136982802,0.136090714,0.135328705,0.134629787,0.133915189,0.13325694,0.132652247,0.131996134,0.131266527,0.13069376,0.13001893,0.129541718,0.129303436,0.129004016,0.128702859,0.128413956,0.128032749,0.127645181,0.12718639,0.126858638,0.126687857,0.126434007,0.126157093,0.125896786,0.12571858,0.125452754,0.125259719,0.125045327,0.124857782,0.124853362,0.124890915,0.12479823,0.124792001,0.124728348,0.124744035,0.124903181,0.12506438,0.125320019,0.125620619,0.125671351,0.125946942,0.126205785,0.126452156,0.126582491,0.126857579,0.127064335,0.127418743,0.127736905,0.127990654,0.128248584,0.128567936,0.128841165,0.129294746,0.129821795,0.130213069,0.130561106,0.130893348,0.131311939,0.131745968,0.132325197,0.132832958,0.133307211,0.133806623,0.134184174,0.13471587,0.135392972,0.136092896,0.136668065,0.137271934,0.13788909,0.138322367,0.139001508,0.139557309,0.140033494,0.140634531,0.141325692,0.142039025,0.142836512,0.143251612,0.143980296,0.144537375,0.14539454,0.146282998,0.147081666,0.147811281,0.148598808,0.149122995,0.149991742,0.150820523,0.151617554,0.15220971,0.153037368,0.153802733,0.154576462,0.15519136,0.155994417,0.15657843,0.157373611,0.158239759,0.159082361,0.159906282,0.160652188,0.161070621,0.161617562,0.16225359,0.163053262,0.163712937,0.164377529,0.164741353,0.165481865,0.166176234,0.166610284,0.167209433,0.167922688,0.168583474,0.169207307,0.170004693,0.170611435,0.170937174,0.171587676,0.172175799,0.172829898,0.173487744,0.173920763,0.174333359,0.174794072,0.175714088,0.176168484,0.176932031,0.17756201,0.178163912,0.178799628,0.179276076,0.179807023,0.180327577,0.180800753,0.181494432,0.181994853,0.182498226,0.182999949,0.183545918,0.184005702,0.184678008,0.185189464,0.185579144,0.186283059,0.186716999,0.186913172,0.18749658,0.187982557,0.188362473,0.188948913,0.189448267,0.189722779,0.190167925,0.190936805,0.191384212,0.191947715,0.192292669,0.192551813,0.192948263,0.193442219,0.193922643,0.194315545,0.194735328,0.195092674,0.195552153,0.195924828,0.196216414,0.19630544,0.196660186,0.196892298,0.197232111,0.197598979,0.197931067,0.198306152,0.198718594,0.199141042,0.199345942,0.199498213,0.199891898,0.200051211,0.200373684,0.200747151,0.201258764,0.201600082,0.201907848,0.202289776,0.202447215,0.202744209,0.202962272,0.20310989,0.203354033,0.203751223,0.203821953,0.20419075,0.204674759,0.205078607,0.2052427,0.205540954,0.205809961,0.205870814,0.205917851,0.206087752,0.206305547,0.206538256,0.206697447,0.207026195,0.20709506,0.207113975,0.207426762,0.207778557,0.208100583,0.20837097,0.208667461,0.208878108,0.209148956,0.209328381,0.209545431,0.209821539,0.210138468,0.210325358,0.210457236,0.210404476,0.210633568,0.210804183,0.210807402,0.210929615,0.211208257,0.211529727,0.211552701,0.211707512,0.21195367,0.211940327,0.212117953,0.212174237,0.212276866,0.212756228,0.213102621,0.213440466,0.213602369,0.213594444,0.213827385,0.214052628,0.21411514,0.213955972,0.213955245,0.214146336,0.214274938,0.214305232,0.214422923,0.214365338,0.214694062,0.215313339,0.215430488,0.21532017,0.215381751,0.215543462,0.215586472,0.215800726,0.216006148,0.21610105,0.216290781,0.216611359,0.216622808,0.216500809,0.216607428,0.21647407,0.216487097,0.216809403,0.216693494,0.216539627,0.216344934,0.21611756,0.216124452,0.216336594,0.216466419,0.216458653,0.216776833,0.216933432,0.217141888,0.216982736,0.216754197,0.216633641,0.216380327,0.216487184,0.216331565,0.216001555,0.216147291,0.216217908,0.216130905,0.216100567,0.21616287,0.216098375,0.215723312,0.21547317,0.215567333,0.215447733,0.215502567,0.215256536,0.214649857,0.214553499,0.214287097,0.214244341,0.214310001,0.214122086,0.213676431,0.213566044,0.21288303,0.212711347,0.212622435,0.212288212,0.212615804,0.212657625,0.212348239,0.212186445,0.211786743,0.211295583,0.210413212,0.210165128,0.209860373,0.209415576,0.208905752,0.208873568,0.208646737,0.208635585,0.208741164,0.207994122,0.207207231,0.206788198,0.206508906,0.206138055,0.205625739,0.205405339,0.205065636,0.204543502,0.204272499,0.204056861,0.203557944,0.203411327,0.203210185,0.20313903,0.202853832,0.20249053,0.201704372,0.201245816,0.201066638,0.200921504,0.200643851,0.200083135,0.199604331,0.199509797,0.199323224,0.198958306,0.198736292,0.198298523,0.197806767,0.19756855,0.197403626,0.197181332,0.196856949,0.196992808,0.19651502,0.196148291,0.196280569,0.196222601,0.196005957,0.195677658,0.195364297,0.195339869,0.195219066,0.195168994,0.195177035,0.195183189,0.194901761,0.194785006,0.194713592,0.194833449,0.194643326,0.194684621,0.19458998,0.194290178,0.194495868,0.194636418,0.195092317,0.19540337,0.195071446,0.194948586,0.195277037,0.195326071,0.195971437,0.196158381,0.19570335,0.195842001,0.195823294,0.195464258,0.195402166,0.195434947,0.195629949,0.194995484,0.195017818,0.195161445,0.1952831,0.195614484,0.19550163,0.195839955,0.196263155,0.195625509,0.194987916,0.195070065,0.194581379,0.194399631,0.194592079,0.194478279,0.194514371,0.195378017,0.19534916,0.195965332,0.195632237,0.195554985,0.19532712,0.194497099,0.19445337,0.194994507,0.194313948,0.193866736,0.194047136,0.193000222,0.192340861,0.19173814,0.190791245,0.190679978,0.189943653,0.189778882,0.189041192,0.189351237,0.189404746,0.188589111,0.187869649,0.186851786,0.185316809,0.183942727,0.183613567,0.182160728,0.181119759,0.179832337,0.178397804,0.177080687,0.175303075,0.17390555,0.17279743,0.171033304,0.169001416,0.167033464,0.164242852,0.162392297,0.160021735,0.157739217,0.155032701,0.152618053,0.149626397,0.146276963,0.144051516,0.14053483,0.137897767,0.135541515,0.132985866,0.129894752,0.126801674,0.124023796,0.120570239,0.117521997,0.114412799,0.111287362,0.107940932,0.105517308,0.10379224,0.101499989,0.099620618,0.097327635,0.094352394,0.091792772,0.089622201,0.087588768,0.086077168,0.084799146,0.083640656,0.082465209,0.080936417,0.079598953,0.078287737,0.076711222,0.075505073,0.074313637,0.073490091,0.072647818,0.072327923,0.071657447,0.070720985,0.069943582,0.069163526,0.069543837,0.069425593,0.069103467,0.068837929,0.067995326,0.067164561,0.066064552,0.065744986,0.06528047,0.064616882,0.064574362,0.064359702,0.06389969,0.063732514,0.063411909,0.063050228,0.063138844,0.063127392,0.063071773,0.063299033,0.063387018,0.063301418,0.063388017,0.063468289,0.06330058,0.063143511,0.063299379,0.063118529,0.062940331,0.062921944,0.06295272,0.062790312,0.062654363,0.062922148,0.063611105,0.06456977,0.065069217,0.065312562,0.065749166,0.065886238,0.066211458,0.066343965,0.066280292,0.066354476,0.066162078,0.065940113,0.066373056,0.067150138,0.067617537,0.068215164,0.068903721,0.069468661,0.070047407,0.070640859,0.070971457,0.071114653,0.07162062,0.072475578,0.073468538,0.074376053,0.074777525,0.074386653,0.074011249,0.07421877,0.074553802,0.074971285,0.076264641,0.07697383,0.077140849,0.077534592,0.078230337,0.078487664,0.07870658,0.079249875,0.079871072,0.080318668,0.081053444,0.082277035,0.083248179,0.084441244,0.085296347,0.085656793,0.086163653,0.086352088,0.086741993,0.087214531,0.08818058,0.089510924,0.09046899,0.092013077,0.093482703,0.094086121,0.094564071,0.094973796,0.094482271,0.094730296,0.095147063,0.095165624,0.095568939,0.09575209,0.096748716,0.098135998,0.099017074,0.099867141,0.100184228,0.099716192,0.100160261,0.101162207,0.101866209,0.102616307,0.103303405,0.104054952,0.104550115,0.105505255,0.106611499,0.106775862,0.107109285,0.107555364,0.107776511,0.108378486,0.109531713,0.109619109,0.109422821,0.109854952,0.110027943,0.110275902,0.110809195,0.111629949,0.111940875,0.112105641,0.113203864,0.114214731,0.115000041,0.115341112,0.116233909,0.116754577,0.117223791,0.118010844,0.118557647,0.119243669,0.119741024,0.120733623,0.121370517,0.121359789,0.122140206,0.122105456,0.121950919,0.122436377,0.122653895,0.12270729,0.123304961,0.123358233,0.124074114,0.124117441,0.124769143,0.125499753,0.126560741,0.127532254,0.12789114,0.127887747,0.127854439,0.127994763,0.128827066,0.129605714,0.129596496,0.130025732,0.130486722,0.130545976,0.131113404,0.131588961,0.13214178,0.133255469,0.134456626,0.135200926,0.135115108,0.13526364,0.135708272,0.135526928,0.136526752,0.137102163,0.137267349,0.138072513,0.13927359,0.138997506,0.13898086,0.139529156,0.139568389,0.139903856,0.141064024,0.141139141,0.141357264,0.141601333,0.142418332,0.142328406,0.143007606,0.14268401,0.142218071,0.141994411,0.14229358,0.1432737,0.143969642,0.146002252,0.147027197,0.147941574,0.148168741,0.147639231,0.147627794,0.147018247,0.146947641,0.14839273,0.14935252,0.149019037,0.14980383,0.14936199,0.149512038,0.15050383,0.150124923,0.151491859,0.150754409,0.150003277,0.150082137,0.150556852,0.151806668,0.15275749,0.152741725,0.153163939,0.152952608,0.153510663,0.154729518,0.153764859,0.153347849,0.153938238,0.155210954,0.155709726,0.156466193,0.155548854,0.154746181,0.154723246,0.155018232,0.155379332,0.156107401,0.155268538,0.156316748,0.155199591,0.155927015,0.153800895,0.155676276,0.155271607,0.155564622,0.153805521,0.155422887,0.154150289,0.153539868,0.154364919,0.154526842,0.154856481,0.156505809,0.156860572,0.157040203,0.159326221,0.161348568,0.1613904,0.160178561,0.159801173,0.157770083,0.157298807,0.157657291,0.156639436,0.157741206,0.157388132,0.157881286,0.157429411,0.156833696,0.156684685,0.157211774,0.155024415,0.156393201,0.156803374,0.15760896,0.157353661,0.156840006,0.157452656,0.157413274,0.158477798,0.158672566,0.157714393,0.157261143,0.156017008,0.155200035,0.155831053,0.156461286,0.154976878,0.153680929,0.153328066,0.154499992,0.153997189,0.153919214,0.154926736,0.155327401,0.155503592,0.156791865,0.156056892,0.156120821,0.157694808,0.155938349,0.156612179,0.156688501,0.158158644,0.157648874,0.158078608,0.159627448,0.159523803,0.160467892,0.159276851,0.157953095,0.157098451,0.156268374,0.156753535,0.156280113,0.157314171,0.15818337,0.158810003,0.159463401,0.159200498,0.158910488,0.158678685,0.15814174,0.156540346,0.155477495,0.154800296,0.1555087,0.154584465,0.155849148,0.156258955,0.155474087,0.15426826,0.153913085,0.153622991,0.153813077,0.154707023,0.154544168,0.154236127,0.1555967,0.155516959,0.15573705,0.156265163,0.15508681,0.155930142,0.156386527,0.156832098,0.154514903,0.153861219,0.1542905,0.152573727,0.152416037,0.152620085,0.152024933,0.152794876,0.15296556,0.154440402,0.154248767,0.155883047,0.155326639,0.154076521,0.154781799,0.153908696,0.151933767,0.151847295,0.152791419,0.151374338,0.151216598,0.151555182,0.150984901,0.149123345,0.147133848,0.147735013,0.147735621,0.148573221,0.150659179,0.150808064,0.151662693,0.152131374,0.149797353,0.149201235,0.148323087,0.147790001,0.148049831,0.147425909,0.14467506,0.143801071,0.143128507,0.143326283,0.143029237,0.143817219,0.145747386,0.145888587,0.146375754,0.147571563,0.146077569,0.146151754,0.146387036,0.145781972,0.145870826,0.144580827,0.143600343,0.143029837,0.142451765,0.142532427,0.141324916,0.139989274,0.13888233,0.13642996,0.13681796,0.137650062,0.139655498,0.142919747,0.141121687,0.138875174,0.137632475,0.135210765,0.135433943,0.134583522,0.135166867,0.134695807,0.129973093,0.128249954,0.130403392,0.133036972,0.134260561,0.136823889,0.137166689,0.136711471,0.138906145,0.137933458,0.136544393,0.132841855,0.128241841,0.128835236,0.127780336,0.127601382,0.125684515,0.125797998,0.125709838,0.124632438,0.124951648,0.125132372,0.12627499,0.131766968,0.133759809,0.134387674,0.13427995,0.128492598,0.125498753,0.125739516,0.124095798,0.123470863,0.120713962,0.113515871,0.112470403,0.115810798,0.116317718,0.12242074,0.125076458,0.123292873,0.121916464,0.116845892,0.115446815,0.115764884,0.113918857,0.115509496,0.115077026,0.11193859,0.110594063,0.110350083,0.110377522,0.10816652,0.107087204,0.103933609,0.104379744,0.108410498,0.109893697,0.112360625,0.113325637,0.113550463,0.112890233,0.111194256,0.110113376,0.109959747,0.111026921,0.10923253,0.109507252,0.104276812,0.104535586,0.104564868,0.100080142,0.099898654,0.095671743,0.092340108,0.094931329,0.095813374,0.096513189,0.097869169,0.101936227,0.106511926,0.106084014,0.107833047,0.103691197,0.099538842,0.097031017,0.095206168,0.097595627,0.098659319,0.101228034,0.112883935,0.123416337,0.124532292,0.123849468,0.113828683,0.101528773,0.097711161,0.093306456,0.097394681,0.099349502,0.099784424,0.097770131,0.094138069,0.087532428,0.082955096,0.086417085,0.090401698,0.09211172,0.095616338,0.105992079,0.104982906,0.107979091,0.105515372,0.091845299,0.086411415,0.081132011,0.07056873,0.068422396,0.062341614,0.065065889,0.072055155,0.077353716,0.084602397,0.090902276,0.096002355,0.097208523,0.10439219,0.10607232,0.092339314,0.091034756,0.08562152,0.085552234,0.100555912,0.107090281,0.111048564,0.112270886,0.110643766,0.110287406,0.107424529,0.115974248,0.124413948,0.132696379,0.131184032,0.121221618,0.11046619,0.08828931,0.069614766,0.069568533,0.071030029,0.082879774,0.108059796,0.1208115,0.119679163,0.119700033,0.11842064,0.112741441,0.107858539,0.091041854,0.082749529,0.080921694,0.090546848,0.115141977
/data/asd/1/1549991349-00.asd,sp2_run8,144,20,144,0,20.1659,0,0.055718508,0.066805031,0.062066396,0.056775871,0.05756455,0.06341021,0.059748099,0.061626412,0.063066478,0.062575429,0.057506348,0.056860715,0.062513146,0.056386896,0.060556755,0.065446018,0.06255796,0.061516942,0.058501212,0.059247677,0.06497607,0.060561926,0.059928242,0.062513517,0.06227319,0.065384968,0.064725299,0.060506594,0.062302673,0.062622809,0.062774651,0.065006093,0.064274512,0.063961834,0.064754352,0.066234844,0.064629793,0.063352588,0.066575232,0.066733311,0.064580921,0.063560924,0.065881705,0.0669898,0.067833367,0.068376803,0.06602623,0.065825478,0.068000394,0.06923496,0.06820404,0.068118132,0.06856575,0.069254271,0.070899725,0.070978416,0.070398727,0.069765296,0.070145977,0.071875282,0.072476507,0.070877095,0.072640332,0.0735945,0.071632139,0.071338442,0.07240524,0.074050837,0.073941498,0.074209516,0.074537467,0.075612021,0.075828227,0.075685343,0.076154113,0.075557251,0.076612333,0.077184882,0.077900845,0.079108305,0.078146254,0.077960968,0.079133678,0.080137755,0.080325782,0.080420095,0.081228854,0.081826475,0.081500748,0.081556757,0.082935287,0.082878867,0.082626667,0.082625341,0.083589747,0.08420462,0.084812303,0.085274687,0.084908863,0.085446941,0.086264915,0.086572474,0.086497864,0.086713279,0.087272951,0.087417918,0.087868267,0.088268433,0.088206593,0.088459898,0.08887342,0.089136066,0.088964641,0.089770861,0.090124909,0.090290232,0.090363205,0.090548186,0.090679877,0.090959509,0.090977013,0.091530753,0.091937542,0.091883603,0.092573537,0.093081744,0.093097852,0.093233234,0.093790177,0.093980001,0.094146459,0.094401247,0.094773577,0.095132079,0.095335127,0.095473013,0.095795739,0.096290826,0.096615222,0.097176282,0.097689121,0.09769861,0.097802644,0.098343267,0.098736872,0.098720712,0.099610431,0.099855464,0.099973923,0.100520617,0.100956169,0.1011504,0.101450157,0.102250029,0.10259687,0.102923132,0.103271769,0.103403395,0.103973865,0.104342699,0.104427188,0.104934458,0.105454298,0.105717588,0.106035497,0.106155311,0.106454859,0.107283132,0.107155911,0.107692102,0.108242835,0.108778987,0.109021764,0.109111532,0.109749893,0.110154127,0.110357306,0.110656922,0.110971748,0.11175098,0.112268057,0.112450065,0.112478903,0.112649386,0.113144495,0.113474071,0.113947297,0.114458522,0.11465654,0.115337015,0.115267044,0.115564388,0.115929623,0.116121405,0.116486687,0.116969031,0.11731153,0.117598356,0.117928317,0.118336023,0.118768273,0.119066884,0.119359988,0.119791499,0.119990628,0.120373975,0.120595517,0.121039811,0.121275374,0.121408115,0.121603887,0.121564126,0.121917369,0.122138432,0.121937338,0.122074364,0.122150419,0.122430523,0.122718545,0.123411813,0.124011899,0.124173803,0.124405428,0.124657482,0.124690486,0.124816042,0.12510368,0.125284001,0.125224964,0.12515375,0.125392669,0.125549002,0.125520581,0.125766592,0.125889902,0.126070566,0.126003048,0.125901398,0.125937951,0.125967918,0.125883014,0.125968264,0.126138017,0.125977889,0.12617446,0.126253246,0.126450557,0.126641433,0.126709543,0.126747264,0.126713373,0.126759867,0.126855518,0.126844388,0.126840767,0.127106384,0.127079235,0.126901354,0.126833574,0.126997293,0.12712694,0.127096879,0.12704341,0.127109504,0.127219465,0.127068592,0.127190295,0.127338021,0.127257465,0.127246171,0.127226578,0.127259515,0.127435551,0.127490616,0.127552346,0.127508127,0.127441419,0.12729837,0.1273909,0.127684611,0.127630552,0.127562377,0.127542307,0.127747842,0.12762518,0.127653089,0.127518283,0.127465698,0.127518731,0.127497895,0.127658059,0.12763161,0.127579772,0.127598116,0.127561465,0.127715629,0.127653869,0.12745799,0.127591269,0.127705952,0.127688621,0.127514334,0.127605807,0.127679801,0.127530531,0.127365075,0.127578166,0.127484718,0.127413346,0.127364592,0.127287503,0.127216141,0.127156006,0.127152275,0.12708623,0.126998265,0.126965362,0.126906496,0.126872073,0.126999732,0.126994201,0.127051667,0.127173073,0.127157946,0.127270877,0.12738436,0.127419547,0.127673662,0.127922078,0.127950977,0.128064857,0.128079006,0.128025758,0.128274774,0.12842323,0.128567407,0.128858161,0.128811104,0.128870974,0.129053277,0.129106548,0.129160215,0.129050408,0.12936322,0.129617872,0.129560869,0.129687218,0.130052935,0.130036855,0.130063809,0.130174259,0.130314239,0.130564757,0.130593748,0.130606884,0.130856382,0.130858201,0.131163288,0.131402266,0.131296898,0.131591646,0.131762584,0.131807314,0.132111326,0.132106242,0.132205185,0.132432979,0.132409225,0.132480785,0.132881448,0.132943785,0.132996212,0.133157676,0.133262873,0.133390407,0.133521266,0.133596192,0.133723139,0.13365229,0.133715178,0.133979536,0.134052473,0.134379638,0.134459593,0.134589755,0.135008465,0.134990697,0.13503796,0.135272823,0.135310329,0.135568367,0.135734043,0.135625182,0.135885373,0.136070655,0.136261834,0.136509121,0.136661738,0.136969697,0.137059549,0.137015522,0.137226296,0.137418358,0.137400674,0.137712964,0.137895537,0.137963221,0.138062973,0.138054791,0.13823191,0.13843607,0.138365537,0.138769623,0.138694499,0.138658667,0.139152876,0.139258544,0.139309282,0.139422477,0.13944427,0.139788358,0.140035996,0.14008651,0.140521815,0.140544775,0.140449217,0.140678237,0.140823364,0.141111028,0.141319233,0.141286195,0.141580796,0.141768902,0.141979422,0.142012391,0.142269032,0.142285632,0.142673191,0.14260536,0.142606642,0.14275558,0.142798315,0.143015144,0.143447758,0.14346267,0.143453024,0.143424744,0.143560744,0.143903586,0.143971268,0.143962227,0.144119276,0.143981606,0.144270045,0.14468888,0.14447686,0.144367555,0.144470022,0.144856645,0.144872482,0.144977433,0.145076864,0.145067369,0.14485776,0.145175651,0.145498762,0.145600628,0.145545041,0.145493637,0.145384206,0.145766713,0.146016958,0.146076292,0.146144219,0.14560217,0.145939586,0.146568236,0.146034129,0.146551611,0.14620145,0.146270533,0.146625895,0.146428715,0.146605568,0.146604473,0.146296844,0.147025591,0.146425164,0.146634585,0.146536505,0.146377425,0.146670344,0.146651413,0.146529436,0.146846501,0.147133563,0.146638857,0.146689036,0.147368433,0.146220194,0.146444333,0.1465501,0.145853698,0.146823313,0.146913161,0.146613286,0.146784233,0.147379428,0.14711476,0.147354059,0.146661904,0.147630404,0.147225845,0.146391653,0.145745934,0.146608682,0.147343271,0.147089979,0.146939751,0.146914679,0.147162804,0.147194952,0.148498847,0.147761962,0.147236961,0.147693777,0.147419744,0.147426098,0.146999813,0.148019555,0.146926674,0.146646824,0.147800066,0.147399554,0.147828516,0.148280834,0.14776451,0.147420057,0.147549915,0.148205862,0.14745893,0.14755671,0.147325196,0.147690603,0.147356047,0.147429361,0.14762249,0.147230987,0.147302463,0.147574981,0.147707108,0.147773677,0.147233165,0.1477733,0.147803003,0.148094892,0.148178434,0.14796343,0.1476581,0.148393398,0.14840137,0.148531828,0.148385892,0.14856411,0.148868114,0.148746712,0.14847894,0.148552235,0.148628565,0.148816157,0.148777918,0.14881662,0.149192064,0.148737142,0.148955376,0.149388357,0.14914268,0.149041282,0.149115008,0.149355807,0.149398781,0.149739607,0.149208024,0.149556695,0.149559062,0.149286035,0.149251135,0.149257482,0.149465542,0.14949907,0.149475177,0.149854361,0.150042042,0.149624883,0.149879838,0.149400814,0.149897503,0.150098643,0.149828704,0.150554033,0.150097335,0.14972107,0.15060096,0.150447615,0.150534623,0.150736935,0.149945423,0.150004028,0.150569908,0.150144685,0.150306379,0.150100896,0.150356339,0.151144451,0.150150371,0.150563831,0.151321416,0.150839949,0.151812611,0.151437128,0.150911567,0.151584583,0.151387899,0.151857565,0.151972574,0.15068999,0.151722834,0.152558285,0.15200311,0.152663061,0.151761259,0.151818104,0.152838269,0.152172622,0.15284179,0.152879507,0.15187917,0.153235265,0.151697347,0.151077463,0.15321464,0.153049194,0.153908602,0.154367701,0.152733777,0.153736594,0.153890527,0.153199833,0.154344728,0.153425831,0.154177757,0.153609433,0.154307786,0.154585998,0.154613306,0.154220182,0.154385306,0.154822011,0.155218394,0.156237865,0.156630576,0.156688673,0.156699558,0.156228987,0.15607185,0.155934074,0.155850121,0.15601602,0.156426257,0.156673609,0.157029746,0.157354406,0.157682712,0.157752737,0.157491389,0.157500104,0.157876408,0.157720691,0.157244631,0.157080242,0.157120578,0.157132346,0.157604901,0.158069709,0.158262591,0.1583707,0.158961167,0.159356455,0.159229684,0.158973778,0.159038196,0.159033986,0.159017699,0.159509183,0.159519272,0.159326211,0.159070249,0.159037752,0.159173911,0.158961906,0.159166237,0.159801791,0.159873162,0.159919042,0.159902802,0.160007815,0.160022803,0.159889092,0.160007112,0.159959554,0.159927229,0.159816757,0.160359629,0.160819042,0.160702413,0.160617936,0.160164071,0.159871861,0.160095659,0.160259032,0.160760613,0.161354892,0.161512665,0.161336713,0.161285907,0.160744541,0.160366203,0.160593449,0.161114135,0.161559644,0.161758133,0.161971357,0.161830738,0.161867004,0.162049541,0.161781646,0.161825078,0.16199144,0.161713869,0.161533339,0.161446922,0.161444633,0.161375288,0.161639034,0.161737733,0.162100059,0.162188667,0.162083109,0.16216187,0.161980177,0.162100636,0.162507883,0.162772084,0.163026597,0.163214153,0.163307948,0.163421868,0.163580011,0.163722093,0.163660635,0.163698581,0.163640817,0.163717597,0.164016711,0.163989656,0.16412389,0.164377267,0.164544161,0.164638102,0.164720488,0.164818477,0.165108201,0.165124787,0.16503052,0.165127474,0.1652665,0.165196328,0.16547804,0.165544247,0.165545056,0.165490306,0.165355098,0.165169547,0.165303126,0.165209189,0.165159212,0.165341332,0.165289201,0.165352527,0.165400523,0.165424738,0.16529103,0.165086883,0.164985251,0.164888279,0.164712029,0.164435901,0.164300579,0.164448456,0.164590128,0.164581205,0.164607158,0.164299032,0.163832051,0.163753801,0.163759529,0.163809738,0.164096472,0.164235968,0.164205216,0.164059793,0.164144489,0.163934553,0.163753909,0.163684602,0.163756955,0.163719526,0.163759319,0.16399492,0.164006777,0.164051065,0.164114204,0.164078058,0.164033393,0.164115578,0.164304168,0.164342672,0.164292268,0.164446363,0.164566664,0.164666815,0.164809686,0.164967107,0.165108787,0.165205669,0.165228393,0.16566223,0.16574047,0.165540875,0.165719939,0.165744996,0.166032843,0.166263458,0.166481816,0.16663192,0.166584756,0.166557275,0.166819351,0.16696922,0.167162421,0.167408313,0.167493622,0.167651987,0.167716152,0.167922944,0.168310186,0.168498623,0.168640979,0.168676203,0.168665291,0.168553143,0.168601216,0.168838787,0.169102009,0.169338817,0.169588961,0.169629463,0.169793603,0.169923296,0.170053108,0.170060679,0.170339792,0.170361446,0.170485084,0.170814325,0.170957162,0.171257067,0.171976464,0.172114599,0.171985906,0.172157679,0.172261472,0.17230827,0.172593098,0.172774937,0.17286996,0.173020593,0.173281508,0.173456794,0.173664232,0.173535683,0.173721132,0.173977781,0.174059536,0.174232788,0.174433138,0.174543522,0.174737613,0.175063898,0.175325347,0.175489601,0.175605877,0.175693257,0.175791861,0.175896772,0.176091904,0.176273899,0.176421338,0.176724555,0.17678424,0.176950721,0.1769883,0.177079177,0.177133279,0.177150321,0.17730439,0.177521607,0.177687427,0.177893856,0.178107948,0.178215265,0.178218193,0.178272953,0.178416749,0.17861362,0.178849371,0.179043162,0.179157412,0.179262544,0.179426574,0.179492112,0.179601389,0.179762034,0.179957291,0.18003541,0.179868383,0.179765424,0.179778171,0.179831796,0.179839491,0.179979001,0.180006676,0.179809346,0.179997697,0.180506803,0.180634954,0.180649414,0.180810792,0.180875096,0.180901034,0.180947447,0.180962429,0.181013267,0.181060133,0.18126044,0.181325788,0.181217322,0.181096273,0.181099328,0.181043109,0.180958424,0.180863082,0.180842675,0.180779796,0.180769872,0.180795665,0.180834392,0.180803246,0.180783411,0.180956822,0.181016946,0.181042274,0.18104425,0.180884892,0.180843631,0.181014402,0.1809048,0.180769626,0.180565756,0.180204723,0.179972556,0.17970809,0.179647299,0.179575434,0.179529931,0.179471283,0.179607355,0.179483545,0.17916128,0.178937313,0.17863602,0.178558149,0.178665123,0.178570398,0.178459922,0.178245526,0.177996042,0.177822464,0.177543803,0.177313964,0.177265247,0.177161829,0.177241955,0.17713014,0.176617118,0.176327123,0.17598573,0.175875836,0.175669932,0.175630073,0.17557826,0.175424571,0.175177494,0.175028149,0.174841363,0.174562326,0.17423995,0.173867019,0.173516925,0.173093943,0.172713528,0.17238962,0.172093773,0.171817658,0.171287979,0.170614316,0.16993249,0.169152746,0.168345429,0.167712938,0.166708573,0.165453126,0.164348585,0.1631444,0.161882773,0.160528002,0.159318804,0.157849014,0.156132669,0.154540625,0.15300341,0.15128244,0.149446614,0.147628281,0.1456365,0.14371189,0.141941202,0.140182167,0.138309252,0.136488326,0.134833649,0.133160278,0.131536659,0.129977798,0.128225542,0.126665012,0.125009871,0.123514251,0.122116686,0.120819735,0.119526595,0.118307288,0.1172543,0.116192014,0.115090947,0.114276884,0.113521797,0.112904439,0.112219321,0.111530264,0.110876114,0.110102512,0.109541696,0.109166883,0.10866385,0.108123384,0.107651717,0.107240583,0.106828793,0.106501063,0.106125186,0.105610918,0.105253689,0.105000054,0.104747606,0.104681471,0.104497382,0.104189086,0.10396373,0.103918184,0.103749304,0.103617077,0.103454635,0.10325606,0.103221406,0.10322943,0.103115528,0.103074616,0.102985061,0.10294709,0.103055701,0.103174399,0.10336885,0.103631082,0.103714153,0.103938323,0.10411633,0.104358242,0.104582597,0.104844243,0.105023601,0.105354265,0.1055986,0.105883757,0.106333283,0.106696483,0.107000515,0.107399267,0.10775379,0.108104304,0.108465964,0.108842646,0.109426745,0.10989466,0.110396811,0.110929504,0.111331819,0.111878002,0.11255645,0.113115561,0.113644378,0.114251972,0.114660445,0.115163605,0.115808287,0.116264108,0.116865573,0.117403828,0.117980432,0.11853625,0.118874843,0.119487324,0.120245379,0.120672911,0.121421776,0.122289268,0.123039865,0.123518282,0.124295225,0.125090046,0.125834204,0.126541005,0.12729567,0.127723043,0.128410324,0.129066861,0.12978031,0.130470237,0.131232516,0.131769573,0.132557049,0.133428294,0.134111909,0.134672811,0.135375685,0.135979646,0.136647296,0.137345829,0.137919169,0.138413467,0.13915757,0.139769219,0.140419514,0.140976546,0.141680325,0.14216121,0.142536097,0.143063134,0.143600875,0.144085252,0.144631601,0.145392075,0.145942331,0.14647225,0.1471158,0.147462642,0.148084729,0.148947429,0.149439575,0.149984647,0.150436141,0.151093161,0.151464301,0.152170096,0.152729851,0.153099764,0.153636093,0.154173891,0.154677269,0.155062018,0.155579197,0.156274572,0.156793857,0.157526683,0.158228556,0.158741185,0.158944648,0.159479345,0.159863841,0.160212589,0.160915411,0.16138105,0.161667457,0.162272517,0.1628395,0.163334959,0.164029096,0.164577608,0.165074372,0.165355119,0.16566374,0.165985299,0.166268077,0.166630647,0.16735985,0.167771739,0.168202348,0.168664155,0.168930121,0.169312545,0.169839416,0.170319236,0.170576112,0.17092175,0.171202908,0.171649894,0.17194573,0.172362983,0.172836092,0.173205458,0.173531607,0.173920006,0.17423677,0.174409889,0.174497288,0.174832296,0.174918887,0.175197614,0.175628255,0.176100783,0.176346243,0.17669068,0.177078768,0.177383756,0.177862746,0.17819421,0.178498256,0.178800146,0.179177881,0.179209187,0.179463017,0.179857171,0.18013025,0.180210619,0.180426706,0.180615012,0.180553552,0.180644869,0.180985713,0.181234312,0.18152383,0.181744977,0.181932897,0.182024944,0.182286813,0.182543903,0.182565184,0.182785107,0.182814006,0.183112292,0.1836487,0.183973936,0.184168494,0.184371476,0.184471352,0.184755172,0.185043894,0.185103102,0.184991706,0.185072918,0.184881817,0.184853976,0.185176174,0.185535412,0.186112831,0.186192247,0.186229809,0.186470251,0.186582475,0.18673441,0.18686438,0.18692839,0.18709441,0.187232756,0.18736046,0.187404853,0.187276721,0.187463559,0.187735351,0.187844062,0.187891371,0.187926757,0.188065215,0.188355121,0.188703528,0.188795255,0.188845032,0.189061299,0.189080286,0.188963948,0.188848709,0.18896228,0.189274491,0.189404068,0.189763859,0.189918961,0.189755473,0.189800522,0.189826508,0.189885276,0.190028162,0.190207736,0.19039485,0.190409651,0.190227696,0.190186479,0.190354595,0.190229762,0.190299517,0.190227897,0.190275869,0.190769047,0.190883028,0.191057562,0.191137919,0.191175297,0.191050516,0.190953421,0.19073944,0.1904325,0.190447942,0.190545326,0.190716286,0.190673402,0.190551423,0.19041305,0.190075252,0.19010862,0.190148117,0.189772926,0.189606588,0.189604019,0.189603096,0.1894867,0.189341603,0.189282495,0.189395165,0.189373508,0.18929837,0.189050044,0.188743576,0.188152426,0.188103273,0.18794329,0.18781421,0.187585021,0.187146327,0.18681958,0.186741311,0.186763378,0.186525724,0.186007103,0.185570393,0.184692107,0.184598929,0.184699655,0.184618196,0.18473498,0.184592375,0.183927088,0.18356542,0.182995235,0.182650842,0.182236557,0.181741467,0.181549256,0.181188828,0.180904593,0.180804827,0.180344485,0.179714814,0.179204614,0.178731227,0.178460621,0.178479157,0.178082416,0.177843833,0.177543276,0.177225636,0.17666399,0.176090594,0.175976013,0.176146563,0.175959372,0.175821803,0.17535883,0.175172205,0.174906596,0.174382751,0.174262759,0.174043543,0.173547593,0.173406897,0.173208334,0.172589791,0.172116335,0.172295191,0.171986027,0.171387808,0.170927738,0.170822482,0.170807246,0.170720118,0.170938962,0.171250265,0.171443891,0.171457922,0.17101737,0.170732415,0.170010974,0.169696703,0.169632757,0.169882114,0.170149462,0.170221518,0.170084391,0.17014131,0.169987086,0.169841335,0.170482156,0.170673516,0.170299251,0.170412362,0.170646396,0.170681294,0.171206806,0.171331205,0.170720982,0.170756109,0.171055194,0.170481133,0.170454156,0.170461006,0.170857249,0.170842002,0.171017086,0.171370015,0.171516644,0.171400876,0.171349298,0.171591976,0.17193159,0.171701387,0.171903783,0.172203476,0.172211913,0.172180558,0.172085632,0.171770014,0.171348966,0.171997952,0.171680837,0.171569951,0.171044513,0.170752578,0.170564361,0.170274158,0.170398431,0.171070445,0.170828297,0.170170084,0.170174163,0.169485681,0.169301379,0.169086088,0.1689955,0.169072347,0.168495652,0.168036472,0.166534493,0.165847535,0.165219074,0.163731066,0.162995116,0.162953368,0.161880716,0.160969666,0.160940647,0.159932283,0.158681226,0.15803615,0.157035593,0.155565647,0.153574864,0.151785275,0.149358429,0.147304132,0.145396035,0.143476972,0.141257135,0.139600194,0.137395786,0.135664048,0.133278994,0.131278836,0.128615681,0.125607268,0.123379956,0.12003277,0.116931631,0.114169343,0.111662411,0.109248136,0.106962271,0.104377527,0.100941213,0.098278038,0.09524549,0.092571432,0.090345727,0.088787249,0.087102745,0.085416192,0.083709696,0.081711437,0.079650412,0.077291668,0.07505712,0.07316006,0.0715935,0.069805237,0.068184262,0.067027295,0.065374568,0.063834099,0.062930268,0.061855327,0.061202757,0.060112174,0.059207354,0.058529321,0.058239595,0.057772863,0.05720034,0.05647922,0.055564576,0.054958743,0.054416316,0.054523701,0.054502563,0.054057524,0.05371,0.05329823,0.053102579,0.052748861,0.052792102,0.053052967,0.053142123,0.053296549,0.053116967,0.052838932,0.052144779,0.051346654,0.050829496,0.050408712,0.050146336,0.049766768,0.049504525,0.049618958,0.049653646,0.049640189,0.049805371,0.050172953,0.050352172,0.050576431,0.050938323,0.051250952,0.051287567,0.051123905,0.051391646,0.051810731,0.051792765,0.052016069,0.052216087,0.052362105,0.052920608,0.05311266,0.053643425,0.05467882,0.055297307,0.055709051,0.056187331,0.056328077,0.055964042,0.055996309,0.05614734,0.05606333,0.056198146,0.056554277,0.056765394,0.057130204,0.057987359,0.058751126,0.05877314,0.059019571,0.059009181,0.059338769,0.059675144,0.059952593,0.060797218,0.061616631,0.06228407,0.063479582,0.06418049,0.064433126,0.064487601,0.064115882,0.064317947,0.064374334,0.064393446,0.065150789,0.066291751,0.066885372,0.067602253,0.068254245,0.068698808,0.069255464,0.069817894,0.070461865,0.071072126,0.071351187,0.071886053,0.072315121,0.072732401,0.07365324,0.074454322,0.074980449,0.075267264,0.075432897,0.075874202,0.076246114,0.076899709,0.078010206,0.078487877,0.078967833,0.079637896,0.080397199,0.081062413,0.081822361,0.082114905,0.082418147,0.082775719,0.083296111,0.08406021,0.084521021,0.08468473,0.084870826,0.084914488,0.084892937,0.085947186,0.08692826,0.087444887,0.08820115,0.088693802,0.088610944,0.089209287,0.090218713,0.090512058,0.091083081,0.09144741,0.090870422,0.091153532,0.092008292,0.092303125,0.0932684,0.094762357,0.095670338,0.096555447,0.09701592,0.096464647,0.097096955,0.098020755,0.098194212,0.098383867,0.098753972,0.098797171,0.099110071,0.100356563,0.101481159,0.101194062,0.101624379,0.102059311,0.102351178,0.103149853,0.104207643,0.104601227,0.105183461,0.105103108,0.105473671,0.105270932,0.10486738,0.105087477,0.105870252,0.10679419,0.106799499,0.107152023,0.107625798,0.107505193,0.108442095,0.109904479,0.109997533,0.110140298,0.110776153,0.111079601,0.111616222,0.112469819,0.112832453,0.11319011,0.113846735,0.113994199,0.113694716,0.113889746,0.113940671,0.114136011,0.115563485,0.116371691,0.117184281,0.117981574,0.118729039,0.118125654,0.117211266,0.11718836,0.11650422,0.116545455,0.117670535,0.1177223,0.117956745,0.118363095,0.119086687,0.119791545,0.121287462,0.122205784,0.12236164,0.122661703,0.122829135,0.122811304,0.122798317,0.12358119,0.123845229,0.123624996,0.123705113,0.123619455,0.12405469,0.125069001,0.125426071,0.126715353,0.127514576,0.126998705,0.127853876,0.127389133,0.127876245,0.128542437,0.126970695,0.12826738,0.128605657,0.128245526,0.129477884,0.129963094,0.129955226,0.130206204,0.129458128,0.129385557,0.128889952,0.129245887,0.130136705,0.130012312,0.129834323,0.130598287,0.132013606,0.132623944,0.133406639,0.133019983,0.132383044,0.13249227,0.132225573,0.130655598,0.131105625,0.130913338,0.13209908,0.133043687,0.134417857,0.132301662,0.133750362,0.134135806,0.135257428,0.133775338,0.134659186,0.132378322,0.130686268,0.131295072,0.132661911,0.132830542,0.134209224,0.134080623,0.132702858,0.133912978,0.134677273,0.134705724,0.134062501,0.134402532,0.134567602,0.135294457,0.136935833,0.13664953,0.137300477,0.136858345,0.137086397,0.136090517,0.136391718,0.136930962,0.13691885,0.134469399,0.134675543,0.132467187,0.132557208,0.13318165,0.13219697,0.132146795,0.13169427,0.130924244,0.131104433,0.132109885,0.132409252,0.132400295,0.132155121,0.131857134,0.132977775,0.132923629,0.133342841,0.135157109,0.1370701,0.13718527,0.136362696,0.135799417,0.136065728,0.135445104,0.135635254,0.134326031,0.133653495,0.134682014,0.133334759,0.133661992,0.133654372,0.135096311,0.135166656,0.135739783,0.13752769,0.137169812,0.136303346,0.13461508,0.133605529,0.133051632,0.133568156,0.134381284,0.134070034,0.134976066,0.134827427,0.135661358,0.136303362,0.13548122,0.136174645,0.136365223,0.136436826,0.134877241,0.134052701,0.134146877,0.135232944,0.136469253,0.137195139,0.134616968,0.133760917,0.132855702,0.132544802,0.134502462,0.135246356,0.134898109,0.134447706,0.133977718,0.135109556,0.135471855,0.135589036,0.136215046,0.135032422,0.135063119,0.134771584,0.134199334,0.13185443,0.131182955,0.132080316,0.131177188,0.131529509,0.131723838,0.129612617,0.129645799,0.128721749,0.128985207,0.129705483,0.130293557,0.130402698,0.130298687,0.129806424,0.129444552,0.128504175,0.128853294,0.130178907,0.129070564,0.128552276,0.129013465,0.127685347,0.126870012,0.12800017,0.128690758,0.128270664,0.128554634,0.127803903,0.127304533,0.128228954,0.12853158,0.126296676,0.125851287,0.126296307,0.125737863,0.124631659,0.124026137,0.121448054,0.120471946,0.12066485,0.120759632,0.119519038,0.120108107,0.121875669,0.123770708,0.12401501,0.12256598,0.12077766,0.119126638,0.118252749,0.120092176,0.12040661,0.119417326,0.120502002,0.119595813,0.119074003,0.118334755,0.119059741,0.120256609,0.119769163,0.120187674,0.118259282,0.11692889,0.117333141,0.116553931,0.113963962,0.110228122,0.108603361,0.108542858,0.109552472,0.109873974,0.112416071,0.114799895,0.113724224,0.115170375,0.116750442,0.116264652,0.116335463,0.117306466,0.11881492,0.118603168,0.117933248,0.11631274,0.110727815,0.106598433,0.104624218,0.102428775,0.100949993,0.101805555,0.099824069,0.099478631,0.099497927,0.098933286,0.099206804,0.099516745,0.098381014,0.098683873,0.098006415,0.095119943,0.094018393,0.090516693,0.090444119,0.093642501,0.097057193,0.106434885,0.107045402,0.101995883,0.10180972,0.10021673,0.0997874,0.106639779,0.108048006,0.104208936,0.103482549,0.101865346,0.101123209,0.101870004,0.100187949,0.097489225,0.094741324,0.090954667,0.089018373,0.089332739,0.090081593,0.092988931,0.093684265,0.09060321,0.089586587,0.089219186,0.086941411,0.084299182,0.083169188,0.082720057,0.082098783,0.083772944,0.077492335,0.074460432,0.074673788,0.073130627,0.075658592,0.079473188,0.083759787,0.083329415,0.081675469,0.080192639,0.076251108,0.07384003,0.078446868,0.081715811,0.077064334,0.080142467,0.081597843,0.07897495,0.079832775,0.075688352,0.07064611,0.066042627,0.061778822,0.063922849,0.059335919,0.057989328,0.057294543,0.05359267,0.059604668,0.063964156,0.067477337,0.071632403,0.071391067,0.075787668,0.080565855,0.08389237,0.08568926,0.085711545,0.082013811,0.069857142,0.065043521,0.060724459,0.053706486,0.064540391,0.070431092,0.068408532,0.074764499,0.071032846,0.071711233,0.073703083,0.074151905,0.079711371,0.081326362,0.072012855,0.067617494,0.062883089,0.055522842,0.051011635,0.052714747,0.053277821,0.056037117,0.062552107,0.060946454,0.060877046,0.06509894,0.055365185,0.054682983,0.048415938,0.050492614,0.065975545,0.071227879,0.076399459,0.082518685,0.087513719,0.087112968,0.089104194,0.070185417,0.059391468,0.054641337,0.04859933,0.041016308,0.036179781,0.033380525,0.031490643,0.036130565,0.039967622,0.025569354,0.025605553,0.030391583,0.01976662,0.037857065,0.044878451,0.040381365,0.054457619,0.041947429,0.031982807,0.032200575,0.028191407,0.026517185
/data/asd/1/1549991361-00.asd,sp2_run8,144,0,144,0,-0.0354659,0,0.04425354,0.049105836,0.06259562,0.059378644,0.056927263,0.060747511,0.054318728,0.054103721,0.058529067,0.058515818,0.056413853,0.05636811,0.061187949,0.059698798,0.059806936,0.061055881,0.056462801,0.057464975,0.058141492,0.059436375,0.060730704,0.059747481,0.061255458,0.060487745,0.061805272,0.061034938,0.059058561,0.059571839,0.061061764,0.062441353,0.062017586,0.061836814,0.062081873,0.062584842,0.062048495,0.063008702,0.061639537,0.061808454,0.065634798,0.063927203,0.062912966,0.062643919,0.064401218,0.065413726,0.065606526,0.064904696,0.063323145,0.063649169,0.064775121,0.065829247,0.065045663,0.06517097,0.066011609,0.066675382,0.067767498,0.067312101,0.066494457,0.065323843,0.067687555,0.069452871,0.069442538,0.070263907,0.070074144,0.070212394,0.070104804,0.069951809,0.070737244,0.071184841,0.06989164,0.070971274,0.072037834,0.07202842,0.07203822,0.072966142,0.073344446,0.072770482,0.072883238,0.07294756,0.073529261,0.074767113,0.075021281,0.074672406,0.075296581,0.076302347,0.076448628,0.076456055,0.077304423,0.07773479,0.077535371,0.077463787,0.078298706,0.078917861,0.078898883,0.079221854,0.080331995,0.08022776,0.080259929,0.081139271,0.081072394,0.081614414,0.082004575,0.081881712,0.082094788,0.082772093,0.083639535,0.083449925,0.083458556,0.083594539,0.083639466,0.084123994,0.084228355,0.08437955,0.0847691,0.085207323,0.085520095,0.086007178,0.085878106,0.086463735,0.086773877,0.086836158,0.08693128,0.087105869,0.087371218,0.087665458,0.087695626,0.088039532,0.088204148,0.08805717,0.088914701,0.089257167,0.089056564,0.089301422,0.090202475,0.090625854,0.090110743,0.090426279,0.090855583,0.091119455,0.091315249,0.091943621,0.09253155,0.092752868,0.092862866,0.093279911,0.093401582,0.093350439,0.094096387,0.094561463,0.095133713,0.095299554,0.095733081,0.096011284,0.096177195,0.096603663,0.096760508,0.097299411,0.097702916,0.097930599,0.098565109,0.099034464,0.098966742,0.099504956,0.100001704,0.100147468,0.100729249,0.100874327,0.101039124,0.101821326,0.101988668,0.102427434,0.102583325,0.103077908,0.103264713,0.103309929,0.103835559,0.104454841,0.104707114,0.105062085,0.105477337,0.105605669,0.105808258,0.10635014,0.106576166,0.106888016,0.107347213,0.107683138,0.108039706,0.108529267,0.108781422,0.109237255,0.109070309,0.109518923,0.110092137,0.110236163,0.110410291,0.110710553,0.110943472,0.111279126,0.111729259,0.112076985,0.112362351,0.11279257,0.113154444,0.1134722,0.113681351,0.114027984,0.114190363,0.11432065,0.11472234,0.114965488,0.115084156,0.115369685,0.115581141,0.115590181,0.115541172,0.115788702,0.115975854,0.116205127,0.116366976,0.116978839,0.117529396,0.117692498,0.117927134,0.118293225,0.118545211,0.118822148,0.118976452,0.119023549,0.118939009,0.118735195,0.118858858,0.118959384,0.118912397,0.118919502,0.118959556,0.118948674,0.118757828,0.118727407,0.118798042,0.11883921,0.11897047,0.119157128,0.119332016,0.119259529,0.119298017,0.119262275,0.119438545,0.119598521,0.119670243,0.119793303,0.119848722,0.119952839,0.120047497,0.120065599,0.120056611,0.120149007,0.120195322,0.120178241,0.12001455,0.120256126,0.120320848,0.120077999,0.120044687,0.120255598,0.120400208,0.120213584,0.120155155,0.120190535,0.120215993,0.120267576,0.120323831,0.120365977,0.120495476,0.120474997,0.120529515,0.120599528,0.120627716,0.120520142,0.120473867,0.120503532,0.120308367,0.120371737,0.120470756,0.120690447,0.120587722,0.120545359,0.120509522,0.120487736,0.120531306,0.120459883,0.120439442,0.12042851,0.120377982,0.120334043,0.120511137,0.120620535,0.120588321,0.120478321,0.120552516,0.120569358,0.120627327,0.120609348,0.120523327,0.120429067,0.12036889,0.120382663,0.12035974,0.120163262,0.120177691,0.120139339,0.120142226,0.12014398,0.120086542,0.11987747,0.119797072,0.119867343,0.119873389,0.119953091,0.119911434,0.119890785,0.11987948,0.11987124,0.119944192,0.120123154,0.120206237,0.120255544,0.120267888,0.120333334,0.120672745,0.120793028,0.120834203,0.120853672,0.120864803,0.121139058,0.121273569,0.12129805,0.121570952,0.121606921,0.121611469,0.121759774,0.121847805,0.121928209,0.121941855,0.122225641,0.122449696,0.122308611,0.122375869,0.122640349,0.122653151,0.122778377,0.122824437,0.122984076,0.123343182,0.123296,0.123206198,0.123404021,0.123546604,0.123802464,0.124041219,0.124019992,0.124241797,0.124399337,0.124482421,0.124745027,0.124836218,0.124844332,0.124999043,0.125041033,0.125121543,0.125487488,0.125560617,0.125711758,0.125885988,0.125966991,0.126097362,0.12617851,0.126181325,0.126356881,0.126399368,0.126481161,0.126694886,0.126687629,0.126959917,0.127223797,0.127342637,0.127561533,0.127658734,0.127752865,0.127899795,0.127881808,0.128058863,0.128264723,0.128309031,0.128461396,0.128637847,0.128927697,0.1292911,0.129259792,0.129545212,0.129692759,0.129566667,0.129725579,0.129938625,0.13003416,0.130311998,0.130545756,0.130589575,0.130668196,0.130690851,0.130781302,0.130996693,0.131062198,0.131303273,0.131214008,0.131123064,0.131565716,0.131646054,0.131658729,0.131852706,0.131889511,0.132201392,0.132387549,0.132345657,0.132807959,0.132864196,0.132792883,0.13301032,0.133164373,0.133418007,0.133672423,0.133685217,0.133911465,0.13406601,0.13429375,0.134381644,0.134617317,0.134543924,0.13478509,0.134698544,0.134760713,0.135009245,0.135094545,0.135286936,0.135631779,0.135610906,0.135741124,0.135763652,0.135826815,0.136163806,0.136230845,0.13611429,0.136215093,0.136124349,0.136468232,0.136896867,0.136704959,0.136660974,0.136722534,0.136986014,0.136961619,0.137176477,0.137301121,0.137253233,0.137073057,0.137296451,0.137680521,0.137872624,0.13779654,0.137720178,0.137663773,0.138131159,0.138251189,0.138264893,0.138379176,0.137867368,0.138116062,0.138702216,0.138119693,0.13859936,0.138347929,0.138396889,0.138667464,0.138510536,0.138760844,0.138857821,0.13848239,0.13896926,0.138399343,0.138709153,0.138757834,0.13853974,0.138849685,0.138806113,0.138624097,0.138843218,0.139287559,0.138883935,0.138595846,0.139208724,0.138194893,0.138494967,0.138744785,0.1380163,0.138817763,0.138903932,0.138747905,0.13903203,0.139470239,0.139035087,0.13932372,0.138677321,0.139616459,0.139311506,0.138560578,0.137901128,0.138618596,0.139457009,0.139382455,0.139139601,0.138995011,0.139116629,0.139080206,0.140326849,0.139647552,0.13918104,0.139388481,0.139217468,0.139534361,0.139010755,0.139775418,0.13880963,0.138723113,0.139689576,0.139446002,0.139818772,0.139797877,0.139205074,0.139111564,0.139424558,0.140028986,0.139405132,0.139617392,0.139336336,0.139238838,0.139092681,0.139325259,0.139544394,0.139522624,0.139732447,0.139786753,0.139472603,0.13955438,0.13918435,0.139781849,0.139726338,0.140119167,0.1403775,0.140233004,0.139674912,0.140096776,0.140106115,0.140401584,0.140396323,0.140620662,0.140852923,0.140788101,0.140664973,0.140725583,0.140531269,0.140241312,0.140489252,0.140470479,0.140729896,0.140869195,0.140986696,0.141339094,0.141051833,0.141015252,0.140635835,0.140907426,0.141103142,0.141389862,0.141030765,0.141460825,0.14136706,0.141062272,0.140990543,0.141048875,0.141396676,0.14111437,0.141128149,0.141689404,0.141765743,0.141373455,0.141819607,0.141148657,0.141405757,0.141905021,0.141285867,0.141645129,0.141567076,0.141767742,0.142012816,0.141667302,0.141616163,0.141865437,0.141551018,0.141827931,0.142400797,0.141878447,0.141720606,0.141627817,0.141694397,0.142132912,0.141662513,0.142143011,0.142676429,0.142479914,0.14337728,0.143075168,0.142950102,0.143225838,0.142948036,0.143338851,0.14308355,0.142844028,0.143997555,0.143737846,0.142763306,0.14378313,0.1434927,0.143832618,0.144746496,0.142885152,0.144255467,0.145063141,0.143293094,0.144183152,0.143285338,0.142640574,0.144422476,0.144016552,0.14411317,0.14487156,0.144474761,0.144824664,0.144351643,0.144121672,0.145175178,0.145164416,0.145394815,0.145384966,0.145376709,0.145393437,0.145835317,0.146976498,0.147021122,0.14676454,0.147044549,0.147104231,0.147055129,0.147498116,0.147576833,0.147012356,0.14692744,0.146974298,0.147202591,0.147557396,0.148191764,0.148417272,0.148303865,0.148148332,0.147239803,0.14730975,0.14783441,0.148063183,0.148732289,0.148935407,0.148628232,0.148521195,0.148681461,0.148597967,0.148282696,0.148083769,0.148340052,0.148633081,0.149064799,0.149407348,0.149270957,0.148555788,0.148665922,0.149140314,0.149034766,0.149127687,0.149054283,0.148675454,0.148844844,0.149169721,0.149164031,0.149479584,0.149887856,0.150070828,0.150316608,0.149979035,0.14957172,0.149616338,0.150251189,0.150187384,0.150152837,0.1501849,0.15026581,0.150222355,0.150221984,0.150328328,0.150042824,0.149891796,0.15013064,0.150494612,0.150360765,0.150374232,0.150557077,0.150063066,0.150090092,0.150391042,0.150529849,0.150482716,0.150967078,0.151144112,0.151290391,0.151514158,0.151331244,0.151334297,0.151342017,0.151240577,0.151427224,0.151590975,0.151498551,0.15164273,0.151926125,0.151947986,0.151983039,0.152210444,0.152383925,0.15239708,0.152630049,0.152754947,0.152609346,0.152507511,0.15228917,0.152150329,0.15216079,0.152285629,0.152547812,0.152626428,0.152656781,0.152596289,0.152668797,0.152747861,0.153045787,0.152978763,0.152849741,0.152979664,0.153075674,0.153330185,0.153522572,0.153429203,0.153134869,0.153241159,0.153334991,0.153307149,0.153509945,0.153650171,0.153606983,0.153441526,0.15354979,0.153627389,0.153421573,0.15331016,0.153250734,0.153312084,0.153395281,0.15374221,0.15379466,0.153843489,0.153885581,0.154040682,0.154243955,0.154070733,0.153774479,0.1536447,0.153322847,0.153118753,0.153008568,0.15305074,0.153203187,0.152971357,0.15280371,0.152838602,0.152660158,0.152553411,0.152486869,0.152445995,0.152342216,0.152018214,0.15185013,0.152004413,0.152101998,0.152179301,0.152362117,0.152556621,0.15255955,0.152607992,0.153006563,0.153184752,0.153442626,0.153522824,0.15346855,0.153541266,0.153461969,0.153590876,0.153976843,0.153727563,0.153609434,0.153605599,0.153641347,0.153798263,0.154068799,0.154158564,0.154400098,0.154524678,0.154546416,0.154916322,0.154889829,0.154809608,0.155050155,0.15502116,0.155087672,0.155198551,0.155262989,0.155394923,0.155400622,0.155739615,0.15591047,0.155919704,0.155950341,0.155829119,0.155754809,0.15595574,0.155992913,0.156153028,0.15646771,0.156498858,0.156870792,0.157296138,0.157532364,0.157398262,0.157196724,0.157141214,0.156988653,0.15705753,0.157598463,0.15775804,0.15785563,0.158066187,0.158118766,0.158200738,0.158092764,0.158211624,0.158243468,0.158452575,0.158826245,0.159281875,0.159476943,0.159453581,0.159257219,0.159202141,0.159457704,0.159852718,0.159903616,0.159958302,0.160095978,0.16010399,0.160092014,0.160185488,0.16028072,0.160471278,0.160680551,0.16111294,0.161433969,0.161727648,0.161640461,0.161878099,0.161957703,0.1619741,0.162090157,0.162175216,0.162460757,0.162690718,0.163054515,0.163263575,0.163338404,0.163433215,0.163532732,0.163609197,0.163723981,0.163914383,0.164054195,0.164174393,0.164421577,0.164616593,0.164980138,0.165201154,0.165413528,0.165799078,0.165813111,0.165736172,0.165849107,0.165830726,0.165908253,0.16614981,0.166348578,0.166606774,0.166699514,0.166877889,0.166999566,0.166977096,0.166990807,0.166919969,0.167038352,0.167332925,0.16744491,0.167615074,0.16779027,0.167792182,0.167817485,0.167888723,0.16804949,0.168167913,0.168279257,0.168417094,0.168596354,0.168732119,0.168861333,0.169022386,0.169145534,0.169201893,0.169277031,0.169284889,0.169246849,0.169226595,0.169057284,0.169005311,0.169234019,0.169336989,0.169384405,0.169456759,0.16957825,0.169516071,0.169632201,0.169662659,0.169685772,0.169646156,0.169631481,0.169622123,0.1696405,0.169518679,0.169537912,0.169675688,0.169588819,0.169523843,0.169369026,0.169059256,0.16882678,0.168475031,0.168300213,0.16824809,0.168125196,0.168081264,0.167958197,0.167857747,0.167775553,0.167633528,0.167785351,0.167646928,0.16735043,0.167179904,0.166952254,0.166737993,0.166586508,0.166389736,0.166120765,0.165969906,0.165880524,0.165736252,0.165685749,0.165463553,0.165203222,0.165009026,0.164725447,0.164427825,0.164204589,0.164020593,0.16396141,0.163896317,0.163892688,0.163788068,0.163577447,0.163460738,0.163189368,0.162759872,0.162662454,0.162585956,0.162343178,0.16223926,0.162064406,0.161691687,0.161493636,0.161425051,0.161136592,0.160825081,0.160461622,0.160009443,0.159580662,0.159215085,0.158656691,0.157948791,0.157258131,0.15674966,0.156002475,0.155223713,0.154256677,0.153154203,0.152049449,0.150877452,0.149641148,0.148275812,0.146846484,0.145463296,0.144022259,0.142554542,0.141159933,0.139615778,0.137998088,0.13625544,0.134297199,0.132454249,0.130617966,0.128912867,0.127280353,0.125531296,0.123786684,0.122114533,0.120471794,0.1189125,0.117281352,0.115843234,0.1143966,0.113076223,0.111888801,0.11074444,0.109494311,0.108367159,0.107400911,0.106429242,0.105470569,0.10467096,0.103843748,0.102991282,0.102322338,0.101639096,0.101052114,0.100521846,0.100072575,0.099747314,0.099399161,0.099180475,0.098751683,0.098262782,0.097846416,0.097236893,0.096835896,0.096534592,0.096198578,0.095872169,0.095597734,0.095375012,0.095189314,0.095064546,0.09488448,0.094743537,0.094575555,0.094414151,0.094252236,0.094160413,0.094140165,0.094057271,0.093949205,0.094024031,0.09400171,0.09396978,0.094085744,0.094221714,0.09434496,0.094575273,0.094645931,0.094862538,0.095046442,0.095199211,0.095215372,0.095447372,0.09566009,0.095956769,0.096306793,0.096480869,0.096578349,0.096786434,0.097001161,0.097361881,0.097760527,0.098099975,0.098483318,0.09882963,0.099315201,0.099707035,0.10000185,0.100433885,0.10081656,0.101283314,0.101862618,0.10236359,0.102847941,0.103450466,0.103915087,0.104460167,0.105160855,0.105668554,0.106265303,0.106866503,0.107569061,0.10820493,0.10888709,0.109511751,0.110023533,0.110221102,0.110795884,0.111253506,0.1119715,0.112743898,0.113489971,0.114297241,0.114989328,0.115527554,0.116246239,0.116786084,0.117460589,0.118110276,0.118850371,0.119533542,0.120280708,0.120918992,0.12164798,0.122290857,0.122940097,0.123494957,0.124139334,0.124685177,0.125356645,0.125922022,0.126529852,0.127419521,0.128180147,0.128653614,0.129160728,0.129231473,0.129885438,0.130668311,0.131226366,0.132144338,0.132852453,0.133304341,0.133835422,0.134421622,0.134956264,0.135518453,0.136139627,0.136532119,0.137130494,0.137694344,0.138195516,0.139009527,0.13953401,0.140195992,0.140602863,0.141198928,0.141715379,0.142371363,0.142905964,0.143122274,0.143559675,0.144141348,0.144639263,0.145464706,0.145963473,0.146299561,0.146647029,0.147088818,0.147436939,0.148051897,0.148695117,0.14911609,0.149757846,0.150265592,0.150685354,0.151214544,0.151646971,0.151985172,0.15235726,0.15278291,0.153240266,0.153590028,0.154100464,0.154558975,0.155133008,0.1555662,0.156165944,0.156506504,0.156765112,0.157102826,0.15720698,0.157561227,0.158023328,0.15851573,0.158990968,0.159378386,0.159623838,0.159939515,0.159978573,0.160242587,0.160478862,0.16074548,0.161133285,0.16153407,0.161855583,0.162123428,0.162358434,0.162776375,0.163131023,0.163452021,0.163694304,0.164124542,0.16432626,0.164565104,0.164870789,0.165023431,0.165292961,0.165515958,0.165692782,0.165958387,0.166337369,0.166373683,0.166612017,0.167011075,0.167236978,0.16746895,0.168028159,0.168411472,0.168537165,0.168652166,0.168724073,0.168936165,0.169228176,0.169414584,0.16971897,0.169783341,0.169776839,0.170019193,0.170262561,0.17041885,0.170404798,0.170582978,0.170693502,0.170949202,0.171341871,0.171537137,0.171657046,0.172062074,0.172394807,0.172640104,0.172841592,0.173130753,0.173053412,0.173139241,0.173534156,0.173881328,0.174200164,0.174281099,0.174380886,0.174578665,0.174677235,0.174732291,0.174517597,0.174548623,0.174946378,0.175275408,0.175711922,0.176011199,0.176200424,0.176580008,0.177048208,0.177264403,0.17738202,0.177293224,0.177039436,0.177160769,0.177257282,0.17731009,0.177504304,0.177824568,0.177935421,0.177940744,0.178057212,0.178109938,0.178119426,0.178156482,0.178308183,0.17852189,0.178791683,0.178898185,0.178822236,0.178879915,0.178743514,0.17888571,0.179141956,0.179424296,0.179488525,0.179489174,0.179755547,0.179522011,0.179414801,0.179412006,0.17905905,0.179034339,0.178912597,0.178988356,0.178989314,0.178965925,0.179018507,0.178879955,0.178871927,0.178807241,0.178855429,0.178862295,0.179002013,0.17924079,0.179127358,0.178892707,0.178665926,0.178564657,0.178488706,0.178324052,0.178031167,0.178029127,0.17811852,0.178137379,0.177921972,0.177751137,0.17781059,0.177565713,0.177440617,0.177203887,0.176859046,0.176179223,0.176146,0.176131229,0.176026251,0.176074814,0.17568055,0.175191326,0.175021032,0.174865253,0.174689244,0.174404815,0.174154403,0.173664774,0.173560382,0.173607469,0.173283603,0.172623995,0.172228751,0.171440351,0.171384081,0.171226135,0.171038961,0.17076217,0.170498511,0.170301727,0.169961934,0.169490334,0.169057438,0.168899436,0.16839815,0.167995137,0.168118414,0.167733769,0.167484703,0.167184554,0.166865272,0.166507659,0.166503614,0.166256753,0.165865923,0.165753866,0.165788387,0.165582737,0.164802974,0.164226625,0.163707648,0.163383885,0.163309492,0.16322413,0.163029096,0.162625694,0.162315193,0.162059309,0.161653021,0.161179758,0.161081039,0.160534759,0.160033693,0.160230219,0.160327628,0.160430798,0.160277714,0.160092144,0.160199205,0.160061907,0.159835501,0.15981133,0.159873489,0.15918178,0.159053503,0.159053363,0.158901767,0.158879048,0.159176969,0.159416363,0.159214332,0.158927747,0.158833173,0.158838689,0.158647729,0.159093195,0.158902977,0.1587712,0.158405031,0.15774204,0.157634299,0.157406003,0.157609579,0.157870209,0.158446056,0.158874927,0.159265921,0.159719042,0.15969743,0.159782168,0.15953936,0.159349044,0.159064513,0.158596065,0.158642781,0.158814067,0.158430317,0.158378687,0.158698695,0.158804473,0.158862398,0.158902548,0.158978257,0.159480499,0.160280131,0.160172255,0.160507579,0.160187254,0.159764601,0.159424489,0.159126479,0.158871459,0.158419746,0.15726855,0.15700033,0.15718018,0.156482186,0.156617105,0.156571544,0.155913014,0.156225085,0.156773582,0.156841155,0.156002734,0.155947559,0.155145527,0.154008819,0.15328197,0.152866344,0.151527542,0.150386322,0.15009011,0.148638916,0.147310503,0.147372095,0.146646723,0.145320792,0.143485495,0.141970834,0.139702065,0.137774139,0.136464495,0.1348954,0.132743849,0.13082781,0.128878896,0.126689126,0.124208178,0.122022258,0.119199461,0.115890829,0.113832883,0.110761668,0.108465071,0.106415031,0.10412618,0.101816573,0.099151294,0.096751767,0.094477244,0.092085805,0.089362323,0.08661848,0.083923077,0.08095056,0.078713547,0.07632751,0.074129864,0.072504257,0.070756015,0.069193946,0.067674312,0.065990271,0.064726348,0.063243227,0.061744253,0.060427532,0.059279331,0.058279634,0.057438527,0.056870895,0.056329252,0.05521445,0.054098491,0.05320187,0.052437551,0.051731361,0.051167267,0.051077947,0.050740233,0.050589843,0.050051778,0.049355349,0.049041763,0.048378974,0.047765246,0.04717461,0.047035118,0.046272928,0.045992916,0.046289795,0.045975514,0.046095977,0.046232447,0.045803658,0.045498709,0.045272432,0.045163379,0.044877732,0.045089391,0.045496827,0.045941626,0.046353764,0.046621361,0.046596439,0.04614586,0.04606823,0.045981235,0.045897594,0.045933878,0.045986002,0.045914435,0.045653476,0.045695231,0.04625187,0.046789562,0.047403362,0.047692964,0.047945226,0.048187545,0.048096008,0.048200087,0.048478724,0.048574731,0.048475035,0.048439006,0.048616451,0.0489518,0.04932694,0.049760649,0.049957723,0.050196508,0.050679597,0.051614988,0.052069871,0.052566741,0.052775151,0.053018856,0.052781642,0.053308559,0.054187643,0.055193333,0.056225611,0.056562586,0.056845154,0.057141291,0.057125436,0.057443039,0.057746876,0.058232091,0.059030418,0.060062675,0.06057467,0.061127022,0.061811469,0.061752954,0.061916857,0.062065649,0.06220032,0.061967108,0.062302454,0.062970312,0.063712616,0.064733127,0.06515483,0.065650869,0.066101099,0.066157448,0.066226077,0.06666424,0.066828101,0.066828098,0.06678723,0.06746687,0.068359453,0.069168019,0.070480578,0.071461479,0.071601629,0.071980176,0.073055411,0.073826611,0.074689068,0.075636202,0.076173596,0.076585719,0.077068443,0.077497508,0.077856578,0.077980737,0.078133707,0.078213389,0.078678081,0.07949731,0.079865844,0.080265574,0.080747212,0.08084359,0.080434164,0.080761262,0.080906441,0.081069015,0.081931745,0.082787195,0.083680957,0.084528074,0.085588832,0.086484487,0.086948154,0.086766237,0.087243604,0.087671642,0.087969572,0.087969016,0.088673958,0.089221449,0.089673884,0.091122516,0.091508602,0.091279206,0.091347492,0.091601698,0.091353251,0.091302739,0.092850501,0.093246105,0.093605673,0.094243968,0.094350933,0.094385232,0.094839469,0.094737522,0.09482262,0.094808843,0.095461286,0.095948415,0.096692261,0.097460133,0.09744124,0.09742111,0.097849136,0.098126006,0.099090711,0.100115651,0.100610911,0.101449886,0.102484314,0.103869762,0.104445199,0.104705603,0.104682236,0.10315814,0.103339508,0.104092842,0.103989197,0.104929201,0.106114406,0.105962182,0.106764548,0.107199416,0.107312039,0.107738682,0.108103352,0.107706651,0.10749369,0.107938564,0.108365708,0.108872225,0.109800538,0.110074357,0.111038352,0.111689759,0.111696311,0.111343713,0.112128973,0.111977503,0.111891354,0.113381916,0.113722389,0.113082949,0.113348441,0.114767111,0.11540482,0.116361779,0.116836628,0.116595663,0.116728457,0.11684521,0.11661243,0.11740623,0.117707728,0.117340739,0.117680853,0.117166956,0.117374399,0.118461557,0.118495894,0.120125689,0.120876231,0.120597885,0.120565216,0.120784144,0.12100544,0.121350499,0.120902008,0.120799475,0.119969754,0.120291417,0.120343718,0.119409432,0.119248649,0.119102356,0.120357647,0.121837794,0.122816272,0.122681679,0.121910012,0.121118111,0.121003969,0.120327494,0.121093328,0.1219588,0.123248457,0.123169045,0.124205928,0.122152558,0.123498294,0.124547868,0.1253394,0.123810309,0.125517816,0.124701449,0.124374328,0.124588617,0.124578025,0.123704605,0.122021695,0.121032138,0.120337504,0.121394745,0.122366005,0.122652188,0.122357704,0.122976993,0.124131232,0.124866443,0.125753026,0.125251967,0.125071266,0.124494263,0.124820945,0.124144478,0.124763944,0.125336112,0.126873611,0.125983158,0.127019188,0.125967663,0.126361459,0.126245463,0.12515359,0.12495999,0.12437566,0.123382518,0.122977349,0.123047782,0.122946742,0.122336725,0.121956121,0.122599259,0.123304952,0.122364543,0.121439814,0.121448083,0.122535157,0.122666244,0.122763474,0.123678764,0.124256837,0.12408639,0.126241008,0.125607381,0.125336598,0.126318278,0.123890674,0.123892169,0.124100074,0.124778048,0.123775971,0.123648931,0.123028599,0.122761036,0.124093524,0.12366568,0.124583849,0.125124515,0.125549374,0.126582491,0.126516382,0.128001236,0.127790923,0.1270855,0.125717811,0.123309501,0.12370507,0.124075628,0.125201053,0.125780043,0.125972869,0.125187661,0.125276648,0.123693201,0.124132154,0.122934774,0.122746616,0.123852454,0.124183167,0.125553971,0.125861658,0.125086348,0.124366344,0.122990077,0.123997856,0.125559522,0.126011373,0.127074151,0.125918966,0.124468488,0.123965744,0.123788212,0.121384772,0.121561409,0.122152899,0.121510201,0.122704938,0.123678894,0.123210511,0.122469816,0.119499223,0.116994505,0.115387594,0.116726291,0.118250532,0.11888782,0.120550289,0.121820137,0.12119034,0.12220242,0.125303441,0.12353075,0.120260309,0.119423778,0.116496831,0.114837154,0.11543571,0.116136817,0.116753279,0.116941409,0.116504158,0.116037123,0.116330856,0.116588796,0.11515191,0.115516169,0.115718204,0.116305635,0.118663588,0.11942859,0.118341885,0.118020537,0.117477972,0.11641994,0.115750469,0.114933313,0.114842135,0.115547422,0.114496469,0.112876803,0.111093397,0.108518257,0.107493377,0.108483573,0.108501205,0.108517277,0.109980888,0.110761491,0.112073865,0.113843476,0.11251359,0.109506309,0.106958254,0.104129298,0.10402489,0.104695561,0.104818482,0.104914187,0.104253698,0.103627033,0.103569099,0.104095286,0.102361603,0.097322202,0.097006306,0.095609279,0.092830826,0.095067287,0.097689959,0.099031906,0.100001513,0.100274286,0.100983835,0.101667326,0.102949002,0.104415908,0.101711807,0.098620078,0.097494777,0.097933658,0.099151454,0.103770483,0.103763499,0.105348754,0.104647297,0.100277628,0.098333701,0.094645903,0.092942537,0.095056883,0.095047886,0.094467138,0.093800991,0.091035764,0.088852312,0.087085017,0.085768411,0.084421087,0.083761893,0.083970119,0.084583296,0.086716317,0.087836746,0.090026219,0.091864787,0.093635301,0.093135684,0.091252191,0.088395889,0.081507934,0.078543701,0.076661671,0.07747875,0.085070893,0.087829762,0.089839922,0.091773443,0.090017207,0.09005849,0.09102179,0.090219604,0.086974087,0.084253938,0.080517963,0.078904547,0.079205635,0.0801247,0.084830544,0.081905956,0.080899183,0.080460585,0.074609075,0.074683971,0.076107524,0.076842652,0.076341597,0.076072839,0.072317835,0.069820016,0.070456123,0.071313496,0.075142284,0.073685764,0.074397986,0.07733564,0.077830294,0.079143001,0.073963277,0.068408463,0.067768216,0.065543471,0.071656624,0.076100182,0.078071662,0.076626534,0.076063915,0.081121873,0.076318514,0.074346389,0.071749438,0.065052475,0.069415249,0.076112459,0.081615968,0.083962006,0.088184607,0.090294382,0.08602611,0.087827538,0.084218167,0.079384967,0.084104175,0.081084965,0.071057627,0.061873095,0.059138745,0.059390077,0.053832908,0.054953361,0.054336105,0.059546274,0.067810528,0.07560279,0.071691209,0.05647468,0.049877995,0.050198344,0.058624609,0.071192592,0.074735351,0.072587629,0.06694589,0.066070444,0.072081202,0.072820471,0.070222751,0.068957286,0.064387681,0.063676257,0.070638239,0.066502368,0.053258757,0.047105291,0.038258406,0.038977014,0.046549518,0.051315497,0.053724199,0.053185115,0.057676076,0.063213306,0.062146588,0.065693717,0.061203276,0.054307299,0.057302781,0.047533647,0.038258589,0.040149095,0.036953533,0.049457382,0.069794211,0.073154827,0.077755173,0.077739852,0.061289098,0.039907753
/data/asd/1/1549991370-00.asd,sp2_run8,144,0,144,0,20.0485,0,0.050954771,0.054767487,0.056943904,0.051933869,0.055294671,0.061903765,0.0546868,0.055051341,0.060718316,0.059650801,0.055064719,0.052784691,0.055495264,0.053748294,0.055113734,0.058391749,0.057958377,0.054133523,0.055386895,0.057310212,0.055153279,0.056022654,0.056063653,0.054071269,0.059340268,0.061045369,0.059120177,0.057547929,0.058807615,0.056461379,0.055257927,0.057779529,0.058487709,0.058032292,0.058184591,0.0608291,0.060074857,0.05824202,0.060340605,0.061015133,0.059793137,0.059929803,0.062180486,0.062207899,0.0620523,0.062002753,0.060135012,0.059697169,0.062658934,0.064891698,0.061470023,0.061920233,0.063017496,0.062152929,0.06258374,0.06352853,0.064357547,0.063547614,0.064929619,0.065391907,0.064681553,0.06461562,0.065524839,0.065769302,0.064950083,0.065566659,0.065572882,0.065782303,0.066411797,0.06788567,0.067699264,0.067435836,0.068905141,0.069206295,0.069088892,0.068496033,0.068822998,0.068843911,0.069452952,0.070327373,0.070334373,0.07007042,0.070861816,0.071929368,0.072065305,0.07232126,0.073091907,0.073299984,0.072459163,0.072398941,0.074339263,0.074064965,0.074005907,0.074345167,0.075211181,0.075294765,0.075526363,0.076096456,0.075381511,0.076002092,0.076713842,0.07643816,0.076602696,0.0771915,0.077896659,0.078107734,0.078360138,0.078674271,0.078880318,0.079262136,0.079202454,0.079123825,0.079524536,0.07968718,0.079806814,0.08024906,0.080518398,0.080837603,0.080865411,0.081050252,0.081511084,0.081568845,0.081575849,0.082197255,0.082074182,0.08251516,0.083156378,0.082596805,0.083312814,0.083630534,0.083677934,0.083755618,0.084171995,0.084702553,0.084784172,0.085056101,0.085104875,0.085319409,0.085938715,0.086085776,0.086248548,0.086821001,0.087184993,0.087431729,0.087556013,0.087649108,0.088380185,0.088740317,0.088942996,0.089128896,0.08947667,0.089665472,0.089987453,0.090698506,0.090893291,0.090955975,0.091231525,0.09153734,0.092083804,0.092480605,0.092518369,0.092934355,0.093424959,0.0937265,0.094082447,0.094317576,0.094700538,0.095297254,0.094904923,0.095357449,0.095933583,0.096206245,0.096304094,0.096561027,0.097257463,0.097639309,0.097745103,0.098068368,0.098170494,0.098693774,0.099051069,0.099283977,0.099503076,0.09977538,0.100113075,0.100361172,0.100886146,0.101298349,0.101376968,0.102040003,0.101970065,0.102332273,0.102692021,0.102670894,0.10304879,0.10361509,0.103665958,0.103766506,0.104162434,0.104436461,0.104719515,0.104919138,0.105162261,0.105421167,0.105594344,0.105994646,0.106174131,0.106640391,0.106956346,0.107191846,0.107451365,0.107792713,0.108226652,0.10845121,0.108538302,0.108833231,0.108866934,0.108931174,0.109049194,0.109359188,0.109618854,0.109633807,0.109745623,0.110031474,0.110112417,0.110336976,0.110505064,0.110581412,0.110513721,0.110505102,0.11073015,0.110810959,0.110603667,0.110787877,0.110757641,0.110743513,0.110825677,0.11089412,0.111021304,0.111122812,0.111227711,0.111141694,0.111221829,0.111327369,0.111437231,0.111440032,0.111629782,0.111787213,0.111717672,0.111733418,0.11174173,0.111847034,0.111997403,0.112003599,0.111999797,0.112167446,0.112249305,0.112342716,0.112108807,0.112281225,0.112392019,0.112276671,0.112106211,0.112203223,0.112408261,0.112139657,0.112228396,0.112382667,0.112419795,0.112401891,0.112409965,0.112434158,0.112565143,0.112553847,0.112663218,0.112732646,0.112569829,0.112593151,0.112704039,0.11273538,0.112659549,0.112736542,0.112690832,0.112692809,0.112690543,0.112780873,0.112767965,0.112739382,0.112770866,0.112675689,0.112748457,0.112765344,0.112737018,0.112702363,0.112850025,0.112885499,0.11284949,0.112790472,0.112727125,0.112817773,0.112902024,0.112795637,0.11275848,0.112746384,0.112646075,0.112525234,0.112712103,0.112738961,0.112663524,0.112562075,0.11257659,0.112591994,0.112620505,0.112518774,0.112398193,0.112376911,0.112273436,0.112247884,0.112199543,0.112294558,0.112191127,0.112409316,0.112599802,0.112477994,0.112555798,0.112640389,0.112662533,0.112978244,0.113153069,0.113179026,0.113335727,0.113155403,0.113211258,0.113630049,0.113720024,0.113761421,0.113972918,0.114007031,0.114062735,0.114166985,0.114203912,0.114246443,0.114241175,0.114511186,0.114752213,0.114719856,0.11466229,0.114938829,0.114989518,0.115042398,0.115205469,0.115287815,0.115437504,0.115523112,0.115518925,0.11573061,0.115986143,0.116215094,0.116416453,0.116299015,0.116475932,0.116699306,0.116817829,0.116925375,0.117065327,0.117118041,0.11729349,0.117411099,0.117481908,0.117729345,0.117780739,0.117974659,0.1181492,0.118173966,0.11827215,0.11830933,0.118291222,0.118452854,0.118467932,0.118499127,0.118810637,0.118936328,0.119168822,0.119224175,0.119289839,0.119585786,0.119552266,0.119648525,0.119908583,0.11995042,0.120105034,0.120281073,0.120412907,0.12059719,0.120673135,0.120885376,0.121206956,0.121310341,0.121600899,0.121728924,0.121659007,0.121882039,0.122133919,0.122123618,0.12227665,0.122501562,0.122653515,0.12272849,0.12269954,0.122829891,0.123038938,0.123027838,0.123341637,0.123313902,0.123235103,0.123579211,0.123691928,0.123744412,0.123882877,0.123916132,0.124247371,0.124493487,0.124492971,0.124921144,0.125039539,0.125066963,0.125212297,0.125383427,0.125590118,0.125746234,0.125798855,0.126013608,0.126164891,0.126444166,0.12650565,0.126702973,0.126693365,0.126963203,0.127032239,0.127036096,0.127197946,0.127506396,0.127582028,0.127874471,0.127912886,0.12807665,0.128062123,0.128159645,0.128565132,0.128459743,0.128409345,0.128583088,0.12840549,0.128790891,0.129286248,0.129114155,0.129081947,0.12909401,0.129359802,0.129442684,0.129483897,0.129555284,0.129559517,0.129355007,0.129707291,0.130016084,0.130243239,0.130370352,0.130298093,0.130162386,0.130650213,0.130816633,0.130781488,0.130918726,0.130528904,0.130680919,0.131357499,0.131029314,0.131464159,0.131259347,0.13125127,0.131505837,0.13143381,0.131493313,0.131612309,0.131377648,0.131841397,0.131513357,0.13185468,0.131781807,0.13159256,0.131920297,0.131946999,0.131814446,0.132049222,0.132334799,0.131832459,0.131960312,0.132586932,0.131563951,0.131859741,0.132088781,0.131493273,0.132360502,0.132390404,0.132297458,0.13253601,0.132769435,0.132356032,0.132924969,0.132322877,0.13313765,0.132974508,0.132177698,0.131670627,0.132459596,0.133145555,0.133173477,0.133064392,0.133071606,0.133218312,0.133217373,0.134384459,0.133794723,0.133207897,0.133637681,0.133499946,0.133701792,0.133371256,0.13422637,0.133386738,0.133287107,0.134253118,0.133985867,0.134436855,0.134535374,0.134180265,0.133924063,0.13385666,0.134351828,0.133830715,0.134131148,0.134040705,0.134319774,0.134403418,0.134599431,0.13431354,0.134185871,0.134449046,0.134741718,0.134410682,0.134488864,0.134295538,0.134894771,0.134877034,0.134999156,0.135077898,0.13514915,0.134949779,0.135491477,0.135572653,0.13586999,0.135554169,0.135927394,0.136049414,0.135845571,0.136210194,0.136315691,0.136217473,0.136260824,0.136256781,0.136369306,0.136790273,0.136747997,0.136855711,0.13695152,0.136720671,0.137402813,0.137346156,0.137121484,0.137117854,0.137549111,0.137213031,0.137553949,0.137649587,0.137491746,0.137535996,0.137761255,0.138059679,0.137615302,0.137429308,0.137924421,0.138308824,0.138036155,0.138449167,0.138005816,0.138566325,0.138760607,0.138058902,0.138610459,0.138729542,0.138529474,0.139108107,0.138925358,0.139097914,0.139367649,0.138732317,0.138961549,0.139771161,0.139145759,0.139835543,0.139404392,0.138743488,0.140369363,0.139798207,0.139935378,0.140168851,0.139618766,0.141206786,0.141473733,0.140898443,0.142022251,0.140426661,0.140430043,0.141902428,0.140834599,0.142057498,0.142415479,0.140578267,0.142187948,0.142043293,0.142022652,0.142552976,0.142067983,0.142951462,0.142591925,0.141792587,0.143457263,0.141615575,0.141221421,0.144190613,0.142311468,0.142952427,0.143882579,0.143093018,0.144582097,0.143955728,0.142674182,0.143511074,0.14213287,0.143518169,0.14300899,0.143597967,0.14391959,0.144371309,0.144786298,0.14493414,0.145288082,0.145320672,0.144846331,0.144898242,0.145341003,0.145352264,0.145773245,0.145780122,0.145143563,0.145062895,0.145162074,0.145401054,0.145751271,0.145752116,0.145848556,0.145720974,0.145802055,0.1462684,0.146206166,0.145733471,0.145583984,0.145195374,0.145184705,0.14618215,0.146404257,0.146217537,0.145779266,0.145712902,0.146120303,0.146507505,0.146798567,0.146747907,0.1462329,0.146491798,0.147452605,0.147492467,0.147209978,0.147146254,0.146863364,0.146933211,0.147468364,0.147731642,0.147737125,0.147909566,0.148036897,0.148222675,0.148332488,0.148296278,0.148285182,0.148228279,0.14830536,0.148829811,0.1488103,0.148741373,0.148618515,0.148650055,0.148439707,0.148178135,0.148086707,0.147731649,0.14757819,0.1479056,0.148326314,0.1486225,0.148599073,0.148753192,0.148839988,0.149051187,0.149159822,0.14947052,0.149611215,0.149466547,0.149415858,0.149250949,0.149492478,0.149684937,0.149627821,0.149667202,0.149465511,0.149275993,0.149495734,0.149821228,0.149867737,0.149895891,0.149973724,0.149962786,0.1499257,0.149696399,0.149866221,0.150222648,0.150284431,0.150406079,0.150649309,0.150566045,0.150395162,0.150559681,0.150695763,0.150980754,0.151186584,0.151230854,0.151079893,0.151242401,0.15116414,0.151060176,0.15130965,0.15127673,0.151322553,0.151445812,0.151612907,0.151925687,0.152146828,0.152047234,0.151742915,0.151702099,0.151782118,0.151641659,0.151573341,0.151742728,0.151919084,0.151787875,0.151804955,0.151925044,0.151805425,0.151604053,0.151893425,0.151812155,0.152006944,0.152245072,0.152176055,0.152301171,0.152376956,0.152378493,0.152351456,0.152391658,0.152222997,0.151975691,0.151731659,0.151588824,0.151399381,0.151346659,0.151252589,0.15139804,0.15141463,0.15113796,0.15127206,0.151290595,0.151092103,0.150964382,0.151041998,0.151140811,0.151338897,0.151393216,0.151456733,0.15136482,0.151268871,0.151019217,0.151144959,0.151097066,0.150861573,0.150985806,0.150936297,0.150957459,0.151220137,0.151294512,0.151386843,0.151460919,0.151458893,0.151391215,0.151484503,0.151380911,0.151474106,0.152100491,0.15228959,0.15228126,0.152557137,0.152686711,0.152654726,0.152899328,0.152958276,0.153103858,0.153020042,0.152988838,0.153054493,0.152999852,0.153068482,0.153303246,0.153573604,0.153763064,0.153949167,0.153940454,0.153884843,0.153830383,0.153792143,0.153953018,0.154053873,0.154373664,0.154833017,0.155141013,0.155164883,0.155255201,0.155298169,0.155114224,0.155155036,0.155562174,0.155663557,0.155702238,0.155976125,0.156238683,0.156384697,0.156409499,0.156530679,0.156640989,0.156700176,0.156709608,0.156940326,0.156919463,0.157059268,0.157374486,0.157675042,0.157765863,0.15782176,0.157848153,0.157914036,0.157966685,0.158118543,0.158170812,0.158045632,0.158116756,0.158492402,0.158647563,0.158756715,0.158995566,0.159300729,0.159317289,0.159460223,0.159702387,0.159702443,0.159762348,0.160026367,0.160321374,0.160443744,0.160512989,0.160700626,0.160862491,0.160908094,0.161009141,0.161036641,0.160816215,0.161040043,0.161568004,0.161804948,0.162197126,0.162368963,0.162508722,0.162595568,0.162824898,0.162962718,0.162826219,0.162742466,0.16288429,0.162961817,0.163205814,0.163701813,0.163929848,0.164107327,0.164229705,0.164388354,0.164511458,0.164558527,0.164628903,0.164702796,0.164823584,0.165111988,0.165173291,0.165146403,0.165216422,0.165177327,0.165302344,0.165604133,0.165761124,0.165830948,0.165878019,0.165967404,0.165968165,0.165977796,0.165979377,0.16609434,0.166282777,0.166321249,0.16632653,0.166498704,0.166775358,0.166839779,0.166902597,0.166883047,0.166714847,0.166747231,0.166996966,0.167050314,0.166898373,0.16693845,0.167089557,0.166995575,0.167001047,0.167120027,0.167187419,0.167274205,0.167223788,0.167168409,0.167020415,0.166679911,0.166478274,0.166340372,0.166316601,0.166540966,0.16646189,0.166300299,0.166107572,0.165674072,0.165510018,0.165636001,0.165543246,0.165503776,0.165403546,0.165227291,0.164978373,0.164822922,0.164626303,0.164485969,0.16439589,0.164280952,0.164275365,0.164083598,0.163773073,0.163509581,0.163131709,0.162922136,0.162858881,0.162686378,0.162535553,0.162434346,0.16224278,0.162037939,0.161924629,0.16173869,0.161518166,0.161309509,0.160995993,0.160769234,0.160641756,0.160541319,0.160242125,0.159903998,0.159801686,0.159514622,0.159367056,0.159518643,0.159463904,0.159333566,0.159141135,0.158891013,0.158540564,0.158166924,0.157742834,0.157143945,0.156744577,0.156334111,0.155802494,0.155223675,0.15457688,0.153883551,0.153152,0.152485057,0.151603646,0.150679103,0.149686074,0.148466491,0.147277183,0.146053927,0.144857279,0.143453629,0.14193613,0.140377451,0.138573998,0.136981791,0.135489762,0.133905772,0.132351635,0.130599822,0.12874914,0.127111407,0.125412386,0.123663644,0.122060913,0.120482389,0.118814887,0.117372247,0.116003649,0.114636142,0.113135343,0.111839695,0.110545272,0.109402677,0.108441801,0.107363229,0.106198258,0.105229223,0.104358842,0.1036296,0.10291874,0.102442036,0.10181952,0.100935524,0.100440739,0.100140285,0.099646752,0.099221197,0.098694539,0.097800993,0.097375366,0.097250333,0.096947292,0.096675436,0.096452912,0.096097061,0.095806209,0.095773546,0.095521319,0.095127741,0.094876956,0.094576397,0.094375842,0.094461651,0.094316023,0.09413348,0.094015378,0.093848836,0.093850559,0.093903412,0.093859903,0.093830301,0.093765959,0.093878989,0.094005698,0.094036125,0.094058581,0.094247088,0.094163224,0.094380538,0.094762189,0.094894541,0.094871751,0.095020885,0.095022298,0.095319488,0.095753454,0.096052576,0.096512525,0.096824075,0.096960304,0.097279746,0.097612412,0.097848953,0.098079981,0.098344418,0.098620278,0.098991981,0.099546033,0.100019253,0.100473936,0.100940785,0.101312931,0.101773039,0.102321167,0.102902916,0.103472398,0.103997006,0.104514834,0.104920678,0.105498441,0.105997179,0.106523673,0.107077295,0.107689794,0.108313453,0.108912183,0.109309987,0.109945568,0.110462614,0.11107686,0.111585838,0.112248411,0.112852724,0.113502109,0.114198769,0.114894937,0.115300281,0.115993733,0.116655199,0.117434796,0.11829688,0.119000761,0.119439726,0.120124786,0.120765749,0.121350532,0.121929034,0.122550161,0.122956378,0.123562332,0.124205615,0.124707326,0.125241798,0.125976268,0.126454181,0.127105905,0.127845427,0.12858076,0.129144887,0.129574453,0.129997632,0.130552272,0.131194783,0.131765632,0.132416595,0.132991306,0.133515425,0.13413252,0.13474457,0.135274306,0.135543732,0.135912492,0.136383453,0.136817653,0.13777074,0.138241281,0.138687825,0.139177466,0.139694731,0.140223414,0.140663192,0.141183981,0.141672537,0.142143949,0.14291988,0.143391555,0.14385844,0.144042616,0.144568122,0.145084318,0.145692711,0.146354133,0.146703609,0.147070318,0.147503705,0.147947751,0.148446602,0.148893901,0.149204322,0.149482853,0.15003894,0.150765558,0.151156657,0.151736397,0.152096723,0.152294476,0.152558524,0.153029743,0.153269633,0.153421962,0.153845261,0.154219439,0.154613852,0.155170739,0.155630856,0.155801133,0.156156389,0.156550401,0.156928908,0.15706988,0.157350197,0.157484587,0.157743978,0.158213901,0.158508389,0.158535609,0.15872232,0.158757175,0.159212481,0.159840039,0.160276135,0.160717596,0.161212183,0.161443245,0.16167482,0.161896754,0.162068236,0.162314231,0.162554909,0.162860665,0.163118228,0.163432196,0.163412617,0.163564345,0.163874949,0.164089258,0.164184315,0.164421307,0.164688668,0.164754689,0.164913086,0.16534684,0.165654412,0.165969715,0.166146911,0.166234798,0.166317963,0.166406558,0.166771915,0.167369907,0.167679528,0.167637308,0.167861144,0.168000632,0.168192918,0.168456451,0.168616325,0.168585642,0.168841732,0.169229011,0.169381782,0.169434524,0.169655388,0.169533316,0.169554819,0.16986861,0.170118096,0.170386301,0.170401611,0.170387124,0.170599196,0.170852327,0.171039099,0.170987292,0.171095946,0.171487032,0.171686859,0.171782877,0.17192178,0.171829071,0.172042961,0.172629496,0.17285824,0.172834221,0.172851053,0.172956091,0.173211615,0.173504494,0.173605634,0.173694094,0.173997555,0.174239747,0.174079014,0.173800485,0.173747981,0.173554314,0.173610539,0.174217831,0.174387139,0.174263274,0.17432408,0.174237371,0.174217461,0.1743412,0.174404564,0.174244563,0.174651936,0.174924359,0.1749956,0.175144886,0.174803142,0.17453194,0.17463648,0.174671174,0.174625493,0.17440488,0.174684152,0.174977459,0.175167306,0.175356633,0.175159089,0.174799015,0.174869282,0.1752145,0.175045439,0.174840854,0.174881796,0.174504444,0.174256169,0.174471227,0.174459179,0.174457642,0.174633275,0.174416646,0.174351912,0.174304278,0.17401842,0.17371869,0.173542718,0.173510286,0.173177324,0.173070167,0.172911714,0.172626481,0.172213592,0.172235181,0.172002709,0.171992058,0.172345142,0.171978524,0.171516212,0.171290876,0.170717404,0.170484672,0.170513947,0.170364091,0.170076177,0.169916674,0.169369492,0.169105984,0.168932288,0.168717482,0.168389889,0.16792222,0.167424893,0.166928017,0.166739081,0.166665919,0.166336277,0.16615423,0.165995229,0.165769317,0.165476371,0.164969453,0.164336936,0.164110454,0.164116004,0.164106016,0.163735252,0.16316028,0.162682949,0.162542592,0.162061524,0.162003111,0.161863846,0.161404893,0.161119808,0.160789627,0.160392497,0.160467194,0.160393314,0.160216867,0.160026557,0.159504124,0.159132144,0.158939793,0.158620842,0.158362898,0.158013927,0.157950952,0.157594009,0.156979292,0.156742135,0.156440889,0.156701367,0.156701172,0.15638524,0.156633772,0.156462673,0.156061316,0.155881918,0.155711022,0.155431818,0.155485514,0.155616167,0.155846746,0.155715628,0.155703024,0.155609732,0.15548251,0.155485194,0.155701855,0.156104149,0.156181631,0.156339747,0.156022134,0.155551193,0.155322758,0.155655045,0.155799793,0.155915917,0.156106166,0.156231155,0.155846931,0.155717641,0.155293486,0.15528718,0.154707345,0.154712941,0.155102778,0.155106224,0.155070034,0.154918817,0.155081365,0.155022305,0.154794403,0.155164456,0.155655468,0.156092291,0.156197383,0.15632148,0.156099978,0.155617225,0.155670589,0.155235848,0.155172137,0.15456848,0.154424091,0.153960509,0.153042908,0.152761299,0.152481966,0.152048687,0.15212692,0.152328698,0.15219209,0.153223132,0.153309381,0.153079747,0.153127111,0.152139175,0.151536809,0.150252875,0.149577748,0.148815751,0.147794886,0.147064131,0.146837964,0.145577685,0.144125365,0.143820474,0.142758809,0.141503586,0.140628017,0.139215205,0.137885962,0.13639812,0.134935209,0.133760231,0.132127953,0.129838376,0.128044439,0.12631223,0.124599171,0.12242576,0.120507998,0.118368671,0.116677707,0.114179335,0.111596371,0.109652597,0.106331514,0.103710095,0.101684702,0.099400939,0.097304267,0.095063556,0.092651981,0.090217863,0.087995473,0.0854104,0.08307103,0.081154619,0.079003702,0.076947592,0.074516584,0.072169825,0.070140341,0.068223957,0.066546181,0.065050635,0.06360906,0.062417072,0.061043786,0.059988842,0.059052814,0.057876251,0.057173172,0.056369916,0.0554992,0.055321977,0.054486617,0.053731551,0.05314249,0.05292997,0.052000778,0.051221869,0.050885834,0.049978464,0.049504085,0.049208127,0.04887781,0.048616551,0.048830535,0.048898087,0.048987737,0.049021134,0.048849866,0.048577458,0.047967435,0.047410143,0.047555679,0.047209499,0.046669589,0.046570541,0.046286395,0.046012173,0.04556043,0.045610102,0.04564098,0.045522217,0.045582634,0.045569611,0.045125959,0.044831454,0.045089971,0.045263883,0.045477517,0.045519405,0.045797469,0.045973321,0.04637773,0.046651937,0.047006009,0.047122477,0.046729726,0.046798363,0.047346898,0.047502878,0.047494556,0.047711569,0.047856344,0.048136083,0.048494372,0.048949605,0.049236282,0.049296627,0.049513589,0.049819,0.050158637,0.050557073,0.050921687,0.050974078,0.051237557,0.051748695,0.052145392,0.052289364,0.053090319,0.05360602,0.053936683,0.054397032,0.054548309,0.054690288,0.05495259,0.055075902,0.055218837,0.055433679,0.055503335,0.055690627,0.055980844,0.056837134,0.05710204,0.057065465,0.057113452,0.057301939,0.057731313,0.058549652,0.059500249,0.061013345,0.061698095,0.062025991,0.062637681,0.062709013,0.063095204,0.064089334,0.064891293,0.065332671,0.065590106,0.065843481,0.066051661,0.066128722,0.066574684,0.06683908,0.066838925,0.067147708,0.067522585,0.067831885,0.068484367,0.069372398,0.070261396,0.070898003,0.071626711,0.072061044,0.072515914,0.073533394,0.073850898,0.073545704,0.07415996,0.07469207,0.075326392,0.076853453,0.07802675,0.078752278,0.0797567,0.079922569,0.079748993,0.079706952,0.078845473,0.079085625,0.080023465,0.080241597,0.081066828,0.081642788,0.081546109,0.081916712,0.082960812,0.083099852,0.083336441,0.083504648,0.08345111,0.083928618,0.084330178,0.084694282,0.085100173,0.085191323,0.085356963,0.085491841,0.085811087,0.08667702,0.087309914,0.088160936,0.088722536,0.089046564,0.089865743,0.09029466,0.09027944,0.090872013,0.091396122,0.091516584,0.092206036,0.092165088,0.091887989,0.091877384,0.092445351,0.093071453,0.094089444,0.095646566,0.095815073,0.095817916,0.096591251,0.096636759,0.097470083,0.098618222,0.098717399,0.09869559,0.099106844,0.099370905,0.099654698,0.099869913,0.0999615,0.099510108,0.100259649,0.101522945,0.101795577,0.10251962,0.103226198,0.102151834,0.102166526,0.101824504,0.100595322,0.101051187,0.102396174,0.102521428,0.103815992,0.104728461,0.104957681,0.105193808,0.105741017,0.105616649,0.105618444,0.105275896,0.105470777,0.105523844,0.106661033,0.10703766,0.107115475,0.10800789,0.108059023,0.107507598,0.107517696,0.10830343,0.108634608,0.109078728,0.109460757,0.109579798,0.109969572,0.110537732,0.111108683,0.112181906,0.11299748,0.113339535,0.114090521,0.113728322,0.11378601,0.114589022,0.114204478,0.115085152,0.114348957,0.113784224,0.113533258,0.113606448,0.115021953,0.115779919,0.115079874,0.115144792,0.115108668,0.114854673,0.115568187,0.115924872,0.115719988,0.115817539,0.116649615,0.11625545,0.116563145,0.116226043,0.11578178,0.115743964,0.116043003,0.116288792,0.117141837,0.11696534,0.118160226,0.118294402,0.119244692,0.117400069,0.118886693,0.118721941,0.118736243,0.118324948,0.119404774,0.118155971,0.118403573,0.119021709,0.118941045,0.118850458,0.119675833,0.119068758,0.117661611,0.11859966,0.118674502,0.118903377,0.11971794,0.120408791,0.120912364,0.121667168,0.122047569,0.12150472,0.122288012,0.121933058,0.122294517,0.12109156,0.120431505,0.119364205,0.118607507,0.117266134,0.11767069,0.116526566,0.117379672,0.118443525,0.11810697,0.119445365,0.119226481,0.117416594,0.117271399,0.117413641,0.117829254,0.119219229,0.119581997,0.120764433,0.121910047,0.120867178,0.120145047,0.11992877,0.120113855,0.119199591,0.118359608,0.118149393,0.118515407,0.118415216,0.118798861,0.11802882,0.117677157,0.119218374,0.11885276,0.119749452,0.12108592,0.122502409,0.121858528,0.121669818,0.121217534,0.120391351,0.119605123,0.118685804,0.119710385,0.12017562,0.121650942,0.122651987,0.121909322,0.121873114,0.121824505,0.121218008,0.120969864,0.120777033,0.120686476,0.120504593,0.12116957,0.120523793,0.120650225,0.120625111,0.121685457,0.121537114,0.12286278,0.123465847,0.122910698,0.121944911,0.121287452,0.12008873,0.119672422,0.119533228,0.119181174,0.118795944,0.119946804,0.1213325,0.121505602,0.121226961,0.119960373,0.119630482,0.119156778,0.118180593,0.116788858,0.117199013,0.117742399,0.118581614,0.119530323,0.118929107,0.118341805,0.118579904,0.11707782,0.117277604,0.117364425,0.117337167,0.117909005,0.118033478,0.117490956,0.118651683,0.118074543,0.117737651,0.11757539,0.115732793,0.112663068,0.112720356,0.113799694,0.113277824,0.113449718,0.114358878,0.114428754,0.114127535,0.11374557,0.112871634,0.111716525,0.111201376,0.108992316,0.108013612,0.107309848,0.106999774,0.107567137,0.107632375,0.106724631,0.105969815,0.104650895,0.104993616,0.103474171,0.10346921,0.106447726,0.10776574,0.108851457,0.109652938,0.106990378,0.10524589,0.105675747,0.106117575,0.105855881,0.104861351,0.104422312,0.104033786,0.10396597,0.104672103,0.104760978,0.103778343,0.104001656,0.103626652,0.10182962,0.100122166,0.099213538,0.09873893,0.097622505,0.095703423,0.094776937,0.095753526,0.096242975,0.096022142,0.096079174,0.095584048,0.09359885,0.0940127,0.097978926,0.098616221,0.096306052,0.096741937,0.095072112,0.09158762,0.09145053,0.089883385,0.088867021,0.09300426,0.096957087,0.101294316,0.103595697,0.104363212,0.10250701,0.101079236,0.10057952,0.099723434,0.098889725,0.096605385,0.094483483,0.093515039,0.092180756,0.091135093,0.090397328,0.0870447,0.084398528,0.08246485,0.082335984,0.083913907,0.085948285,0.092306125,0.094927163,0.097163527,0.09638269,0.091138901,0.089782626,0.089607818,0.089408988,0.091126454,0.090751604,0.088671938,0.086075578,0.084041003,0.084417004,0.085311943,0.084269685,0.083823083,0.081910229,0.07585958,0.074459964,0.072365216,0.073750842,0.080751953,0.081594475,0.082840305,0.081473983,0.07385767,0.074075663,0.079435007,0.081311373,0.081606207,0.078507276,0.073393707,0.0732111,0.071383945,0.070740665,0.067679046,0.068031897,0.068445411,0.067242453,0.068973066,0.066977688,0.067826915,0.069480955,0.07074559,0.073942747,0.072116646,0.068439559,0.064577824,0.058730119,0.054487843,0.052263883,0.054003407,0.060600198,0.066055711,0.067935573,0.067307453,0.060419102,0.054337232,0.059622622,0.063440556,0.066026037,0.074952736,0.071394095,0.065482229,0.068567351,0.059853629,0.052513949,0.056275234,0.057305791,0.063669561,0.070774456,0.077760909,0.080566857,0.07337058,0.072281126,0.068790414,0.06600201,0.06798615,0.080556457,0.086785715,0.089325732,0.090429613,0.07611616,0.064453822,0.058148727,0.052580156,0.058848148,0.058064785,0.05759198,0.061898777,0.060004291,0.063299597,0.066508765,0.051813411,0.053581565,0.063373954,0.067666287,0.083106733,0.08033793,0.059711267,0.054781373,0.050976682,0.049937119,0.058653661,0.068300527,0.067794473,0.062988992,0.062366344,0.054629533,0.0615322,0.071264951,0.074873625,0.076703559,0.054324546,0.049310751,0.060860394,0.066704835,0.08943714,0.104452664,0.09029405,0.086752912,0.093061114,0.080309198,0.077505184,0.076053391,0.061192012,0.060656691
/data/asd/1/1549991381-00.asd,sp2_run8,324,20,144,0,20.0493,0,0.053645388,0.054971449,0.063186416,0.0587393,0.05775495,0.064191175,0.056009898,0.057830241,0.06285441,0.061020127,0.055006002,0.055458404,0.059235004,0.057354167,0.058405954,0.0588215,0.057997858,0.059179802,0.059660299,0.058263803,0.055529148,0.057487491,0.059735681,0.060808773,0.063752778,0.06326431,0.06203636,0.061535899,0.062519441,0.061887621,0.061256731,0.064536421,0.063335313,0.06262436,0.062187073,0.063674531,0.063266136,0.062160185,0.065641945,0.064325388,0.063761091,0.064532698,0.065881705,0.065975282,0.066863185,0.066916339,0.064541541,0.064703954,0.065349779,0.065486326,0.067617188,0.067986311,0.067962815,0.068556403,0.068196296,0.067957581,0.067482871,0.067533541,0.06974683,0.07116756,0.070840684,0.070027066,0.070914095,0.07198505,0.071636507,0.070949619,0.071639199,0.073014535,0.072814655,0.072980685,0.0734906,0.07422602,0.074276335,0.075008627,0.075117681,0.073662614,0.075876377,0.075789936,0.075646951,0.077049641,0.077125016,0.07711848,0.077869331,0.07901669,0.079349347,0.079181504,0.079824577,0.080372296,0.080010717,0.079983176,0.081298647,0.080867688,0.080943116,0.081806989,0.082949985,0.082969377,0.083090585,0.084013119,0.083496386,0.084246304,0.085180333,0.085012245,0.085074941,0.085605795,0.086304074,0.085992449,0.086307799,0.086751476,0.086874753,0.087424126,0.087408693,0.08738411,0.087969785,0.088288984,0.08817777,0.088619703,0.089023593,0.089276955,0.089333398,0.089741351,0.08978162,0.09015531,0.090545349,0.0907779,0.090682432,0.090884866,0.091356518,0.091513362,0.092223114,0.092326994,0.092257029,0.092546878,0.093123201,0.093522808,0.093661878,0.094116291,0.094408663,0.094741183,0.095232595,0.095534458,0.095834905,0.096429138,0.096513477,0.096862283,0.097206872,0.097307204,0.098497747,0.098666689,0.098570936,0.098942705,0.099280405,0.099549474,0.099870038,0.100409291,0.100612908,0.101115347,0.10153896,0.101521489,0.102134118,0.103097668,0.103194606,0.103495694,0.103976735,0.104251736,0.104557642,0.104675059,0.105108726,0.105685735,0.105929036,0.106617592,0.106781655,0.107064518,0.107323011,0.107469377,0.107977951,0.10848823,0.108691012,0.108918858,0.109648088,0.109941098,0.110089502,0.110643909,0.110810563,0.111076927,0.11160049,0.111996202,0.112312166,0.11293397,0.113142262,0.113568595,0.113633025,0.114125005,0.114367422,0.114571621,0.115024957,0.115540691,0.11580047,0.11606056,0.116410934,0.116717319,0.117125118,0.117441823,0.117653286,0.118027918,0.118104539,0.118649961,0.11898364,0.118952017,0.119250461,0.119472337,0.119420416,0.119746788,0.119982228,0.120029316,0.12015004,0.120467275,0.120676025,0.121099642,0.121550118,0.122131896,0.122667845,0.123021933,0.123161653,0.123552315,0.123774213,0.123930846,0.123977696,0.124039832,0.124053741,0.123949085,0.123918387,0.123955397,0.123888836,0.123841221,0.123862016,0.123944444,0.123753668,0.123807072,0.123878692,0.123912088,0.124105138,0.124174461,0.124338815,0.124413557,0.124500376,0.12452431,0.124780747,0.124934909,0.124894605,0.124941817,0.12510721,0.124947157,0.12509192,0.125204363,0.12508853,0.125279146,0.125438325,0.125528563,0.125262102,0.125327529,0.125416954,0.125391251,0.125303904,0.125406598,0.125607319,0.125547127,0.125521735,0.125607532,0.125712519,0.125588033,0.125556207,0.125640217,0.125701187,0.125851705,0.125911067,0.125860003,0.12578989,0.125742233,0.12573625,0.125707912,0.125615587,0.12579539,0.125918895,0.126073201,0.125909088,0.12589726,0.125925985,0.125944658,0.125900961,0.125741042,0.125866668,0.125847596,0.125819104,0.125804802,0.125805978,0.125939698,0.125909768,0.125752412,0.125880318,0.125971916,0.126161905,0.126162566,0.126065504,0.125963464,0.125776159,0.125727145,0.125797806,0.125634917,0.125587894,0.125661822,0.125639288,0.12552178,0.125561804,0.125436873,0.125311661,0.125341618,0.125410687,0.125378944,0.125279967,0.125324562,0.125246817,0.125332813,0.125468334,0.125484356,0.125593511,0.125728118,0.125773279,0.126015516,0.126171243,0.126155495,0.126425809,0.126354638,0.126368118,0.126692991,0.12675379,0.126744146,0.126996595,0.127121726,0.127056923,0.127303765,0.127487547,0.127499171,0.127495052,0.127833467,0.128059888,0.127980592,0.127927915,0.128269482,0.12840306,0.128431945,0.128500137,0.128562086,0.128843467,0.128928948,0.128902571,0.129109893,0.129173841,0.129419112,0.129799402,0.129770851,0.129832973,0.130035087,0.130205607,0.130475557,0.13058021,0.130536357,0.13069923,0.130872861,0.130856379,0.131145156,0.131371239,0.131446996,0.131529723,0.13158101,0.131721349,0.131785542,0.131823401,0.131909595,0.131825064,0.13208343,0.13241994,0.132346879,0.132657825,0.132795846,0.132877669,0.133274171,0.13334837,0.133383547,0.133532177,0.133579467,0.133906092,0.134141613,0.134139726,0.134325587,0.13445877,0.134696331,0.134971029,0.135075226,0.135180748,0.135267081,0.13544202,0.135606004,0.135723239,0.135702895,0.136016578,0.136256671,0.13634567,0.136456865,0.136320331,0.136367897,0.136636272,0.136678411,0.137082406,0.137013402,0.136952145,0.137331678,0.137379784,0.137361095,0.137552214,0.137650574,0.137933929,0.138150919,0.13824776,0.138611051,0.138596924,0.138646108,0.138893707,0.139098544,0.139288602,0.139420954,0.139452709,0.139709186,0.139849967,0.14002276,0.140092557,0.140409393,0.14037901,0.14062636,0.14059592,0.140582776,0.140764817,0.140950133,0.141098455,0.141437113,0.141427167,0.141536242,0.141606706,0.141708622,0.141956889,0.141970588,0.141888218,0.142061388,0.141988816,0.14224337,0.142639524,0.142484073,0.142504108,0.142525417,0.142830326,0.142879458,0.142974584,0.143056049,0.143114385,0.143001087,0.143104222,0.143346734,0.14348767,0.143473657,0.143402018,0.14324879,0.143609781,0.143865984,0.14389555,0.143936837,0.143452289,0.14367644,0.14440625,0.143932692,0.14425185,0.143957693,0.143918313,0.144127243,0.144084882,0.144238834,0.144282469,0.144025249,0.144515952,0.143998691,0.14437826,0.144356307,0.144092241,0.144300073,0.14431602,0.144394272,0.144452197,0.144740246,0.144266539,0.144143205,0.144890791,0.143826703,0.144064838,0.144070505,0.14351974,0.14445864,0.14444087,0.144167809,0.144414096,0.144940879,0.14454313,0.144709984,0.143925948,0.144892642,0.144642146,0.143691656,0.143041157,0.143921833,0.144585504,0.144645296,0.144553549,0.144328722,0.144504952,0.144374974,0.145477504,0.144856959,0.144424901,0.14465901,0.144340618,0.144554696,0.144269939,0.145219139,0.144079294,0.143896411,0.144848835,0.144641128,0.145117585,0.145325622,0.144732864,0.144387018,0.144462449,0.145226441,0.144283073,0.144280632,0.1442666,0.144498832,0.144238814,0.144455403,0.144539987,0.144200088,0.144561174,0.144792468,0.144317022,0.144589574,0.144245044,0.144788502,0.144714739,0.144581951,0.144608445,0.144710363,0.144512757,0.145139179,0.145135339,0.14542112,0.145142274,0.145115562,0.145389876,0.145410405,0.145098895,0.145187457,0.145157271,0.145110505,0.144994422,0.145138606,0.145480402,0.145279494,0.145335641,0.145798353,0.145533605,0.145728382,0.14577977,0.145772749,0.145583243,0.145590088,0.145417599,0.145808148,0.14555581,0.145768367,0.145806879,0.145845217,0.145976498,0.145828118,0.145168072,0.14522741,0.145563001,0.145522207,0.14543959,0.144897402,0.145629746,0.146326157,0.145628778,0.145819623,0.145763143,0.145505,0.146033842,0.145469677,0.14518816,0.146502725,0.146170404,0.145933713,0.146159543,0.146363921,0.14682796,0.146262761,0.145743994,0.146681788,0.146041255,0.146306728,0.14655302,0.146308424,0.147216933,0.147353309,0.147434908,0.147437488,0.146339796,0.1468023,0.147658081,0.146255479,0.147422438,0.147333083,0.145952411,0.147773293,0.147160946,0.146609713,0.147709961,0.147667138,0.147988776,0.147410895,0.146947186,0.14886488,0.147827055,0.146715876,0.148028921,0.147567289,0.147861647,0.148265146,0.147434983,0.147840066,0.147558625,0.14654179,0.14772319,0.147662869,0.148509803,0.148164869,0.148478392,0.148856952,0.148834212,0.148753305,0.148697746,0.14836054,0.148457881,0.149087968,0.149447791,0.15026702,0.150241939,0.149391852,0.149124127,0.148771148,0.148581398,0.149109706,0.149628691,0.149669271,0.149655993,0.149957021,0.150439806,0.150639527,0.150654604,0.150863236,0.150679685,0.150869866,0.151593555,0.151834411,0.152013129,0.152127911,0.152471009,0.152463112,0.15223036,0.152401616,0.152674072,0.152704446,0.152268337,0.151789015,0.151677121,0.151219705,0.151309905,0.15217797,0.152564823,0.153071008,0.153247352,0.153102037,0.153349169,0.153541556,0.153527797,0.153883116,0.154165262,0.154258571,0.154328324,0.154405808,0.154443689,0.154349891,0.154217422,0.154029875,0.153932624,0.153540576,0.153378065,0.153467657,0.153420671,0.153614284,0.153503817,0.153513963,0.153660548,0.153313086,0.153305123,0.153602649,0.15385736,0.154486698,0.154680463,0.154588452,0.154456066,0.154200056,0.154063523,0.154132693,0.15432163,0.154592635,0.15457031,0.154418974,0.154090243,0.154051643,0.154202261,0.154417908,0.154789996,0.154910046,0.15478138,0.154807163,0.154880726,0.154909843,0.154946908,0.155094691,0.155260697,0.155106057,0.155077389,0.155231961,0.155153381,0.155171712,0.155322352,0.155298999,0.155432072,0.155506844,0.15567289,0.155915522,0.156202498,0.156264285,0.156417968,0.156403899,0.156295482,0.156393955,0.156434072,0.156488502,0.156531115,0.156485937,0.156377931,0.156432215,0.156644742,0.157018998,0.157102084,0.157223211,0.157281748,0.157458503,0.157342801,0.157219509,0.157214988,0.15734857,0.157382469,0.157562011,0.157576964,0.157479636,0.157389155,0.157255935,0.157303983,0.157317726,0.157278282,0.157341846,0.157585153,0.157536779,0.157323691,0.157260236,0.157303817,0.157137401,0.156955055,0.156822206,0.156480029,0.156226007,0.156364466,0.156490772,0.156475278,0.156494602,0.156381704,0.156247895,0.156210532,0.156315371,0.156397414,0.156444611,0.156473267,0.156696933,0.156524621,0.1565512,0.156493694,0.156491369,0.156799861,0.157006819,0.156842579,0.156590636,0.156553192,0.156523953,0.156717176,0.15686996,0.157212125,0.157432676,0.15748148,0.157344473,0.157229692,0.157194271,0.157030061,0.157233749,0.157333364,0.157452036,0.157720035,0.157694338,0.157919146,0.157983788,0.15800415,0.15815816,0.158223723,0.158549067,0.158782089,0.158910985,0.159097196,0.159155185,0.159107344,0.159068265,0.159133155,0.159484345,0.159585611,0.159683572,0.160066763,0.160008266,0.159985468,0.160038613,0.160110255,0.160318322,0.160427657,0.160584106,0.160966444,0.161058476,0.161222715,0.161430538,0.161319753,0.161397155,0.161364566,0.161478924,0.161665253,0.161899504,0.162213907,0.162303358,0.162297636,0.162443102,0.16254598,0.162850057,0.163235265,0.163512643,0.163673441,0.163811061,0.164059729,0.1643604,0.16436751,0.164302406,0.164328108,0.16438792,0.164529195,0.16496957,0.165193731,0.165248192,0.16520785,0.165336427,0.165600725,0.165946636,0.166058956,0.166040303,0.166131014,0.166236139,0.166334074,0.166562572,0.166869943,0.167039093,0.167226625,0.1674048,0.167578359,0.167817198,0.168186558,0.16832495,0.168474302,0.168550565,0.168710497,0.168705299,0.168627055,0.16875058,0.168700624,0.16889154,0.169195179,0.169634604,0.169846569,0.169939378,0.170135187,0.170210832,0.17030026,0.170480966,0.170655128,0.170728843,0.170902688,0.17118308,0.171269665,0.171250805,0.171166726,0.170806159,0.170869307,0.171143481,0.171344934,0.171551996,0.171724727,0.171915531,0.171997226,0.172207491,0.172674208,0.172720144,0.172534319,0.172607589,0.172655829,0.172649366,0.172753414,0.172830665,0.172738955,0.172787101,0.172952234,0.172914187,0.172904323,0.172895037,0.172798832,0.172836283,0.173126545,0.173220973,0.173134354,0.172885055,0.172823461,0.172631481,0.17258357,0.172814033,0.172774478,0.172395306,0.172382083,0.172586963,0.172541139,0.172606079,0.172590232,0.17228392,0.172213047,0.172328713,0.172288098,0.172371186,0.172212906,0.171783871,0.171555271,0.171551312,0.171436088,0.171427305,0.171420871,0.171273784,0.170882343,0.170726815,0.170637297,0.170532569,0.170541342,0.170336024,0.169958107,0.169801074,0.169577185,0.169380709,0.169411364,0.169254132,0.168936323,0.168810745,0.168738325,0.168578922,0.16846851,0.168357585,0.168356397,0.168252449,0.168068839,0.167925617,0.167689998,0.167606727,0.167341562,0.16711399,0.167000504,0.16676874,0.166501001,0.166400021,0.166197766,0.165861274,0.16553622,0.16513034,0.16483046,0.164567621,0.164261247,0.163958744,0.163681853,0.163344019,0.162848674,0.16221697,0.161529291,0.160772167,0.159943287,0.159159294,0.158156058,0.157049122,0.155975102,0.154807041,0.153593382,0.152317038,0.151047871,0.149728486,0.148317208,0.146800149,0.145275538,0.143641729,0.141807908,0.140094165,0.138372091,0.136579788,0.13495237,0.133206754,0.131245336,0.129378861,0.127609784,0.12584379,0.124177782,0.122641978,0.120975124,0.119535031,0.118197255,0.116872404,0.115599693,0.114357715,0.113055008,0.111827379,0.110649873,0.109602081,0.108661919,0.10792621,0.107183882,0.106564654,0.106003733,0.105353912,0.104804039,0.104284887,0.103714471,0.103142004,0.102629406,0.102047026,0.101566962,0.101222484,0.100800287,0.100323302,0.100004563,0.099701427,0.099424218,0.099383668,0.099100794,0.098737152,0.098456634,0.097984471,0.097709849,0.097583679,0.097430379,0.097505415,0.097422357,0.097337725,0.097355409,0.097294491,0.097198198,0.097338723,0.097286083,0.097041247,0.09713065,0.097324177,0.097627611,0.097875271,0.098029099,0.098240702,0.098277472,0.098382986,0.098540591,0.098664201,0.098580157,0.098853705,0.099170227,0.099485211,0.100103123,0.100431554,0.100556489,0.100957338,0.10132045,0.101656501,0.102153325,0.102536828,0.102857016,0.103287819,0.103856469,0.104349372,0.10488914,0.105334304,0.10555844,0.105996673,0.106547799,0.10713154,0.107715556,0.108321852,0.108950676,0.109393002,0.110121346,0.110660495,0.110994933,0.111508392,0.112116386,0.112743745,0.113446422,0.113983376,0.114602746,0.114975132,0.115738331,0.116512874,0.11728313,0.1181242,0.118882015,0.119349202,0.120155866,0.120942132,0.121642188,0.122233646,0.122917126,0.123432889,0.124102299,0.124698495,0.125412544,0.126043471,0.126697266,0.127324494,0.127995494,0.128563577,0.129282864,0.129999123,0.130588637,0.131299858,0.13202738,0.132352338,0.132907161,0.133373192,0.134100806,0.134878324,0.135333101,0.135831272,0.136418731,0.136891418,0.13740619,0.138108299,0.138669661,0.139028543,0.139678405,0.140337736,0.141030723,0.141880909,0.142343449,0.142733569,0.143110644,0.143723589,0.144002157,0.144424454,0.144903397,0.145455784,0.146041182,0.146631309,0.147230097,0.147752695,0.148301263,0.149190748,0.149763329,0.150187457,0.150738976,0.151257161,0.151556831,0.152160831,0.152728114,0.15313303,0.153731248,0.154180149,0.154518722,0.15501286,0.155427911,0.155749959,0.156107745,0.156566303,0.157077923,0.157481515,0.158144818,0.15849614,0.158774661,0.15905193,0.159367291,0.159691377,0.160183118,0.160600467,0.160836569,0.161294247,0.161829723,0.162285798,0.162705326,0.163102365,0.163265151,0.163664025,0.163973856,0.164321195,0.16455816,0.164834644,0.165187142,0.165550995,0.165877998,0.166081315,0.166220029,0.16662617,0.166914134,0.167245453,0.167563482,0.168007446,0.168114977,0.168513951,0.16914038,0.16942831,0.169937952,0.170198274,0.1701772,0.170353497,0.170646328,0.17063833,0.170854358,0.171268821,0.171641439,0.171831779,0.172198968,0.17249132,0.172549417,0.172726476,0.173108341,0.173333496,0.173404087,0.173655351,0.174059831,0.174214082,0.174495069,0.174726268,0.174516688,0.174739625,0.175087618,0.175416098,0.175913091,0.176158483,0.176024621,0.17612282,0.176389325,0.176617311,0.176641488,0.176759965,0.176616295,0.176919111,0.177541626,0.177637702,0.177554804,0.177774316,0.177897068,0.177957879,0.178422692,0.178749716,0.17874611,0.178958842,0.179260042,0.179303749,0.179471209,0.179611717,0.179394197,0.179529373,0.180039901,0.180286675,0.180445736,0.180645364,0.180502099,0.1805437,0.181110159,0.181339936,0.181228745,0.181325616,0.18144273,0.181749552,0.182078686,0.182220399,0.182350718,0.18229052,0.182289894,0.182118617,0.181803646,0.181839085,0.181946015,0.182093978,0.182474223,0.182574768,0.182696962,0.182755878,0.182498456,0.182572763,0.182767356,0.182888726,0.18318923,0.183053902,0.182989069,0.18324353,0.183267738,0.183266641,0.183073432,0.182837368,0.182692222,0.182955815,0.183166285,0.183108712,0.182995232,0.182748001,0.18273527,0.182719776,0.182728527,0.182934922,0.182947825,0.182860226,0.182835565,0.18280272,0.182473383,0.182367112,0.182448793,0.182662626,0.182635867,0.182223513,0.181948622,0.181814719,0.181856692,0.181753471,0.181719134,0.181447752,0.181263667,0.181109965,0.181100682,0.180775718,0.180578652,0.180422408,0.179889399,0.179669676,0.17936856,0.17863561,0.178323489,0.178037836,0.177762942,0.177376325,0.177288763,0.177018868,0.17682675,0.176605722,0.176623282,0.176649764,0.176336065,0.176118594,0.175817225,0.174808687,0.174241843,0.173894079,0.173313737,0.173168295,0.173135393,0.1730791,0.172808387,0.172426716,0.172079812,0.171688854,0.171600632,0.171175916,0.17072592,0.17047177,0.170254987,0.169480292,0.169147783,0.169068756,0.168669232,0.168360584,0.168040744,0.167458197,0.167415489,0.167243684,0.16687394,0.166627078,0.166220522,0.165829565,0.165699012,0.165506224,0.165194355,0.164827975,0.164835796,0.164362379,0.164071503,0.164073958,0.16407687,0.164036161,0.163591427,0.163147633,0.16297444,0.163021673,0.163069641,0.163173616,0.163209335,0.162866855,0.162829264,0.162534507,0.162508013,0.162606907,0.16261464,0.162711687,0.162570369,0.162395202,0.162363626,0.162246955,0.162349088,0.162614363,0.162214168,0.162323526,0.162171272,0.16213902,0.162375562,0.162853068,0.16321764,0.16335822,0.163414252,0.163418586,0.1630583,0.162967307,0.162161409,0.16215803,0.162110188,0.162105384,0.1624005,0.162671464,0.163232335,0.163792301,0.163754432,0.164271954,0.164707581,0.164491251,0.164333401,0.164037433,0.1637007,0.163431185,0.163922908,0.163627796,0.163676554,0.16333995,0.163525708,0.163220175,0.162519723,0.162425136,0.162279083,0.161419893,0.16141913,0.161854064,0.161391252,0.161562294,0.161403577,0.160977645,0.160949179,0.160294893,0.159735245,0.158354553,0.15745527,0.156356294,0.155221161,0.154412862,0.15398225,0.152978833,0.152578178,0.15255821,0.151591352,0.150337772,0.148776058,0.147453809,0.146090239,0.144434784,0.143229034,0.142469869,0.140763688,0.138955162,0.136936462,0.133915435,0.131453094,0.129084442,0.126670421,0.124240529,0.122031333,0.119410704,0.116651873,0.114725561,0.111824574,0.109425339,0.10710758,0.104572417,0.102220019,0.100098441,0.097949027,0.09528931,0.092850731,0.090041,0.087204586,0.084400133,0.08179777,0.079541321,0.077231091,0.075028817,0.073263102,0.071382341,0.069344053,0.067596714,0.06614516,0.064868444,0.063555931,0.061911615,0.06052578,0.059093065,0.057690074,0.057146137,0.057030611,0.056384873,0.055188095,0.054116992,0.05335061,0.052710304,0.05240749,0.051992393,0.051561158,0.05055297,0.049971586,0.049494497,0.049174108,0.049042443,0.048927537,0.048837461,0.048737849,0.048882629,0.049094298,0.049125346,0.048765531,0.048607752,0.048386758,0.047478979,0.047095626,0.046569902,0.04599717,0.045817269,0.04606233,0.045916363,0.045817942,0.046103057,0.046072794,0.045963777,0.045880094,0.045359404,0.044829426,0.044639753,0.045220906,0.045761414,0.045995612,0.046046858,0.046254423,0.046220993,0.046044499,0.046578594,0.046816184,0.046390998,0.046839665,0.047257041,0.047273241,0.047700549,0.048422421,0.048960959,0.049357988,0.050090249,0.05073836,0.051236252,0.051668817,0.052091353,0.052169761,0.051910027,0.052065571,0.052133026,0.052255538,0.052504914,0.053278435,0.053458485,0.053133377,0.053291267,0.053221258,0.053355228,0.054499938,0.055577695,0.056140298,0.056727328,0.057442218,0.057931909,0.058133241,0.05852097,0.059074185,0.059262728,0.059612868,0.059517415,0.059475845,0.060028449,0.060180078,0.060739352,0.061395964,0.062114559,0.062852905,0.063757119,0.064705398,0.065721534,0.066703679,0.067213899,0.067537409,0.067907869,0.067947512,0.068183398,0.068147393,0.068096328,0.067823602,0.068220617,0.069196762,0.069982188,0.071076215,0.071618043,0.071773941,0.072105505,0.073328652,0.074129704,0.074572081,0.075301049,0.075652129,0.075505886,0.075906797,0.076687452,0.077285112,0.07790488,0.078353808,0.078959932,0.079360737,0.080114017,0.079897844,0.079941574,0.080790261,0.081323673,0.081833485,0.082712262,0.083767624,0.084120465,0.084672844,0.085262138,0.085458018,0.08581071,0.086469648,0.087046048,0.08718813,0.087335726,0.08782084,0.088314971,0.088670836,0.088538081,0.089274092,0.090093237,0.090631513,0.091968197,0.092441368,0.092633,0.092761383,0.092850794,0.092569219,0.092412598,0.09287022,0.0932571,0.094077289,0.095186563,0.096549855,0.09699704,0.097592745,0.09763617,0.097359295,0.097165328,0.097779191,0.098184578,0.098928913,0.099467955,0.098744686,0.098338804,0.098356784,0.098580399,0.099548168,0.101187216,0.101681892,0.102387499,0.103271903,0.104053487,0.104845267,0.10579006,0.106047439,0.105679083,0.106315072,0.107051413,0.106351018,0.106566045,0.106872817,0.106365847,0.106493647,0.106354055,0.105807304,0.106066346,0.10611894,0.106142903,0.10750596,0.108698037,0.110044429,0.110914091,0.11136825,0.111709331,0.112657176,0.11346553,0.113690783,0.114219378,0.11465603,0.114227103,0.114075572,0.11513394,0.115242559,0.115001664,0.11503389,0.115561009,0.116064184,0.117034462,0.117406995,0.117389463,0.117664673,0.117640778,0.117701758,0.119049601,0.120311912,0.119771027,0.119847611,0.118933712,0.11787077,0.118344608,0.11787344,0.119275844,0.119843437,0.119786348,0.121243954,0.121651755,0.121291847,0.12156363,0.120302258,0.120310326,0.120869482,0.121842174,0.123196278,0.123268111,0.122890741,0.122777798,0.123566658,0.123125938,0.123838493,0.124264077,0.123802652,0.124099039,0.124273111,0.12336404,0.123675846,0.123273939,0.124376374,0.124188916,0.125561208,0.125221637,0.127124943,0.127367604,0.127417238,0.125159135,0.126214507,0.124870308,0.124365223,0.125039768,0.12533063,0.125220163,0.126092573,0.125660207,0.124342927,0.125320525,0.125488886,0.125439372,0.125754563,0.12604361,0.126017065,0.126455867,0.126700564,0.12588583,0.126529295,0.126256093,0.126019005,0.125651302,0.126086291,0.125845372,0.126532893,0.125643271,0.126863038,0.126573182,0.127544945,0.128348083,0.127355601,0.126955996,0.125940653,0.123464695,0.123305914,0.12464847,0.124855714,0.125517328,0.125499694,0.124898112,0.125425508,0.12497189,0.124349674,0.123936337,0.124808429,0.124277458,0.123831685,0.125826664,0.127344672,0.127130991,0.128944714,0.127765094,0.125378534,0.125925542,0.124181416,0.124184579,0.12459487,0.125663705,0.124905934,0.125058242,0.125126161,0.125306422,0.126899113,0.127134659,0.129764457,0.130551182,0.130659611,0.130934044,0.128621136,0.128000056,0.127674249,0.127560655,0.128250162,0.127540699,0.126814738,0.126413367,0.125549038,0.124084426,0.124383486,0.12408178,0.124579073,0.123896649,0.124765024,0.123496324,0.123430841,0.124602785,0.124997569,0.125819012,0.12625328,0.125990491,0.125776025,0.125700331,0.126611758,0.126133582,0.125817281,0.12526857,0.123667485,0.12421986,0.12397759,0.12254683,0.120705494,0.121520251,0.121776299,0.121912594,0.123076463,0.124401688,0.124637898,0.125505099,0.125561297,0.124526628,0.123445477,0.124192977,0.124128562,0.125091053,0.125282494,0.12540491,0.124528175,0.124252973,0.123900429,0.122499051,0.121882245,0.121365086,0.120504385,0.118391805,0.11481816,0.114589434,0.114949212,0.115435679,0.117573796,0.118376737,0.119547605,0.121046954,0.1213244,0.121409903,0.121032092,0.120263202,0.117595812,0.116835859,0.117337026,0.116752671,0.115721399,0.115566851,0.113079986,0.111531451,0.111644289,0.112609177,0.114006218,0.114061548,0.113293515,0.112800242,0.113478763,0.114638265,0.116031904,0.117298183,0.11587278,0.113654398,0.111984147,0.10994547,0.111381653,0.11114742,0.111060081,0.113548754,0.112064012,0.111134766,0.112174745,0.109703825,0.105831924,0.104907914,0.105780442,0.107163362,0.10838747,0.10673793,0.105078134,0.103526634,0.102445455,0.103106178,0.103829293,0.104059371,0.101780314,0.100356017,0.09974629,0.099111878,0.100168162,0.103803461,0.106559608,0.105706464,0.106271632,0.104333767,0.102876125,0.10259006,0.101002433,0.100515516,0.101234141,0.102757162,0.103498003,0.103515513,0.102525248,0.102165148,0.099804391,0.095710732,0.094921499,0.090852212,0.090478739,0.095518404,0.097713489,0.10223361,0.102972433,0.101522366,0.099883573,0.096770957,0.093351675,0.088457151,0.08621614,0.084487887,0.085270174,0.091685365,0.094334628,0.096414331,0.095265576,0.088871904,0.087841753,0.089547892,0.089499202,0.092880982,0.092728072,0.087567883,0.086559562,0.085481137,0.084796391,0.085536709,0.084717166,0.082086253,0.080928658,0.080908391,0.079830207,0.079389245,0.082786423,0.086908428,0.088038604,0.085385004,0.083968408,0.077875268,0.079604436,0.080887739,0.079686315,0.082413722,0.082040237,0.078566463,0.074788209,0.069326284,0.065523783,0.066056656,0.073248604,0.078022357,0.074717345,0.077920428,0.078594614,0.081685813,0.086400311,0.086966914,0.084973764,0.07748316,0.073714857,0.067307453,0.062221471,0.066610516,0.068890024,0.07318198,0.076032438,0.070084444,0.067886381,0.06815846,0.068846429,0.078427513,0.082059922,0.083753063,0.084093443,0.074033098,0.061983857,0.055988829,0.057884877,0.065867453,0.079726593,0.084850202,0.080917576,0.064879465,0.05039098,0.05117967,0.049737412,0.047673529,0.055184396,0.058220761,0.064392556,0.073734781,0.075712121,0.069125893,0.060440818,0.05622416,0.058808613,0.060006985,0.064216951,0.065235948,0.06022773,0.042909202,0.039802463,0.039564197,0.044122925,0.066602545,0.073077563,0.069196696,0.062505121,0.047849803,0.04219241,0.045605991,0.056277041,0.07102048,0.079209565,0.082685417,0.093253443,0.093825377,0.097547569,0.094708904,0.072433741,0.05220582,0.0324897,0.018463401,0.030472705,0.047409435,0.05001653,0.06253589,0.050724001,0.02981983,0.026098686,0.032902733,0.052910443
/data/asd/1/1549991397-00.asd,sp2_run8,324,40,144,0,40.1061,0,0.062767125,0.069761015,0.065107576,0.060755635,0.065455094,0.077125354,0.066603602,0.06505895,0.072720803,0.074320238,0.066165508,0.063663708,0.066238489,0.060606934,0.064432176,0.068166202,0.064122439,0.067621046,0.06762935,0.066115091,0.067889058,0.066670862,0.067045655,0.06635178,0.068822592,0.068893896,0.067577868,0.067436905,0.067318245,0.067030497,0.066180126,0.067798049,0.068746737,0.067013642,0.066289417,0.068149211,0.068286712,0.069000311,0.07034831,0.069570322,0.069399602,0.070385676,0.071803655,0.072165724,0.072233447,0.072645833,0.073316697,0.073750645,0.075110503,0.076365322,0.072697774,0.072182136,0.073464606,0.074308454,0.073568146,0.07478674,0.075787304,0.07388614,0.075099253,0.075962877,0.075789708,0.07729607,0.07654693,0.076192264,0.076949336,0.078235695,0.077135628,0.077703986,0.079059289,0.078134083,0.078650602,0.079561987,0.080011235,0.081257625,0.081705604,0.081008025,0.082110229,0.081837517,0.082008802,0.083238472,0.084426422,0.083480704,0.082811051,0.083889218,0.084826991,0.085302169,0.086210223,0.085944954,0.085403295,0.085974249,0.087401174,0.087500091,0.087400434,0.087758197,0.088796875,0.08875044,0.088651048,0.089268564,0.089586598,0.08997357,0.090419887,0.090468254,0.091099513,0.091534598,0.091956218,0.092031486,0.092552217,0.093085028,0.092800456,0.093146068,0.093605682,0.093873592,0.094050963,0.094163755,0.094063083,0.094439882,0.094851314,0.09539157,0.095392642,0.095259901,0.095774072,0.096085267,0.096478736,0.097026447,0.097096046,0.097538889,0.097895284,0.097491555,0.098274244,0.09876131,0.099072095,0.098960465,0.099388137,0.099957133,0.100324157,0.100707075,0.10101615,0.10135263,0.102004273,0.101836748,0.101969159,0.102798325,0.103100676,0.103429075,0.103495842,0.103660475,0.104637143,0.104978404,0.104918881,0.105431385,0.105881206,0.106156734,0.106770795,0.10699762,0.107303392,0.107881453,0.108119834,0.108382797,0.108894529,0.109262177,0.109409035,0.10992812,0.110475839,0.111040026,0.111243987,0.111549276,0.112031153,0.112537959,0.112445262,0.112967445,0.113428569,0.113736595,0.113916981,0.114224311,0.114814278,0.115210678,0.115293732,0.115590562,0.116012696,0.116765216,0.117214813,0.117517622,0.117799255,0.118169895,0.118560406,0.118732644,0.118987321,0.119632191,0.120012981,0.120193744,0.120423946,0.120966965,0.12110944,0.121381399,0.121799288,0.122211372,0.122448479,0.12289256,0.123319952,0.123543319,0.12391455,0.124357853,0.124650379,0.12486432,0.124972581,0.125461673,0.125675753,0.125758536,0.125978393,0.126147353,0.126269063,0.12633599,0.126664634,0.126813552,0.126777499,0.12715176,0.127407524,0.127716582,0.128048061,0.128871364,0.129586801,0.129746931,0.130032176,0.13037764,0.130627174,0.131022409,0.130895538,0.131018935,0.13121209,0.131094319,0.131084804,0.13105314,0.130779731,0.130773113,0.130754693,0.130880618,0.130784147,0.130656148,0.130725917,0.130871697,0.130852974,0.130913355,0.131021616,0.1309543,0.131017152,0.131176508,0.131496942,0.131518505,0.131531885,0.13178497,0.132024502,0.131771116,0.131887729,0.131991894,0.131915404,0.1322085,0.132393801,0.132390457,0.132082227,0.132147763,0.132292587,0.132232206,0.132082088,0.132184669,0.132347967,0.132131262,0.132117485,0.132217701,0.132319518,0.132255916,0.132245144,0.132291253,0.13252233,0.132472494,0.132577297,0.132689244,0.132540978,0.132462976,0.132554168,0.132681611,0.132661284,0.132613985,0.132565497,0.132659874,0.13257228,0.132606322,0.132622192,0.132610259,0.13260114,0.132505532,0.132609221,0.132554282,0.132603176,0.132642159,0.132609794,0.132710644,0.132733599,0.132665794,0.13263193,0.132681029,0.132758283,0.132644595,0.132576552,0.132550217,0.132531948,0.132568349,0.132497788,0.132332742,0.132383003,0.132284432,0.132200006,0.132120263,0.132003822,0.132005527,0.131979432,0.131915266,0.131847486,0.131840972,0.131839635,0.132007148,0.132025556,0.132167142,0.132299832,0.132186099,0.132136039,0.132213794,0.13236093,0.132594832,0.132831833,0.132832115,0.133037473,0.13329806,0.133242404,0.133320409,0.133502981,0.133556794,0.133750182,0.13365299,0.133702446,0.134107148,0.134197085,0.134116575,0.13408173,0.134404046,0.134607364,0.134402262,0.134483273,0.134830426,0.134999118,0.135078194,0.135233466,0.135336379,0.135522775,0.135456962,0.135499695,0.135874051,0.135913433,0.136203389,0.136465469,0.136358575,0.1366616,0.136880308,0.136942854,0.13724105,0.137320736,0.137296898,0.137438811,0.137568949,0.137668326,0.137914646,0.137964913,0.138223784,0.138425419,0.138424308,0.138356212,0.138527008,0.138607992,0.138756787,0.138843789,0.138911817,0.139166132,0.139291849,0.13954095,0.139688123,0.139832823,0.140067021,0.140114151,0.140161139,0.140351419,0.140431751,0.140790858,0.140970078,0.140912873,0.141124321,0.141273852,0.141561148,0.14191092,0.141970126,0.142288384,0.142433476,0.142356912,0.142469999,0.14265616,0.142781932,0.143080146,0.143143787,0.143216262,0.143442372,0.143263403,0.143431842,0.143741715,0.143702646,0.144103352,0.144017095,0.143922927,0.144332305,0.144458343,0.144523385,0.14469392,0.144644666,0.145036173,0.145341039,0.145364168,0.145743905,0.145766609,0.145753492,0.146078431,0.146237769,0.146430908,0.146598581,0.146578328,0.146784011,0.146955786,0.147244723,0.14720043,0.147569485,0.147596375,0.147739318,0.147767352,0.147812004,0.148007279,0.148061088,0.148285713,0.148717662,0.148622334,0.148722933,0.148853629,0.148982616,0.149197629,0.149299272,0.149256643,0.149345842,0.149120521,0.149546777,0.149995832,0.149743799,0.149832765,0.149905488,0.150213357,0.150182513,0.150294314,0.150289478,0.150271668,0.150178074,0.150363533,0.150736706,0.150972322,0.150857495,0.150840979,0.150716386,0.151244892,0.151472127,0.151414495,0.1514607,0.151004955,0.151216742,0.151875033,0.151313826,0.151756995,0.151609441,0.151700946,0.151888143,0.151739979,0.151805413,0.151900708,0.151685159,0.15215833,0.151740726,0.152059307,0.151840395,0.15148966,0.151896219,0.152040483,0.151921264,0.152234882,0.152611053,0.152081183,0.151949189,0.152572711,0.151523562,0.151914867,0.152109238,0.151302032,0.152326326,0.15253957,0.152129044,0.152326565,0.152831834,0.15239444,0.152780763,0.152011364,0.152920042,0.152568685,0.151580168,0.150875606,0.151821117,0.152770833,0.152424704,0.152266855,0.152415133,0.152537705,0.152362657,0.153568297,0.152933145,0.152389411,0.152869781,0.152766112,0.152867797,0.152265025,0.153246707,0.152090621,0.151738206,0.152877454,0.152852747,0.153531979,0.153449157,0.153112525,0.152859363,0.152763402,0.153371154,0.152808334,0.152972598,0.152783578,0.153126978,0.153089972,0.15324248,0.152861688,0.1526193,0.15291186,0.153071439,0.152878392,0.15306832,0.152570702,0.153197948,0.153201837,0.153449069,0.153430522,0.153214034,0.152902046,0.153667833,0.153655246,0.153860616,0.153804516,0.154012424,0.154159783,0.154000585,0.153959101,0.154274327,0.154349397,0.154294621,0.154049074,0.154007878,0.154146743,0.153921391,0.154246904,0.154280462,0.153831518,0.154651403,0.154381234,0.154360161,0.154337785,0.154629792,0.15462892,0.154871059,0.154584274,0.154535134,0.154673971,0.154528498,0.154740825,0.155100285,0.154734509,0.155014979,0.155106057,0.154791925,0.15480992,0.154570098,0.155415722,0.155275288,0.154794286,0.155508764,0.155555502,0.155620208,0.155956746,0.155454603,0.155639422,0.15569685,0.155130618,0.15542458,0.155576985,0.155034181,0.155747167,0.156011149,0.155922407,0.156242273,0.155419931,0.156222715,0.156855771,0.156125323,0.156943724,0.157283804,0.156847594,0.156516785,0.156119046,0.156921803,0.157138484,0.156252127,0.157230714,0.157171933,0.156523159,0.15845032,0.157670646,0.15681393,0.157357635,0.156897632,0.157312596,0.157591534,0.157185549,0.15867921,0.157154542,0.157019516,0.159592716,0.157936821,0.157904404,0.158011444,0.157203965,0.158723232,0.158941629,0.158320472,0.159131359,0.157240248,0.158621886,0.158139924,0.158548926,0.159145912,0.159231056,0.159095378,0.159050371,0.158564735,0.158677862,0.159478044,0.159593347,0.159502543,0.159409287,0.158909158,0.158813098,0.158914717,0.159049966,0.159823827,0.159791241,0.159191171,0.159465531,0.159772316,0.160051845,0.160334342,0.161562224,0.161692968,0.160974112,0.161021331,0.160930629,0.160888747,0.161427408,0.161704337,0.161860826,0.162221744,0.162555396,0.162539556,0.162438732,0.162276072,0.161991744,0.161805787,0.162065625,0.162722186,0.16275663,0.162780371,0.162705988,0.162201728,0.16242452,0.163139992,0.163361392,0.163888312,0.16434602,0.164207286,0.164572659,0.164616116,0.163842636,0.163601516,0.163441008,0.163472435,0.163898367,0.163757118,0.163546746,0.163590386,0.163572538,0.163448914,0.163939375,0.164330739,0.163878056,0.163950524,0.164751286,0.164898964,0.16454274,0.164637478,0.164754189,0.164650173,0.164504984,0.164402132,0.164481928,0.164425785,0.164406883,0.164711023,0.164951031,0.16525558,0.165242329,0.16548592,0.165743854,0.165808811,0.166144533,0.166215105,0.166014226,0.165958981,0.165844307,0.165966959,0.166244679,0.166713846,0.167019709,0.167178289,0.167016833,0.166951496,0.167035779,0.167176943,0.167344063,0.16721241,0.167013559,0.167147158,0.167140534,0.167232152,0.167432848,0.167721767,0.167821333,0.167875448,0.16792247,0.167980323,0.168036707,0.168066036,0.16804017,0.168173583,0.168163851,0.168316358,0.168443353,0.168400216,0.168435608,0.168369794,0.168338771,0.168507702,0.168812221,0.168998698,0.169084342,0.169110756,0.168945642,0.168924621,0.16869663,0.168819768,0.168712769,0.168582404,0.168751064,0.168762099,0.168969834,0.16913347,0.169101466,0.168975472,0.168653093,0.168478377,0.168359673,0.168322665,0.168385715,0.168447416,0.168275866,0.168127691,0.167987434,0.167920065,0.167711604,0.167739467,0.167915228,0.16781865,0.16783518,0.167803073,0.167848125,0.168026689,0.168065612,0.168007237,0.16788768,0.167722485,0.167646745,0.167805893,0.167946846,0.168009456,0.168119035,0.16832718,0.168509267,0.168733513,0.169011316,0.168835183,0.168819516,0.168770818,0.16878899,0.168913837,0.168952849,0.168991893,0.169402563,0.169520736,0.169534802,0.169656174,0.169634504,0.169698689,0.169971131,0.170159294,0.170270373,0.170158868,0.170245179,0.170531551,0.170550929,0.170783299,0.171012407,0.171052329,0.171231111,0.171408864,0.171405614,0.171474095,0.171555809,0.171782077,0.172091547,0.172281719,0.172369527,0.172219524,0.172105713,0.172379745,0.172525715,0.172725538,0.172990238,0.173096489,0.173099868,0.173170924,0.173242368,0.173440435,0.173395271,0.173639633,0.174096399,0.174315539,0.174509591,0.174632205,0.174474598,0.17447728,0.174847211,0.175045094,0.174916055,0.175033998,0.175014745,0.175109299,0.17520913,0.175738264,0.175961649,0.176025464,0.176211199,0.176586732,0.176728908,0.176982025,0.177181747,0.177139173,0.177246836,0.177541805,0.177505511,0.177400919,0.177535067,0.177473654,0.177633417,0.178015569,0.178157637,0.178369492,0.178617177,0.178840678,0.178928982,0.179063552,0.179121421,0.179238453,0.179439191,0.17971123,0.179875977,0.180015092,0.180226893,0.180362518,0.180748365,0.180973276,0.181279723,0.181502814,0.181426679,0.181641962,0.181857112,0.181955878,0.18215937,0.182492786,0.182624048,0.182692995,0.182770958,0.182858995,0.182971406,0.18305209,0.183133126,0.183005096,0.183133262,0.183410592,0.18357821,0.18393871,0.184256346,0.184432368,0.184541571,0.184718156,0.184890627,0.184972621,0.184988008,0.18511854,0.185193906,0.185235086,0.185312275,0.185408599,0.185416774,0.185425507,0.185493542,0.185564083,0.185579419,0.185670461,0.185765531,0.185791621,0.185970067,0.186106959,0.18605429,0.186080967,0.186180596,0.186117869,0.186226076,0.186259516,0.186160041,0.186009228,0.185949644,0.185778837,0.18580608,0.185917084,0.185942172,0.186017028,0.185982413,0.185955181,0.185879452,0.18570081,0.185592119,0.185514724,0.185363081,0.185302746,0.1851091,0.184756876,0.184542673,0.184468622,0.184345231,0.184216866,0.184143434,0.184013499,0.183799982,0.183565952,0.183330862,0.18308177,0.182702459,0.182470836,0.182282991,0.182222527,0.18239048,0.182220297,0.182017202,0.181729091,0.181172764,0.180952321,0.180923977,0.180716843,0.180516987,0.180439495,0.180515646,0.180479148,0.180368259,0.180272,0.17997999,0.179879826,0.179609558,0.179458883,0.179343039,0.17906407,0.178815776,0.178777863,0.178564062,0.17825158,0.177943826,0.177512472,0.177174391,0.176992632,0.176622575,0.176157915,0.175715779,0.17507929,0.174453714,0.173804024,0.173147291,0.172751455,0.171999419,0.171055305,0.17003638,0.168916579,0.167795357,0.166685745,0.16544683,0.164111634,0.162585389,0.161227052,0.159896396,0.158371,0.156893341,0.155198216,0.153204006,0.151414486,0.149507636,0.147680018,0.146069037,0.14436255,0.142566997,0.140675308,0.13872998,0.136962743,0.135294904,0.133736197,0.132123094,0.130630413,0.129118617,0.127641411,0.12607213,0.124723596,0.12342832,0.122130858,0.121059583,0.11998893,0.118716485,0.11782829,0.116974656,0.116323528,0.115655609,0.114986942,0.114393146,0.113737466,0.113258788,0.112960721,0.112494471,0.111933825,0.111520457,0.111109123,0.110778767,0.110532189,0.110236614,0.109838159,0.109493111,0.109186148,0.108945617,0.108888397,0.108651415,0.108342212,0.108062607,0.10765393,0.107389188,0.107394529,0.107201446,0.106888173,0.106869253,0.106788847,0.10670712,0.107089869,0.107159585,0.107054722,0.106993019,0.107125278,0.107173146,0.107452143,0.107740813,0.108000974,0.108051425,0.10832848,0.108642583,0.108899024,0.109119004,0.109384041,0.109423033,0.109578506,0.109891893,0.110147928,0.110368654,0.110725026,0.111071032,0.111397767,0.111786515,0.112118454,0.112586608,0.113052597,0.113557553,0.1140896,0.114700585,0.115266429,0.115746021,0.116324641,0.117084407,0.117734671,0.118215472,0.118759357,0.119241712,0.119632527,0.12045155,0.121009835,0.121327084,0.121883528,0.122457635,0.123175733,0.124123167,0.12481983,0.125551991,0.126071186,0.126805333,0.127362052,0.128019079,0.128684799,0.129370646,0.129812324,0.130654204,0.13159455,0.13230704,0.132921817,0.133661199,0.134137852,0.134863622,0.13558719,0.136380606,0.136991997,0.137679939,0.138352721,0.139102914,0.139829498,0.14052396,0.140991333,0.141546071,0.142193665,0.142988721,0.143709138,0.144386383,0.14473436,0.145510853,0.146259465,0.146785876,0.147604159,0.14825746,0.148638411,0.149169823,0.149842279,0.150441791,0.151202791,0.151899047,0.152251364,0.152840661,0.153446383,0.153921912,0.154803484,0.155326311,0.155927023,0.156279848,0.156784422,0.157265586,0.157760511,0.158307147,0.158595309,0.159129498,0.15987672,0.160468832,0.161247351,0.161820593,0.162456642,0.162989237,0.163490186,0.163922213,0.164470835,0.164684115,0.165085795,0.165847535,0.166347353,0.166788821,0.167316775,0.167619861,0.168009353,0.168519173,0.169056542,0.169706342,0.170088712,0.170568977,0.170901434,0.171142587,0.171538432,0.172172461,0.172524459,0.173022623,0.173473414,0.173632964,0.173979341,0.174546254,0.175016217,0.175241032,0.175598733,0.175938437,0.176327632,0.176517961,0.176802596,0.176942939,0.177249372,0.177673962,0.178123403,0.178477991,0.178857057,0.179208516,0.179682648,0.180215029,0.180458561,0.180286795,0.180675992,0.180989368,0.181194972,0.181608472,0.181721448,0.181648759,0.18186319,0.182276768,0.18266585,0.183185913,0.18335173,0.183706248,0.18416742,0.184535681,0.184626245,0.184647851,0.18490191,0.184972235,0.185126581,0.185576172,0.185943985,0.186311768,0.186599513,0.186974857,0.186998279,0.186885583,0.18713113,0.18736389,0.187598104,0.187795415,0.188082074,0.188221132,0.188561272,0.18905782,0.189274208,0.189317542,0.189590615,0.189574352,0.189618769,0.189732279,0.190054539,0.190241345,0.190310158,0.190563796,0.190828428,0.191038621,0.191129179,0.191426923,0.191772094,0.192084788,0.192341395,0.192484744,0.192505741,0.192645408,0.192745016,0.192677201,0.192710119,0.192717214,0.192896193,0.193148641,0.193338327,0.193453122,0.193536565,0.193768231,0.194021892,0.194112926,0.194192511,0.194440068,0.194711778,0.194803888,0.194797677,0.194698235,0.194734335,0.194875232,0.194957061,0.195213203,0.195416985,0.195591599,0.195686378,0.195700783,0.195713335,0.195551851,0.195589076,0.19551188,0.195664411,0.195944243,0.196037701,0.196273159,0.196325731,0.196070258,0.195993518,0.196147128,0.196184656,0.196043922,0.196097651,0.195948273,0.195886602,0.195885401,0.19589515,0.195775332,0.195605558,0.195564574,0.195554095,0.195591246,0.195638583,0.195765051,0.195673453,0.195510674,0.195698016,0.195576543,0.195472405,0.195438354,0.1954126,0.195321991,0.194914006,0.194605657,0.194660241,0.194652796,0.194148055,0.194020076,0.193771472,0.193443546,0.193077117,0.193014845,0.192395866,0.192285829,0.192612602,0.192262516,0.192235241,0.192106372,0.191490372,0.191273803,0.191061476,0.190721364,0.190236399,0.190051967,0.189557857,0.1893404,0.189389786,0.189150061,0.188630643,0.188045759,0.187462694,0.187242452,0.186930455,0.186654044,0.186167079,0.18557853,0.185195961,0.184798234,0.184797181,0.184588689,0.184374455,0.18418702,0.183602598,0.183246463,0.182588531,0.182238384,0.182162693,0.181874106,0.181262053,0.181127455,0.180976585,0.180652486,0.180427428,0.179897301,0.179202573,0.178850705,0.17864814,0.17833653,0.178056962,0.177843786,0.177498105,0.177019122,0.176793612,0.176595745,0.176231135,0.175949623,0.175559687,0.175501963,0.175542233,0.175473402,0.175575592,0.175231256,0.174742481,0.174999466,0.17508283,0.174810388,0.174840342,0.175008836,0.174694728,0.174635661,0.174547947,0.174699483,0.174873416,0.174665467,0.174489153,0.174541528,0.174122375,0.173996988,0.174399668,0.174229392,0.174378473,0.174265944,0.174240625,0.17416244,0.174588267,0.174895476,0.174950492,0.175215487,0.175289882,0.175290819,0.175414288,0.175321355,0.175544382,0.175382003,0.175459496,0.175333934,0.175308695,0.175400718,0.175196687,0.175171612,0.174903462,0.174523773,0.174561596,0.175045625,0.176022915,0.176217688,0.17610851,0.175718313,0.174956296,0.175030864,0.174496623,0.174266451,0.173892138,0.174366242,0.174235891,0.173879791,0.173992108,0.174009626,0.173562865,0.173358917,0.173229914,0.17231872,0.171718905,0.171244486,0.170720524,0.170664972,0.170125252,0.169840564,0.169070683,0.168194198,0.168030485,0.167260745,0.166551699,0.166007922,0.164885884,0.163642089,0.163467224,0.162369562,0.161425352,0.160522058,0.15912764,0.158126452,0.156597355,0.155095308,0.15353801,0.151641309,0.149237525,0.147154929,0.144559284,0.142902236,0.140645984,0.138380123,0.136129175,0.134174607,0.131480549,0.128754589,0.126670392,0.123235089,0.120225361,0.117571858,0.114914079,0.112073196,0.109598848,0.107191091,0.103996837,0.101637856,0.099623882,0.096866744,0.094076484,0.091933726,0.089028861,0.085976498,0.083686027,0.081722718,0.079874894,0.078022793,0.076286982,0.07403735,0.072493038,0.070841116,0.069417129,0.068112859,0.067030552,0.065807115,0.065048477,0.064369177,0.063440328,0.062243464,0.06069932,0.059741496,0.059088933,0.058915793,0.058588584,0.05889429,0.058430878,0.058032696,0.057604714,0.05724252,0.057142376,0.056653408,0.0562086,0.055717989,0.055419625,0.054721716,0.054479818,0.054112421,0.053551186,0.053370052,0.052825393,0.052564595,0.052516661,0.052300992,0.052170825,0.052104176,0.052174928,0.052007096,0.051902562,0.05192128,0.051795799,0.051528852,0.05148429,0.051497631,0.051514448,0.051671447,0.05198377,0.052274314,0.052806297,0.052569367,0.05256498,0.052513778,0.052118479,0.052450203,0.052756434,0.052866498,0.053252701,0.053604585,0.053972801,0.054280963,0.054688263,0.05508063,0.0554788,0.055870672,0.056755763,0.057683765,0.058025186,0.057846505,0.057858005,0.057934089,0.057557443,0.057637875,0.058274589,0.058428166,0.058798514,0.059857192,0.060733356,0.061662208,0.062278604,0.062259069,0.062001245,0.061814783,0.061971737,0.062416918,0.062992765,0.064197047,0.064668099,0.064762066,0.0652077,0.065448337,0.065514614,0.066702388,0.067915214,0.068797485,0.070245326,0.071230731,0.07191123,0.072527763,0.072688651,0.073167131,0.073399738,0.07378383,0.07458367,0.075650539,0.076496925,0.077183155,0.077572343,0.077531429,0.077458198,0.077218625,0.077379114,0.077347444,0.078030862,0.079421185,0.080458459,0.081140609,0.082469621,0.082842077,0.083318802,0.084001838,0.083784288,0.084035677,0.084409524,0.084826305,0.085752898,0.086487228,0.086901715,0.087466619,0.088470962,0.088920778,0.089906708,0.090820096,0.090520407,0.090457087,0.090517002,0.089979708,0.090363246,0.091182471,0.091777308,0.093275819,0.094117946,0.094916674,0.095459367,0.095546713,0.095232935,0.095423868,0.095518473,0.096519034,0.097290951,0.097922334,0.098341678,0.099039662,0.099255725,0.099628971,0.100291692,0.100779271,0.101899996,0.102362572,0.10266423,0.10300356,0.102774653,0.102788376,0.103324004,0.103865618,0.104788938,0.105974252,0.106339643,0.106699397,0.106647385,0.106505745,0.106361041,0.107000878,0.10770379,0.108791249,0.109970918,0.110184571,0.110268901,0.110337596,0.11004427,0.110725254,0.111641299,0.111489173,0.111389064,0.112090684,0.112608513,0.113489032,0.115501261,0.116210186,0.116305887,0.116765414,0.11644264,0.114992248,0.114641075,0.114688921,0.114753862,0.115727549,0.11644055,0.117182974,0.118044186,0.119069133,0.118786934,0.118437765,0.118778746,0.118399875,0.118935192,0.120966818,0.121481701,0.122609428,0.123197326,0.123231955,0.123098802,0.123294895,0.123168755,0.122923196,0.123397989,0.123601795,0.124058905,0.124459193,0.125681363,0.126300748,0.127073829,0.127443499,0.127224908,0.127287233,0.12723177,0.126704576,0.128084584,0.128945973,0.128788311,0.130275513,0.130020917,0.130086455,0.130988989,0.129983921,0.131428127,0.13178477,0.131347805,0.131950583,0.132484998,0.1329786,0.133473712,0.133263852,0.133354879,0.132931151,0.132548413,0.133107355,0.132981005,0.132878008,0.133480796,0.134809911,0.135321302,0.135612403,0.134071202,0.133353613,0.133312804,0.133720702,0.135249564,0.136055364,0.134692053,0.135274002,0.133651246,0.134175891,0.132827144,0.13474424,0.134514246,0.135609714,0.134464782,0.136405598,0.136942514,0.137019339,0.137897315,0.137740798,0.137462555,0.137298602,0.136873305,0.136384198,0.137682889,0.138331471,0.138069655,0.136965628,0.136796862,0.136478957,0.136598654,0.136853518,0.135896702,0.136038513,0.135279591,0.135160758,0.134152686,0.133560209,0.133270229,0.134287535,0.133394826,0.134574838,0.134359913,0.134995544,0.13430575,0.133610864,0.1345266,0.134427882,0.134510988,0.134564746,0.133992176,0.13395312,0.133535574,0.133495443,0.135527769,0.136998495,0.136933962,0.135687008,0.135294396,0.1349554,0.134000256,0.134866704,0.135939773,0.137439889,0.139075446,0.140029873,0.139028289,0.138273226,0.139140385,0.136245499,0.13626325,0.136523534,0.137445683,0.136981843,0.136789844,0.136298444,0.135827595,0.135695979,0.135182696,0.137187212,0.137946299,0.139074225,0.140047057,0.138359565,0.138813058,0.139514213,0.139387924,0.139119919,0.137888213,0.136668343,0.135870512,0.136126587,0.134916235,0.134850263,0.13555801,0.136839378,0.137321596,0.139034022,0.138774628,0.138287731,0.137845059,0.137552422,0.137671784,0.137439569,0.136932721,0.135919079,0.134031655,0.134783252,0.135641791,0.136016881,0.137040071,0.136048381,0.13659024,0.136441419,0.13540368,0.132977321,0.133284518,0.132794517,0.132796347,0.133899823,0.133743346,0.132952726,0.133613997,0.133166845,0.133567689,0.134850258,0.135604947,0.135209516,0.136294452,0.136592564,0.135833298,0.135281488,0.134889244,0.133141928,0.13129086,0.131043891,0.131231786,0.130825832,0.130240841,0.130878735,0.131448343,0.131615841,0.131300961,0.12872223,0.127910279,0.128982518,0.129615082,0.1295857,0.129245699,0.127642296,0.126518089,0.12405364,0.124367738,0.126207174,0.12696885,0.129383623,0.130529923,0.12776504,0.126054832,0.126838461,0.12782255,0.128298075,0.128568392,0.127682553,0.126511308,0.128165553,0.130992075,0.129877743,0.126987702,0.124523592,0.121579647,0.121817574,0.123574691,0.123793243,0.122204348,0.121479218,0.12151188,0.120705623,0.121578898,0.121323402,0.119450067,0.119570451,0.119322008,0.119709924,0.121450521,0.120469217,0.118854759,0.118207538,0.114943023,0.110978233,0.108577024,0.110207642,0.113260692,0.114323698,0.114840092,0.114317415,0.113541194,0.112890096,0.113219984,0.112972,0.111348651,0.111347008,0.111607226,0.110230316,0.106140114,0.103223471,0.102706826,0.102643446,0.104181904,0.10591833,0.1068838,0.107160969,0.109152344,0.109501193,0.107799911,0.107869762,0.106372211,0.104529322,0.103468543,0.102652489,0.101875955,0.101818884,0.104269584,0.105552646,0.107259045,0.109351459,0.111962612,0.11226645,0.112883289,0.109830626,0.101491375,0.098614887,0.095503329,0.09309462,0.09456498,0.09584446,0.098384028,0.100516317,0.104032143,0.106466728,0.106836539,0.107957745,0.108655062,0.106894169,0.102763684,0.099954315,0.094373109,0.09402314,0.098031865,0.09950944,0.105441515,0.10557676,0.107482696,0.105934558,0.098663516,0.092928046,0.083822952,0.082966163,0.083913022,0.089501212,0.096822328,0.095877938,0.093820632,0.09225051,0.087193972,0.085963439,0.084655477,0.081780866,0.087638275,0.091363449,0.097486774,0.105166139,0.106916501,0.107212107,0.109980831,0.106876485,0.096456705,0.088404831,0.0820259,0.078260202,0.08589266,0.09556031,0.099437213,0.100247518,0.095922774,0.083818676,0.076231942,0.074788391,0.071606343,0.073128222,0.076053963,0.080746699,0.085336135,0.08305426,0.08495277,0.084855847,0.080884658,0.086589608,0.093314425,0.09560087,0.095473117,0.102754285,0.102495598,0.101987963,0.09647635,0.088270475,0.077062395,0.065822691,0.061170562,0.070330895,0.081669714,0.091186888,0.099583336,0.094536103,0.084396098,0.079575154,0.07951559,0.081957831,0.092566281,0.094623256,0.098677384,0.094374374,0.086741214,0.076190338,0.05144729,0.043584252,0.040721846,0.052007438,0.06693853,0.069958446,0.075089805,0.074432965,0.078398463,0.086783088,0.081167589,0.077391231,0.079517199,0.061556187,0.055935811,0.061322912,0.046205094,0.043682184,0.053024668,0.054988614,0.068100895,0.081765566,0.084785992,0.082281896,0.079723969,0.077985562
/data/asd/1/1549991412-00.asd,sp2_run8,324,60,144,0,60.1038,0,0.056889739,0.06111705,0.070750392,0.068842146,0.068144835,0.073542234,0.07084597,0.071228583,0.0697774,0.070203718,0.063392907,0.061778972,0.066694236,0.065116423,0.067689801,0.068393921,0.067147669,0.067720849,0.068160676,0.069187358,0.071609425,0.071665506,0.070005824,0.066028956,0.067941257,0.069984756,0.070554047,0.070386025,0.070142858,0.069463048,0.070168981,0.072624951,0.073408345,0.073172268,0.07304962,0.074138767,0.072051238,0.070822727,0.074338988,0.074012493,0.072891489,0.073473441,0.075504873,0.076044923,0.076447831,0.077477525,0.076805747,0.0747914,0.075909507,0.078730037,0.077416206,0.07716315,0.078377202,0.078184797,0.078591967,0.079184532,0.079291936,0.079336847,0.079956768,0.080164273,0.0802705,0.081611442,0.082886405,0.083799573,0.083566488,0.082554097,0.082954456,0.084384569,0.08318361,0.083594618,0.084256136,0.08470226,0.084925765,0.086497821,0.087428287,0.086415223,0.086989259,0.087328964,0.088099809,0.088818578,0.088798868,0.088965624,0.090217336,0.090983114,0.090542998,0.090366112,0.091884156,0.092462615,0.092164433,0.092140586,0.093638249,0.09396349,0.09410353,0.094363252,0.095102169,0.095592151,0.09595525,0.096092513,0.096005033,0.096864055,0.097562567,0.097110551,0.097569551,0.098162245,0.098683461,0.098843701,0.099610209,0.099740506,0.099443313,0.100015382,0.100060617,0.100298152,0.101286502,0.101601981,0.101440704,0.101547672,0.102070413,0.102370743,0.102515661,0.103035889,0.102931838,0.103013223,0.103602909,0.10438533,0.104837821,0.104986406,0.104912601,0.10529654,0.105919388,0.106205294,0.106631581,0.106609544,0.107045183,0.107539936,0.107594694,0.107684097,0.108188809,0.108844513,0.108832606,0.109112816,0.109824016,0.110426254,0.110486027,0.11100134,0.111297115,0.111194506,0.111971904,0.112558493,0.113027477,0.11337213,0.113656554,0.113893347,0.114278727,0.114858049,0.115081477,0.115552381,0.116187121,0.11645294,0.116972654,0.117341961,0.11753657,0.118031522,0.118661424,0.119130986,0.119391406,0.119565273,0.119993098,0.120577063,0.120903121,0.121563402,0.121623473,0.122075366,0.122602621,0.123018952,0.123419427,0.123992202,0.124211438,0.124445308,0.12493365,0.125629647,0.126017948,0.126488901,0.126652902,0.126940845,0.127272303,0.127370757,0.128085266,0.128699607,0.128640314,0.129493566,0.12944532,0.129815605,0.130400502,0.130712175,0.131020369,0.131530477,0.131880571,0.132040221,0.132442106,0.132960702,0.13336479,0.13370186,0.133940249,0.134415569,0.134399157,0.134818629,0.135133892,0.135413867,0.135467335,0.135540097,0.135718924,0.135801434,0.136228146,0.13643124,0.136379299,0.136827392,0.137112265,0.137432157,0.137930293,0.138749936,0.139276771,0.139374877,0.139541873,0.139931178,0.140177335,0.140366857,0.140516208,0.140544069,0.140472353,0.140418851,0.14044474,0.140459203,0.140491731,0.14066649,0.140753993,0.14082474,0.140774127,0.14064715,0.140784055,0.141012853,0.141005932,0.140997937,0.14121169,0.141366483,0.141281811,0.141227343,0.141485683,0.141658601,0.141708877,0.141749082,0.141846732,0.141997647,0.142123943,0.142068397,0.142121328,0.142203839,0.142276455,0.142346828,0.142047975,0.14216014,0.142222682,0.142137495,0.14213075,0.142147977,0.142271269,0.142135679,0.142230845,0.142431076,0.142530559,0.142322346,0.142392207,0.142484065,0.142497165,0.142643763,0.142656045,0.142681112,0.142705109,0.142624381,0.14269662,0.142775057,0.142685714,0.142643045,0.142596624,0.142790166,0.142671049,0.142769843,0.142804085,0.142751334,0.142782345,0.142731208,0.142886364,0.142971287,0.142943076,0.142912477,0.142852437,0.142821167,0.142760894,0.142743166,0.142734201,0.142746984,0.14280907,0.14283819,0.142749109,0.142648752,0.142590077,0.142677734,0.14270024,0.142517943,0.142539026,0.142476888,0.142482121,0.142492493,0.142398344,0.142121709,0.142068042,0.142130515,0.141958195,0.142033841,0.142008074,0.141968972,0.142071718,0.14210664,0.142266575,0.142415562,0.142376064,0.142423665,0.142459381,0.142779321,0.143049988,0.14312915,0.143254348,0.143082657,0.143176116,0.143591182,0.14357884,0.143734904,0.144046836,0.143981934,0.143952268,0.144143977,0.144320085,0.144515871,0.144479651,0.144730973,0.144894716,0.144708125,0.14480751,0.145252619,0.145392605,0.145409224,0.145540301,0.14562928,0.145852709,0.14585446,0.145955061,0.146399665,0.14645227,0.146557909,0.146858399,0.146835097,0.146904805,0.147202917,0.147353152,0.147617116,0.147792595,0.147779978,0.147957069,0.148053481,0.148016653,0.14833909,0.148500283,0.148672817,0.148869343,0.148992365,0.149082501,0.149128832,0.149196349,0.149406628,0.149432022,0.149587607,0.149907035,0.150002019,0.150225261,0.150338364,0.150442821,0.150747525,0.150808515,0.150890364,0.151137001,0.151221831,0.151544368,0.151767292,0.15176121,0.151802531,0.152063137,0.152448083,0.152810578,0.152941946,0.153111537,0.153171222,0.153310248,0.153373926,0.153536358,0.153652352,0.153901285,0.154131459,0.154220568,0.154258912,0.15437681,0.154545936,0.154817215,0.154826895,0.155159667,0.155027757,0.155007801,0.155462426,0.155563005,0.15563071,0.155759156,0.155923901,0.15628601,0.15652304,0.156564335,0.15697321,0.15693285,0.156974854,0.157339433,0.157503589,0.157679701,0.157888659,0.158157564,0.15829107,0.158288624,0.158639707,0.158826284,0.159135647,0.159099324,0.159341555,0.159230919,0.159268994,0.15955984,0.159695258,0.159877921,0.16025797,0.160270439,0.160428904,0.160509658,0.160544662,0.160777237,0.160880144,0.160946633,0.161084685,0.160814686,0.161284092,0.161711772,0.161406319,0.161462084,0.161467234,0.16187403,0.16198776,0.162074617,0.162148479,0.162148137,0.162059087,0.162195964,0.162564993,0.162913546,0.162953898,0.162743232,0.162577589,0.163206939,0.163442027,0.163471272,0.163520671,0.163055183,0.163259482,0.164014772,0.163471888,0.163843382,0.163595967,0.163646259,0.163906681,0.163726983,0.163780892,0.16387772,0.163636158,0.164209681,0.163804018,0.164224671,0.164056842,0.163878036,0.164335752,0.164352367,0.164225065,0.164575156,0.164875649,0.164307321,0.164216422,0.164973409,0.163812454,0.164247728,0.164310794,0.163551841,0.164638899,0.164726481,0.164291179,0.164630594,0.165265152,0.16472612,0.165243784,0.164664775,0.165653758,0.164971868,0.164062614,0.163469524,0.164547867,0.165542104,0.165328502,0.165058785,0.164994672,0.16508745,0.165090949,0.166368396,0.165533263,0.165149311,0.165586728,0.165378579,0.165644294,0.165288536,0.166226256,0.164824414,0.16469185,0.165629811,0.165445865,0.166303458,0.166272994,0.165846211,0.165518918,0.165434613,0.166369677,0.165586044,0.165659714,0.165585141,0.165959522,0.166043892,0.16619162,0.165736387,0.165579781,0.165805077,0.16609371,0.166076403,0.165979091,0.165451972,0.166260055,0.166160115,0.166479699,0.166593715,0.166408958,0.16640059,0.166972347,0.166749658,0.167143458,0.167058568,0.167160416,0.167303288,0.16732831,0.16734674,0.167225621,0.167321123,0.167484855,0.167258633,0.167460202,0.16806695,0.167969271,0.167915857,0.168257699,0.167914687,0.168068494,0.16784668,0.168257346,0.168429557,0.16846587,0.168283324,0.168584487,0.168367224,0.168504893,0.16843866,0.168467923,0.168944221,0.168927439,0.168404655,0.168750471,0.169092472,0.168678991,0.168983654,0.16873366,0.169240084,0.169126276,0.168586798,0.169391114,0.169515507,0.169329567,0.169587077,0.169418099,0.169793113,0.170119709,0.169748438,0.169750121,0.169605763,0.169700673,0.170459714,0.170022808,0.169380561,0.170940945,0.170291943,0.170505482,0.170725933,0.170404077,0.171636762,0.171645128,0.17103251,0.171855211,0.171301319,0.171594402,0.171465823,0.170631876,0.172120587,0.172605484,0.17131076,0.172317395,0.172108361,0.171896996,0.172172227,0.172069475,0.172939878,0.173318387,0.172462679,0.172794864,0.171834799,0.17197479,0.173768422,0.172455576,0.173685429,0.174446797,0.172521725,0.173606765,0.172960091,0.172441326,0.17434146,0.173688014,0.174560841,0.174469911,0.174377738,0.174800026,0.175310437,0.176500619,0.176500994,0.176225359,0.176303084,0.175696963,0.175694844,0.176378531,0.176827763,0.17727424,0.177362584,0.177182636,0.176933082,0.176306442,0.176378156,0.176191425,0.176234454,0.176495895,0.17688435,0.177196698,0.17803651,0.178276281,0.178278331,0.178284982,0.177769806,0.17776288,0.178457745,0.178560852,0.178285278,0.178722591,0.178741619,0.178256518,0.178830216,0.179414746,0.179306243,0.179035734,0.179150659,0.178854454,0.178810697,0.179191494,0.179170155,0.179083656,0.179135607,0.179207942,0.179192115,0.179032628,0.179193005,0.179157262,0.179108912,0.179466839,0.17944794,0.179552964,0.179959523,0.179999182,0.179770932,0.179812747,0.180026743,0.180192635,0.180743012,0.181185231,0.181114228,0.181183384,0.181222423,0.181224905,0.181352072,0.181088486,0.180921114,0.18087479,0.180788438,0.180649061,0.180887626,0.181199217,0.181069008,0.181177682,0.181072293,0.180781168,0.180695876,0.181019242,0.181287734,0.181349364,0.181327325,0.181522035,0.181922267,0.18191049,0.181887978,0.182129902,0.182630989,0.182746566,0.182811713,0.183208172,0.183223805,0.183163597,0.183264649,0.183360395,0.183221139,0.183057481,0.183078634,0.183236929,0.183440772,0.183456766,0.183350343,0.1832327,0.183175807,0.183017115,0.183072671,0.183219133,0.183399387,0.183660743,0.183811797,0.183909006,0.18378523,0.183698942,0.18372428,0.183800134,0.183806187,0.183915983,0.183789413,0.183610609,0.183589692,0.183778587,0.183745404,0.184000327,0.184258289,0.184249048,0.184233447,0.184236697,0.183929746,0.183832635,0.183698301,0.183729697,0.183643198,0.183570628,0.183866563,0.183891234,0.183946965,0.184025807,0.184169437,0.184023669,0.183750328,0.183637356,0.183624103,0.183402344,0.183254162,0.183285054,0.183534227,0.183649833,0.183511264,0.183633074,0.183813758,0.183670784,0.183615328,0.183705282,0.183632888,0.183404713,0.183364825,0.183254164,0.183141362,0.183377827,0.183396494,0.18340686,0.183519624,0.183573391,0.183743404,0.183999509,0.184084285,0.184074102,0.184230728,0.184105228,0.184118595,0.184152395,0.184261004,0.184449317,0.184565269,0.184552651,0.184941707,0.185116767,0.185097397,0.185296573,0.185485644,0.185465558,0.18541472,0.185392073,0.185759872,0.185877947,0.185893737,0.186230306,0.186325818,0.186403955,0.186628058,0.187038383,0.187238869,0.187139274,0.187049882,0.187208697,0.187272042,0.187448443,0.187602606,0.18774579,0.18812094,0.188274734,0.188432355,0.188593138,0.188637557,0.188728634,0.188994729,0.189045515,0.189104822,0.189055652,0.188893919,0.189110072,0.1893814,0.189572331,0.189781428,0.189978988,0.189798358,0.189897005,0.190077049,0.190389346,0.190562751,0.190736178,0.190918754,0.19108258,0.191055458,0.191157942,0.191125011,0.190965728,0.191097267,0.191509606,0.191686568,0.19204936,0.192270376,0.192611782,0.192804021,0.192810486,0.19299807,0.193411104,0.193408095,0.193529576,0.193791887,0.193832248,0.193777134,0.193746732,0.19392,0.194113566,0.194290369,0.194584637,0.19508402,0.195228593,0.195164688,0.195321055,0.195615209,0.195772836,0.195822707,0.195924945,0.196203846,0.196224392,0.196577176,0.196723159,0.196762824,0.196628502,0.196740473,0.197055776,0.197181198,0.197150898,0.197261658,0.197293525,0.197385887,0.197690367,0.197863844,0.197867884,0.198189909,0.198736882,0.199021833,0.199171649,0.19941823,0.199642843,0.199703144,0.199915608,0.200078632,0.200033183,0.199937477,0.200111775,0.200435449,0.200510583,0.20060651,0.20075861,0.200788088,0.200816824,0.200870964,0.201010238,0.20098186,0.201076329,0.201516021,0.201623646,0.201515826,0.201511423,0.201339036,0.201265841,0.20163932,0.201735766,0.201504315,0.201412003,0.201269295,0.20114209,0.20120871,0.201267297,0.201301623,0.201334801,0.201433549,0.201665566,0.201702348,0.201510192,0.201493754,0.201512651,0.201360122,0.201289784,0.201173428,0.200850438,0.200747836,0.200969609,0.200797259,0.200370143,0.200159356,0.199832997,0.199579792,0.199748838,0.199683016,0.199388374,0.199145108,0.19912165,0.19923322,0.199008877,0.198838919,0.198674217,0.198209244,0.198014189,0.198237495,0.198104812,0.197633624,0.19746273,0.197324161,0.197110242,0.197158286,0.197073414,0.196726965,0.196425432,0.196292649,0.196112876,0.195931277,0.195805311,0.195589368,0.195475752,0.19546434,0.195472144,0.195272116,0.195002012,0.194936348,0.194769327,0.194492236,0.194402949,0.194221615,0.193853745,0.193532214,0.193165568,0.192802493,0.192436777,0.192085597,0.191873422,0.191487805,0.191005154,0.19038091,0.189476088,0.188784553,0.188509694,0.187775208,0.186944538,0.185943407,0.184667094,0.183482812,0.182319163,0.181054357,0.179702981,0.178245123,0.176795828,0.175316955,0.173711089,0.172025635,0.170364142,0.168585756,0.166865601,0.165133998,0.163275565,0.16144764,0.159692968,0.157876813,0.15591255,0.153941691,0.15212605,0.150269527,0.148664713,0.14719083,0.145736723,0.144140708,0.142692339,0.141204639,0.139882524,0.138611829,0.137325909,0.13625307,0.135126084,0.134055975,0.133144731,0.132191791,0.131211217,0.130541793,0.129899366,0.129204659,0.128630296,0.128028243,0.127258527,0.126694324,0.126241668,0.125728418,0.125226961,0.124846506,0.124524715,0.124177988,0.123999808,0.123599582,0.123017457,0.122589886,0.122208637,0.121898913,0.121541093,0.121292705,0.12123309,0.121043288,0.120947729,0.120786829,0.12054959,0.120530512,0.12060033,0.120520374,0.120584316,0.12057469,0.120680527,0.120893435,0.121125772,0.121460493,0.121723328,0.121658967,0.121919518,0.122174008,0.12236449,0.122592997,0.122748245,0.122652548,0.122844351,0.122889592,0.123150223,0.123745582,0.12406969,0.124376115,0.124810506,0.125035325,0.125369341,0.125833213,0.126232291,0.126752745,0.127251242,0.127824153,0.128414986,0.128952102,0.129575867,0.130298428,0.130892914,0.131470425,0.13210695,0.132437738,0.132918876,0.133484547,0.133881319,0.134588359,0.135165269,0.13577391,0.136415162,0.136938584,0.13762774,0.138458977,0.138903078,0.139648288,0.140335793,0.141147213,0.141772164,0.142545927,0.143344261,0.144086047,0.144654196,0.145413379,0.145983282,0.14675397,0.147430936,0.14825213,0.149063732,0.149914052,0.150562834,0.151400318,0.152145236,0.152893321,0.15357996,0.154290125,0.154835552,0.155510857,0.156077315,0.156620975,0.157404975,0.158193344,0.158690634,0.159221042,0.159450826,0.160157252,0.160840211,0.161334274,0.162087035,0.162790196,0.163387085,0.163960779,0.164707771,0.165242619,0.165581332,0.166177868,0.166645614,0.167309307,0.168085989,0.16859961,0.169221056,0.16969701,0.170433073,0.170774604,0.171364247,0.171895754,0.172407751,0.17298676,0.17348904,0.17407474,0.174771889,0.175323844,0.176028158,0.176518208,0.176918944,0.177463643,0.17799714,0.178426575,0.179015775,0.179435775,0.179838741,0.180533027,0.181067054,0.181529884,0.182121263,0.182557434,0.182950574,0.183483245,0.183899121,0.184227618,0.184569425,0.185004229,0.185438463,0.186155128,0.186511586,0.186811803,0.187148815,0.187509307,0.187903552,0.188239949,0.188621429,0.188880497,0.189392973,0.18994467,0.19036433,0.190629532,0.191063285,0.191268766,0.191569182,0.191911927,0.192181692,0.192380706,0.192726867,0.193050572,0.193339867,0.193777824,0.194251169,0.194531902,0.194789694,0.194725118,0.195165478,0.195559737,0.195852267,0.196335233,0.196530316,0.196709389,0.196911915,0.197118766,0.197345922,0.197652934,0.197637022,0.197885729,0.198269445,0.198512624,0.198713364,0.199215246,0.199594394,0.199860956,0.199998505,0.200049969,0.200328952,0.200654635,0.201009417,0.201643005,0.201779714,0.201821761,0.202036437,0.201935048,0.202050706,0.202014511,0.20226405,0.202804602,0.203137617,0.20344091,0.203641805,0.203723983,0.203992005,0.204094707,0.204236477,0.204305348,0.204596341,0.204930358,0.204948311,0.204940336,0.205226539,0.205506306,0.205544134,0.205784111,0.206152315,0.206434649,0.206680739,0.206891903,0.206893364,0.206863864,0.207101654,0.207439901,0.20764038,0.207855243,0.208154121,0.208296516,0.208455974,0.208630506,0.208522323,0.208412524,0.208607576,0.20871872,0.208756313,0.2090763,0.20938171,0.209394401,0.209369837,0.209451386,0.209465662,0.20954186,0.209631545,0.209932582,0.209961843,0.209811761,0.20988687,0.209727803,0.209718601,0.210006294,0.210123527,0.209996535,0.210080443,0.210015116,0.210067077,0.210381831,0.210451553,0.21044144,0.210401093,0.210328996,0.210366169,0.210284891,0.210405919,0.210282123,0.210414285,0.210586257,0.210537477,0.21059066,0.210422358,0.210360247,0.210422691,0.210385186,0.210267941,0.210111473,0.21006215,0.209930891,0.210141523,0.210229578,0.209814896,0.209640793,0.209903975,0.209942543,0.209655461,0.209427665,0.209357996,0.209273443,0.208802736,0.208627231,0.208177654,0.207749397,0.207600875,0.20760915,0.207002504,0.206842992,0.206870595,0.206408229,0.206255882,0.206192265,0.205949619,0.205721078,0.205227119,0.204864724,0.204184326,0.203946777,0.203770282,0.203651916,0.203495929,0.203360098,0.203126046,0.202484826,0.201793994,0.201681743,0.201369228,0.201194407,0.20125903,0.200999737,0.200652362,0.200501898,0.200406447,0.199895807,0.199346086,0.198945454,0.198444409,0.198374843,0.197836448,0.197564695,0.197320633,0.196847589,0.1966606,0.19653909,0.196436564,0.196406066,0.195843342,0.195205743,0.194679064,0.19439968,0.194142804,0.193915963,0.193758529,0.19347205,0.193051779,0.192798217,0.192563026,0.192111149,0.191719486,0.191790519,0.19134642,0.191165726,0.191139939,0.191240884,0.191118094,0.190627374,0.190378111,0.190439419,0.190296851,0.189930569,0.189551523,0.189608073,0.189383004,0.189537332,0.189418311,0.189131919,0.188893916,0.188504727,0.188479519,0.188512857,0.188469876,0.18876551,0.189207134,0.189242478,0.189318241,0.189106139,0.188952092,0.188781885,0.189151757,0.189374706,0.189187573,0.189459364,0.189807849,0.189830907,0.190175947,0.190433869,0.190972594,0.191111126,0.19129483,0.191127117,0.191105323,0.191272246,0.190910179,0.190775206,0.190522394,0.189860232,0.189189071,0.189325812,0.189483494,0.189661606,0.190318864,0.190218201,0.190023736,0.190712504,0.190398417,0.189901207,0.189383313,0.189869198,0.189594697,0.188850399,0.188657567,0.188359965,0.187486917,0.187209789,0.187703926,0.186986404,0.186964808,0.186886959,0.186425749,0.186511021,0.186292138,0.185966938,0.184521767,0.183748034,0.18321925,0.181823307,0.181188757,0.181246659,0.18025286,0.179713422,0.179608991,0.178149365,0.176368831,0.174483969,0.172644102,0.170986161,0.168707985,0.167023907,0.165554974,0.164002066,0.162804852,0.161186141,0.159259584,0.157357107,0.154582627,0.152322232,0.149896388,0.148090883,0.145456954,0.142859908,0.140641936,0.136667082,0.133630255,0.130838908,0.127750531,0.125252854,0.122358855,0.119195399,0.115975095,0.113280792,0.110501361,0.107761728,0.105481822,0.103177401,0.101135664,0.098347864,0.096081773,0.094440125,0.092052937,0.089874549,0.08805551,0.085610499,0.08358309,0.081254448,0.07927074,0.077333888,0.075627595,0.074759244,0.074019609,0.073155762,0.07237068,0.071296614,0.070448776,0.069496382,0.068794083,0.068028764,0.066902793,0.065661636,0.064801651,0.064745602,0.064070268,0.063697788,0.063684205,0.063089322,0.062495558,0.061744385,0.061763956,0.061297513,0.060734549,0.060790863,0.0608186,0.060581512,0.060243706,0.060039186,0.059256011,0.058647847,0.058314424,0.058226233,0.057738075,0.057549942,0.057412873,0.057141057,0.057364524,0.057378712,0.057572537,0.057791756,0.057595278,0.057786738,0.058108968,0.058592688,0.059163614,0.059805085,0.060341396,0.06040492,0.060497559,0.060647986,0.060614843,0.060806027,0.060867878,0.060936836,0.061223557,0.061837429,0.062232033,0.062479608,0.062758752,0.062941963,0.063551001,0.064375339,0.064799582,0.065033074,0.0653243,0.06567948,0.065804761,0.066083118,0.066673067,0.067136716,0.067764575,0.068393392,0.068219678,0.068022973,0.067971504,0.06816356,0.069499898,0.070839609,0.071665503,0.072786285,0.073266344,0.072759546,0.072900987,0.073148071,0.073024054,0.073639916,0.074881811,0.075675764,0.076494533,0.077216653,0.0778148,0.078697535,0.08004826,0.080990929,0.081505072,0.082273474,0.082924648,0.083632464,0.083597083,0.084209518,0.084871977,0.085095073,0.086185773,0.087390825,0.087785584,0.087687845,0.08813281,0.088282405,0.089055622,0.090510263,0.091198249,0.092121681,0.093351539,0.094296966,0.095550575,0.096116124,0.096183111,0.0962847,0.096057692,0.096308823,0.096756237,0.097499533,0.09872538,0.099355055,0.100270296,0.10092841,0.101165059,0.101689095,0.101978225,0.102447448,0.103048674,0.10355179,0.104250381,0.105044814,0.105519967,0.106534674,0.10728767,0.107976035,0.108496011,0.108630234,0.108877428,0.109255013,0.109073174,0.109826428,0.110277678,0.110630622,0.110577388,0.111334007,0.111925951,0.112335351,0.113166549,0.113819124,0.114744599,0.115261635,0.116340465,0.116364606,0.115624785,0.115967894,0.116191564,0.11661061,0.117509035,0.118630141,0.119121616,0.119898173,0.120160501,0.120985498,0.120973014,0.121438939,0.121712615,0.121909063,0.122113742,0.121905124,0.121798046,0.121802242,0.122365094,0.123493169,0.124476225,0.124744574,0.125648599,0.126400775,0.126784487,0.127370831,0.127890905,0.128282021,0.128664561,0.129521711,0.130429687,0.12975268,0.130089211,0.130659897,0.130118161,0.13059972,0.130809205,0.129850975,0.130585862,0.13259381,0.132615794,0.133390372,0.134038704,0.133337561,0.133524843,0.134310568,0.134543165,0.135864752,0.136463475,0.137353314,0.137502795,0.138436893,0.138484193,0.138350299,0.139422109,0.139509077,0.139039271,0.139347236,0.140587586,0.141207219,0.142519017,0.142833388,0.141766439,0.141840885,0.142212016,0.141908013,0.142987323,0.143573854,0.142665512,0.143023462,0.142381195,0.143099622,0.143965331,0.142663341,0.144193076,0.144197716,0.143857303,0.145480108,0.146080734,0.146091697,0.146631417,0.145923717,0.145833684,0.145804389,0.14626062,0.14717735,0.146217678,0.14537578,0.146554185,0.147787934,0.148080696,0.148662754,0.147494272,0.146591209,0.14691024,0.147134868,0.146899302,0.147798547,0.14751947,0.14876536,0.148783783,0.149817357,0.147286114,0.148910128,0.148603607,0.14935661,0.148500043,0.150833712,0.150357609,0.150620372,0.151585193,0.151587887,0.151146916,0.15091111,0.150153111,0.149294715,0.150580802,0.151284039,0.151027478,0.149870843,0.149781282,0.149190788,0.149897156,0.15220251,0.151725408,0.152396966,0.152135213,0.150914484,0.148768947,0.149717313,0.149554481,0.150216108,0.149752939,0.151052784,0.149355545,0.150691542,0.152723852,0.152490682,0.154261331,0.153570692,0.150297077,0.149410921,0.148713257,0.148209026,0.148354979,0.148366186,0.149320442,0.150746289,0.150461164,0.150999995,0.151870682,0.152183011,0.151436219,0.150778445,0.150506098,0.150322125,0.150029831,0.151224846,0.150239824,0.15075619,0.15204729,0.149516955,0.149936667,0.150372378,0.151554084,0.150751288,0.150992107,0.151847971,0.151343923,0.152231668,0.151061608,0.149900789,0.1494667,0.149238422,0.150237689,0.150348994,0.152444685,0.153400657,0.154313227,0.155175587,0.154125081,0.153376299,0.153354908,0.152417562,0.150401317,0.150664554,0.150107131,0.151245197,0.152217587,0.153146847,0.151516329,0.150484456,0.148603038,0.148288453,0.149855297,0.150705461,0.151983178,0.152004395,0.151535803,0.152167635,0.150247826,0.149541258,0.14910516,0.147561462,0.149028453,0.149498306,0.149272214,0.147002852,0.147022851,0.148144318,0.148467335,0.149153351,0.149619312,0.148673801,0.148671358,0.148261778,0.147779467,0.147128523,0.146724162,0.144727983,0.143385486,0.143035608,0.142989294,0.142567672,0.143637555,0.146309034,0.145562469,0.145339531,0.146139398,0.145607461,0.144653707,0.144767694,0.145649476,0.145776174,0.146205793,0.146482716,0.145823351,0.145630394,0.145069549,0.141383864,0.140320124,0.139661096,0.13971304,0.141376275,0.142284087,0.141984345,0.142108351,0.142799978,0.141673807,0.13868959,0.137348031,0.136662557,0.136441546,0.137782341,0.13766605,0.135863865,0.134763087,0.134401278,0.135755642,0.136242113,0.137251969,0.138407592,0.137720551,0.137159379,0.135850071,0.133631923,0.130755802,0.129512701,0.128917293,0.128826084,0.129679455,0.129782505,0.129476975,0.12819024,0.125596475,0.126207843,0.127739984,0.127904817,0.125241025,0.124710855,0.125476538,0.12251751,0.122940169,0.125914089,0.124249836,0.123143319,0.126315261,0.127488748,0.127010377,0.126592761,0.124197835,0.121249023,0.120843393,0.122097556,0.121977098,0.121500006,0.120625437,0.117670973,0.116348912,0.116785502,0.117058358,0.118538652,0.120111358,0.120686153,0.124667049,0.124816551,0.121478707,0.121393134,0.118211228,0.115794833,0.115980733,0.116085795,0.115985305,0.115236905,0.116350906,0.116618919,0.116346955,0.11438686,0.112557257,0.110165652,0.103631688,0.10307195,0.105347104,0.106787032,0.111665627,0.111253675,0.107028899,0.108316291,0.112009745,0.112567711,0.114348662,0.115244649,0.112257395,0.110840218,0.109547678,0.10904707,0.108722346,0.107446447,0.105375931,0.104726917,0.104677031,0.102625549,0.104797756,0.095721237,0.091201003,0.085643963,0.078772012,0.087698398,0.089588651,0.092165182,0.09716374,0.096680887,0.096254816,0.094749712,0.093138479,0.085760293,0.075966751,0.070315344,0.069840523,0.074331304,0.077372203,0.082065121,0.083793089,0.079951419,0.083780424,0.08267984,0.079187614,0.077104315,0.074450298,0.073374704,0.073046469,0.071845341,0.069540464,0.068498375,0.074855786,0.086039163,0.089827344,0.092267741,0.093633704,0.091561029,0.091984727,0.084349,0.075019849,0.066972724,0.063780919,0.070138126,0.078375135,0.083274302,0.08358059,0.086023395,0.084568376,0.081285524,0.076014671,0.069233743,0.065685635,0.062947716,0.058491665,0.056663739,0.053675941,0.053100212,0.050713467,0.050415718,0.056779296,0.071276516,0.088792439,0.101836236,0.103055184,0.092013989,0.075587988,0.068802251,0.067831484,0.062953956,0.053934885,0.046667269,0.043227127,0.042452333,0.041837854,0.047605125,0.061225955,0.065360916,0.0580686,0.055977404,0.047573758,0.04394723,0.06352851,0.071075441,0.071672717,0.073095594,0.063141021,0.054027622,0.041010472,0.052021396,0.067149102,0.058541123,0.067058553,0.062357753,0.04191435,0.060535367,0.07649,0.066825592,0.067899481,0.054064414